c Instance Type c
c
n 900
c w	 v1	 v2
i 196	 521 	 606 
i 286	 187 	 270 
i 329	 187 	 209 
i 539	 260 	 214 
i 816	 478 	 543 
i 523	 968 	 927 
i 179	 996 	 990 
i 905	 956 	 941 
i 269	 525 	 446 
i 630	 517 	 557 
i 92	 863 	 943 
i 178	 799 	 736 
i 265	 727 	 729 
i 433	 382 	 292 
i 845	 625 	 699 
i 810	 471 	 449 
i 805	 737 	 751 
i 756	 266 	 261 
i 223	 645 	 694 
i 679	 743 	 718 
i 526	 480 	 473 
i 301	 391 	 420 
i 994	 556 	 638 
i 300	 125 	 93 
i 878	 173 	 110 
i 284	 948 	 1047 
i 987	 408 	 469 
i 164	 917 	 929 
i 765	 454 	 510 
i 476	 228 	 220 
i 892	 564 	 662 
i 208	 981 	 939 
i 709	 667 	 624 
i 726	 588 	 605 
i 797	 894 	 886 
i 738	 173 	 222 
i 74	 173 	 219 
i 981	 889 	 968 
i 367	 499 	 531 
i 500	 307 	 234 
i 10	 720 	 626 
i 988	 711 	 658 
i 614	 970 	 1059 
i 152	 335 	 370 
i 33	 855 	 849 
i 104	 378 	 320 
i 174	 153 	 109 
i 49	 807 	 760 
i 486	 716 	 742 
i 707	 416 	 342 
i 392	 540 	 468 
i 68	 568 	 494 
i 34	 780 	 828 
i 287	 735 	 814 
i 124	 446 	 531 
i 425	 866 	 772 
i 473	 164 	 105 
i 256	 417 	 367 
i 936	 653 	 700 
i 281	 327 	 316 
i 764	 445 	 512 
i 279	 571 	 652 
i 33	 688 	 775 
i 734	 461 	 406 
i 112	 369 	 338 
i 961	 305 	 359 
i 22	 334 	 283 
i 366	 516 	 516 
i 976	 742 	 730 
i 219	 510 	 554 
i 595	 906 	 903 
i 114	 762 	 814 
i 762	 678 	 737 
i 157	 624 	 630 
i 447	 825 	 853 
i 666	 246 	 266 
i 916	 935 	 960 
i 373	 266 	 364 
i 83	 713 	 806 
i 532	 215 	 152 
i 427	 856 	 912 
i 161	 399 	 478 
i 799	 190 	 221 
i 377	 898 	 961 
i 181	 481 	 433 
i 333	 164 	 249 
i 261	 702 	 770 
i 435	 370 	 313 
i 113	 364 	 323 
i 231	 336 	 402 
i 71	 503 	 454 
i 395	 310 	 293 
i 484	 218 	 161 
i 370	 804 	 823 
i 787	 639 	 694 
i 847	 872 	 793 
i 513	 808 	 781 
i 805	 669 	 730 
i 91	 862 	 945 
i 344	 240 	 169 
i 785	 979 	 922 
i 11	 320 	 342 
i 131	 694 	 613 
i 910	 888 	 881 
i 505	 529 	 479 
i 362	 330 	 250 
i 146	 427 	 450 
i 774	 756 	 740 
i 620	 583 	 585 
i 765	 510 	 580 
i 742	 643 	 670 
i 978	 838 	 867 
i 634	 495 	 551 
i 509	 582 	 620 
i 979	 998 	 937 
i 227	 335 	 346 
i 583	 425 	 465 
i 309	 972 	 967 
i 840	 457 	 376 
i 290	 911 	 983 
i 888	 781 	 802 
i 706	 461 	 477 
i 139	 150 	 93 
i 668	 844 	 889 
i 666	 569 	 610 
i 918	 744 	 830 
i 273	 351 	 354 
i 242	 977 	 1042 
i 632	 513 	 546 
i 532	 601 	 692 
i 286	 479 	 547 
i 680	 129 	 139 
i 724	 649 	 686 
i 549	 844 	 815 
i 65	 603 	 507 
i 777	 343 	 431 
i 48	 285 	 227 
i 23	 745 	 736 
i 476	 591 	 508 
i 28	 294 	 318 
i 442	 255 	 336 
i 463	 116 	 133 
i 70	 605 	 567 
i 894	 328 	 399 
i 448	 646 	 730 
i 709	 666 	 706 
i 906	 615 	 664 
i 620	 806 	 860 
i 160	 323 	 272 
i 367	 402 	 357 
i 529	 953 	 996 
i 535	 870 	 806 
i 92	 503 	 452 
i 336	 779 	 707 
i 938	 655 	 673 
i 563	 588 	 548 
i 131	 323 	 264 
i 913	 990 	 1055 
i 153	 788 	 885 
i 480	 119 	 89 
i 428	 364 	 440 
i 282	 113 	 96 
i 723	 273 	 274 
i 476	 495 	 563 
i 88	 623 	 679 
i 625	 260 	 229 
i 863	 528 	 523 
i 852	 712 	 690 
i 614	 559 	 567 
i 624	 547 	 451 
i 909	 862 	 851 
i 911	 758 	 804 
i 95	 240 	 231 
i 528	 692 	 778 
i 105	 554 	 457 
i 273	 361 	 389 
i 742	 669 	 670 
i 419	 204 	 176 
i 922	 551 	 645 
i 414	 144 	 163 
i 260	 163 	 164 
i 987	 563 	 547 
i 133	 325 	 328 
i 786	 730 	 638 
i 286	 669 	 598 
i 567	 686 	 669 
i 196	 370 	 302 
i 300	 821 	 837 
i 795	 253 	 253 
i 832	 230 	 313 
i 892	 763 	 698 
i 402	 326 	 258 
i 643	 699 	 658 
i 340	 268 	 184 
i 968	 307 	 280 
i 616	 437 	 524 
i 908	 811 	 737 
i 707	 954 	 940 
i 867	 581 	 526 
i 3	 139 	 50 
i 736	 955 	 1045 
i 978	 222 	 192 
i 641	 368 	 467 
i 818	 631 	 598 
i 40	 705 	 666 
i 407	 144 	 228 
i 195	 976 	 1041 
i 144	 204 	 211 
i 673	 588 	 568 
i 705	 789 	 770 
i 654	 842 	 770 
i 780	 799 	 723 
i 70	 224 	 276 
i 656	 220 	 235 
i 325	 519 	 542 
i 363	 791 	 696 
i 337	 721 	 664 
i 442	 569 	 541 
i 978	 157 	 64 
i 742	 517 	 565 
i 566	 878 	 857 
i 340	 115 	 50 
i 468	 222 	 171 
i 591	 898 	 978 
i 52	 525 	 470 
i 816	 186 	 203 
i 503	 209 	 294 
i 20	 404 	 377 
i 72	 727 	 696 
i 529	 759 	 677 
i 392	 528 	 559 
i 397	 880 	 979 
i 522	 147 	 139 
i 408	 366 	 276 
i 874	 279 	 200 
i 958	 481 	 565 
i 70	 116 	 101 
i 399	 940 	 928 
i 93	 378 	 381 
i 821	 687 	 596 
i 292	 767 	 754 
i 157	 461 	 527 
i 199	 458 	 429 
i 486	 870 	 922 
i 676	 919 	 946 
i 93	 124 	 143 
i 100	 944 	 977 
i 32	 433 	 346 
i 334	 828 	 759 
i 982	 398 	 493 
i 721	 439 	 393 
i 116	 827 	 812 
i 506	 679 	 704 
i 361	 995 	 917 
i 270	 784 	 841 
i 285	 462 	 538 
i 223	 993 	 1088 
i 585	 696 	 598 
i 393	 754 	 722 
i 716	 894 	 859 
i 86	 875 	 784 
i 891	 227 	 159 
i 531	 606 	 640 
i 525	 274 	 180 
i 284	 373 	 333 
i 679	 185 	 202 
i 672	 967 	 1028 
i 331	 949 	 927 
i 55	 959 	 1016 
i 935	 377 	 377 
i 796	 668 	 685 
i 926	 711 	 706 
i 485	 856 	 758 
i 668	 563 	 570 
i 963	 591 	 654 
i 47	 858 	 857 
i 11	 490 	 424 
i 953	 319 	 319 
i 908	 669 	 680 
i 209	 479 	 477 
i 835	 926 	 883 
i 510	 560 	 502 
i 349	 986 	 1025 
i 858	 995 	 968 
i 398	 582 	 548 
i 239	 421 	 396 
i 666	 864 	 841 
i 901	 126 	 94 
i 530	 571 	 521 
i 944	 176 	 167 
i 862	 612 	 570 
i 368	 867 	 928 
i 353	 168 	 98 
i 347	 789 	 691 
i 877	 226 	 208 
i 227	 520 	 550 
i 74	 856 	 819 
i 92	 312 	 255 
i 609	 616 	 665 
i 683	 839 	 877 
i 247	 359 	 369 
i 99	 621 	 705 
i 164	 448 	 402 
i 926	 585 	 609 
i 57	 596 	 595 
i 518	 961 	 1005 
i 356	 650 	 709 
i 583	 931 	 1009 
i 152	 235 	 234 
i 971	 899 	 835 
i 250	 624 	 609 
i 824	 227 	 232 
i 203	 157 	 195 
i 736	 400 	 423 
i 283	 951 	 985 
i 240	 505 	 443 
i 846	 261 	 270 
i 769	 971 	 897 
i 908	 873 	 829 
i 795	 428 	 378 
i 374	 590 	 590 
i 505	 972 	 937 
i 557	 552 	 558 
i 882	 277 	 230 
i 828	 826 	 835 
i 273	 537 	 594 
i 441	 708 	 734 
i 409	 306 	 286 
i 266	 422 	 384 
i 623	 673 	 594 
i 163	 899 	 895 
i 132	 457 	 554 
i 629	 748 	 756 
i 816	 331 	 316 
i 621	 568 	 518 
i 101	 168 	 173 
i 772	 869 	 962 
i 992	 544 	 519 
i 343	 903 	 931 
i 976	 292 	 245 
i 863	 388 	 373 
i 253	 816 	 828 
i 970	 804 	 741 
i 219	 398 	 299 
i 733	 776 	 801 
i 798	 113 	 158 
i 651	 582 	 582 
i 139	 553 	 551 
i 31	 887 	 954 
i 235	 570 	 632 
i 546	 806 	 841 
i 340	 298 	 383 
i 120	 797 	 876 
i 442	 966 	 889 
i 191	 972 	 1042 
i 195	 640 	 669 
i 724	 399 	 359 
i 222	 844 	 831 
i 96	 393 	 387 
i 612	 248 	 288 
i 395	 970 	 920 
i 606	 681 	 699 
i 379	 618 	 659 
i 341	 528 	 458 
i 310	 633 	 601 
i 905	 501 	 508 
i 230	 190 	 142 
i 56	 457 	 453 
i 373	 848 	 863 
i 527	 377 	 315 
i 494	 115 	 132 
i 136	 338 	 276 
i 707	 863 	 877 
i 177	 605 	 687 
i 764	 740 	 684 
i 204	 156 	 81 
i 293	 634 	 605 
i 682	 867 	 849 
i 512	 408 	 465 
i 812	 923 	 885 
i 817	 205 	 266 
i 73	 726 	 814 
i 919	 897 	 926 
i 476	 516 	 581 
i 184	 438 	 456 
i 236	 635 	 693 
i 825	 748 	 665 
i 676	 176 	 229 
i 12	 543 	 499 
i 925	 352 	 270 
i 32	 630 	 712 
i 724	 458 	 554 
i 609	 408 	 488 
i 65	 985 	 960 
i 433	 831 	 843 
i 23	 467 	 526 
i 738	 284 	 308 
i 812	 362 	 322 
i 299	 157 	 119 
i 570	 408 	 355 
i 155	 492 	 445 
i 546	 413 	 511 
i 880	 400 	 420 
i 864	 315 	 348 
i 675	 652 	 571 
i 76	 265 	 189 
i 271	 976 	 1047 
i 554	 642 	 676 
i 606	 910 	 1004 
i 940	 298 	 306 
i 369	 509 	 548 
i 710	 748 	 696 
i 36	 742 	 666 
i 265	 388 	 485 
i 874	 980 	 1012 
i 49	 178 	 225 
i 22	 286 	 187 
i 620	 161 	 173 
i 519	 759 	 692 
i 730	 733 	 654 
i 179	 324 	 319 
i 896	 943 	 880 
i 606	 269 	 213 
i 917	 378 	 375 
i 895	 366 	 338 
i 972	 954 	 936 
i 170	 721 	 707 
i 226	 729 	 639 
i 955	 339 	 353 
i 655	 489 	 449 
i 895	 585 	 581 
i 832	 121 	 96 
i 11	 287 	 383 
i 311	 485 	 565 
i 598	 919 	 978 
i 548	 352 	 405 
i 235	 718 	 805 
i 929	 214 	 146 
i 188	 261 	 184 
i 613	 770 	 824 
i 147	 150 	 184 
i 158	 577 	 577 
i 357	 913 	 915 
i 778	 898 	 962 
i 687	 810 	 794 
i 959	 630 	 723 
i 642	 424 	 364 
i 758	 369 	 295 
i 927	 516 	 480 
i 669	 622 	 708 
i 713	 422 	 338 
i 239	 128 	 75 
i 141	 575 	 593 
i 28	 142 	 116 
i 814	 874 	 785 
i 399	 360 	 263 
i 752	 333 	 365 
i 44	 514 	 498 
i 499	 633 	 602 
i 75	 918 	 821 
i 424	 859 	 905 
i 444	 930 	 1023 
i 966	 252 	 174 
i 2	 781 	 708 
i 859	 223 	 313 
i 140	 276 	 246 
i 390	 293 	 213 
i 843	 882 	 811 
i 431	 366 	 394 
i 339	 676 	 719 
i 180	 692 	 620 
i 102	 452 	 469 
i 262	 425 	 435 
i 16	 524 	 534 
i 143	 646 	 628 
i 329	 603 	 613 
i 535	 915 	 1003 
i 402	 118 	 175 
i 690	 247 	 190 
i 326	 820 	 831 
i 980	 570 	 617 
i 365	 697 	 764 
i 719	 330 	 249 
i 184	 822 	 745 
i 786	 426 	 377 
i 341	 795 	 812 
i 246	 399 	 323 
i 254	 349 	 353 
i 408	 160 	 102 
i 207	 353 	 361 
i 724	 848 	 852 
i 384	 614 	 690 
i 631	 470 	 490 
i 432	 559 	 616 
i 787	 661 	 675 
i 557	 891 	 973 
i 881	 524 	 455 
i 149	 632 	 614 
i 205	 209 	 273 
i 478	 399 	 304 
i 307	 879 	 929 
i 873	 453 	 380 
i 277	 350 	 403 
i 781	 887 	 826 
i 401	 698 	 795 
i 279	 319 	 327 
i 743	 242 	 226 
i 330	 384 	 398 
i 440	 751 	 806 
i 765	 592 	 542 
i 630	 617 	 629 
i 15	 396 	 382 
i 285	 516 	 558 
i 159	 309 	 307 
i 819	 485 	 563 
i 54	 472 	 406 
i 202	 954 	 1036 
i 509	 441 	 389 
i 230	 950 	 987 
i 771	 751 	 741 
i 341	 977 	 892 
i 661	 587 	 505 
i 118	 973 	 948 
i 341	 717 	 724 
i 762	 266 	 237 
i 169	 171 	 153 
i 117	 323 	 345 
i 489	 248 	 172 
i 433	 465 	 435 
i 154	 185 	 109 
i 129	 585 	 577 
i 664	 656 	 580 
i 635	 740 	 688 
i 317	 188 	 204 
i 492	 666 	 634 
i 559	 984 	 986 
i 798	 460 	 485 
i 952	 115 	 38 
i 352	 223 	 233 
i 436	 534 	 574 
i 969	 642 	 708 
i 583	 163 	 162 
i 292	 273 	 199 
i 379	 487 	 476 
i 5	 115 	 203 
i 986	 421 	 420 
i 380	 876 	 835 
i 385	 547 	 497 
i 511	 651 	 671 
i 987	 252 	 159 
i 585	 878 	 779 
i 644	 728 	 746 
i 827	 281 	 357 
i 251	 398 	 350 
i 257	 797 	 750 
i 606	 744 	 694 
i 467	 299 	 325 
i 957	 564 	 467 
i 566	 787 	 792 
i 725	 433 	 436 
i 588	 466 	 386 
i 283	 472 	 521 
i 475	 997 	 1011 
i 798	 893 	 957 
i 571	 236 	 152 
i 284	 472 	 509 
i 496	 697 	 627 
i 6	 371 	 293 
i 766	 387 	 422 
i 129	 857 	 837 
i 529	 428 	 526 
i 936	 519 	 473 
i 933	 294 	 343 
i 813	 804 	 813 
i 954	 648 	 571 
i 362	 720 	 700 
i 22	 442 	 521 
i 314	 579 	 659 
i 625	 679 	 712 
i 465	 392 	 451 
i 821	 750 	 715 
i 281	 741 	 693 
i 487	 984 	 923 
i 267	 760 	 661 
i 871	 357 	 449 
i 558	 461 	 426 
i 930	 817 	 786 
i 458	 726 	 758 
i 98	 639 	 596 
i 414	 345 	 395 
i 134	 166 	 180 
i 842	 457 	 527 
i 825	 691 	 658 
i 556	 866 	 887 
i 833	 875 	 870 
i 228	 843 	 750 
i 24	 244 	 337 
i 715	 552 	 536 
i 310	 251 	 255 
i 574	 505 	 592 
i 636	 284 	 197 
i 26	 792 	 874 
i 678	 662 	 709 
i 527	 964 	 922 
i 387	 614 	 539 
i 211	 149 	 120 
i 360	 181 	 156 
i 857	 151 	 69 
i 16	 529 	 509 
i 459	 993 	 1088 
i 654	 936 	 958 
i 421	 997 	 1024 
i 41	 919 	 882 
i 1	 685 	 753 
i 566	 946 	 892 
i 610	 170 	 158 
i 690	 486 	 546 
i 735	 822 	 853 
i 206	 905 	 939 
i 198	 375 	 301 
i 127	 354 	 411 
i 124	 899 	 840 
i 33	 577 	 526 
i 678	 858 	 807 
i 618	 719 	 782 
i 685	 923 	 908 
i 107	 426 	 349 
i 907	 249 	 319 
i 801	 835 	 746 
i 99	 544 	 495 
i 374	 663 	 639 
i 261	 474 	 475 
i 785	 659 	 666 
i 626	 880 	 823 
i 311	 213 	 279 
i 225	 938 	 941 
i 579	 428 	 453 
i 735	 531 	 537 
i 550	 399 	 366 
i 39	 450 	 436 
i 659	 677 	 738 
i 68	 128 	 41 
i 684	 577 	 647 
i 550	 165 	 161 
i 665	 357 	 415 
i 596	 210 	 113 
i 953	 671 	 689 
i 426	 339 	 305 
i 751	 814 	 890 
i 134	 223 	 306 
i 770	 609 	 624 
i 789	 438 	 467 
i 314	 499 	 465 
i 376	 369 	 445 
i 653	 796 	 805 
i 765	 610 	 538 
i 396	 624 	 542 
i 653	 264 	 268 
i 444	 558 	 512 
i 570	 452 	 433 
i 131	 380 	 315 
i 499	 894 	 987 
i 936	 580 	 535 
i 227	 874 	 905 
i 998	 768 	 729 
i 560	 364 	 278 
i 138	 490 	 483 
i 311	 574 	 498 
i 814	 148 	 161 
i 198	 390 	 317 
i 501	 750 	 703 
i 383	 907 	 960 
i 911	 876 	 916 
i 770	 236 	 321 
i 510	 818 	 903 
i 795	 204 	 201 
i 223	 269 	 294 
i 744	 686 	 773 
i 786	 795 	 845 
i 101	 409 	 498 
i 820	 530 	 520 
i 716	 768 	 834 
i 577	 560 	 608 
i 718	 296 	 299 
i 514	 233 	 138 
i 619	 169 	 233 
i 796	 603 	 511 
i 444	 271 	 328 
i 214	 215 	 229 
i 549	 882 	 917 
i 22	 837 	 836 
i 760	 349 	 291 
i 266	 200 	 257 
i 474	 862 	 863 
i 612	 431 	 334 
i 677	 454 	 481 
i 232	 295 	 282 
i 411	 334 	 409 
i 529	 145 	 63 
i 397	 656 	 684 
i 214	 367 	 399 
i 482	 807 	 792 
i 583	 995 	 1033 
i 429	 807 	 740 
i 789	 368 	 423 
i 176	 385 	 376 
i 383	 953 	 990 
i 634	 451 	 370 
i 673	 344 	 369 
i 287	 427 	 331 
i 575	 998 	 945 
i 359	 700 	 743 
i 354	 189 	 149 
i 138	 803 	 849 
i 427	 951 	 955 
i 736	 753 	 792 
i 684	 268 	 184 
i 67	 878 	 920 
i 330	 965 	 942 
i 685	 633 	 667 
i 684	 653 	 603 
i 348	 864 	 885 
i 436	 615 	 707 
i 216	 884 	 804 
i 161	 645 	 650 
i 882	 219 	 171 
i 61	 839 	 928 
i 924	 910 	 812 
i 885	 656 	 624 
i 473	 112 	 17 
i 84	 712 	 754 
i 931	 935 	 847 
i 499	 587 	 586 
i 369	 554 	 596 
i 969	 644 	 718 
i 92	 224 	 275 
i 910	 457 	 520 
i 809	 410 	 457 
i 424	 422 	 447 
i 426	 728 	 647 
i 104	 753 	 689 
i 31	 498 	 420 
i 567	 552 	 574 
i 66	 994 	 1090 
i 666	 738 	 828 
i 793	 624 	 532 
i 184	 407 	 497 
i 520	 242 	 294 
i 871	 900 	 837 
i 566	 567 	 589 
i 289	 654 	 697 
i 724	 817 	 866 
i 222	 918 	 880 
i 215	 575 	 550 
i 920	 559 	 468 
i 498	 515 	 582 
i 831	 554 	 458 
i 979	 512 	 520 
i 867	 301 	 283 
i 381	 468 	 563 
i 992	 124 	 77 
i 786	 761 	 859 
i 695	 535 	 477 
i 217	 814 	 799 
i 721	 262 	 231 
i 177	 302 	 371 
i 675	 158 	 193 
i 127	 178 	 209 
i 342	 659 	 663 
i 743	 138 	 219 
i 758	 119 	 198 
i 490	 357 	 393 
i 967	 350 	 325 
i 759	 540 	 559 
i 929	 921 	 884 
i 146	 341 	 339 
i 200	 205 	 138 
i 275	 807 	 766 
i 892	 502 	 529 
i 922	 968 	 944 
i 932	 884 	 811 
i 210	 793 	 818 
i 480	 512 	 531 
i 962	 849 	 820 
i 874	 490 	 446 
i 134	 772 	 758 
i 240	 323 	 348 
i 24	 473 	 553 
i 464	 737 	 796 
i 429	 415 	 458 
i 299	 754 	 784 
i 67	 878 	 950 
i 518	 548 	 516 
i 349	 189 	 149 
i 775	 505 	 440 
i 520	 758 	 720 
i 759	 252 	 262 
i 168	 811 	 826 
i 871	 726 	 634 
i 214	 545 	 538 
i 937	 295 	 348 
i 800	 874 	 941 
i 292	 751 	 721 
i 381	 166 	 206 
i 824	 437 	 432 
i 554	 595 	 694 
i 712	 873 	 924 
i 501	 475 	 559 
i 194	 988 	 1047 
i 682	 135 	 37 
i 889	 553 	 642 
i 748	 347 	 396 
i 470	 201 	 109 
i 532	 515 	 499 
i 898	 250 	 199 
i 444	 674 	 733 
i 302	 672 	 674 
i 712	 456 	 358 
i 699	 389 	 330 
i 726	 208 	 285 
i 224	 217 	 272 
i 490	 170 	 175 
i 591	 835 	 934 
i 47	 870 	 875 
i 203	 356 	 341 
i 837	 574 	 648 
i 469	 395 	 329 
i 858	 851 	 928 
i 172	 862 	 878 
i 282	 157 	 119 
i 401	 947 	 954 
i 468	 751 	 656 
i 283	 330 	 353 
i 138	 328 	 360 
i 413	 798 	 871 
i 934	 288 	 328 
i 255	 174 	 108 
i 88	 328 	 234 
i 933	 226 	 166 
i 985	 746 	 742 
i 927	 134 	 210 
i 647	 610 	 580 
i 894	 633 	 660 
i 139	 292 	 346 
i 911	 881 	 818 
i 112	 762 	 686 
i 184	 498 	 473 
i 428	 651 	 643 
i 559	 678 	 657 
i 274	 858 	 834 
i 301	 399 	 360 
i 862	 296 	 387 
i 450	 610 	 680 
i 654	 286 	 383 
i 521	 973 	 1053 
i 253	 250 	 152 
i 688	 357 	 296 
i 296	 690 	 715 
i 934	 213 	 149 
i 774	 565 	 556 
i 99	 904 	 955 
i 308	 289 	 313 
i 869	 250 	 164 
i 67	 118 	 163 
i 38	 997 	 946 
i 194	 910 	 909 
i 470	 922 	 859 
i 123	 208 	 204 
i 238	 764 	 747 
i 748	 927 	 865 
i 641	 446 	 404 
i 842	 231 	 250 
i 999	 784 	 777 
i 8	 847 	 853 
i 6	 603 	 617 
i 904	 822 	 874 
i 817	 376 	 323 
i 926	 543 	 514 
i 661	 972 	 991 
i 579	 454 	 422 
i 956	 624 	 720 
i 93	 883 	 948 
i 849	 525 	 590 
i 678	 941 	 1007 
i 233	 527 	 594 
i 33	 146 	 194 
i 331	 826 	 838 
i 817	 146 	 143 
i 786	 464 	 393 
i 173	 993 	 1038 
i 750	 410 	 446 
i 619	 396 	 451 
i 86	 241 	 266 
i 20	 976 	 936 
i 488	 828 	 835 
i 528	 685 	 698 
i 334	 457 	 536 
i 374	 956 	 999 
i 772	 499 	 499 
i 765	 631 	 666 
c
c
W 221857
c end of file