c Instance Type c
c
n 1000
c w	 v1	 v2
i 47	 200 	 115 
i 970	 569 	 638 
i 818	 447 	 401 
i 418	 470 	 559 
i 578	 111 	 150 
i 893	 750 	 811 
i 374	 742 	 803 
i 403	 491 	 516 
i 206	 697 	 748 
i 798	 551 	 451 
i 898	 558 	 468 
i 414	 629 	 533 
i 792	 494 	 561 
i 197	 735 	 686 
i 197	 687 	 753 
i 916	 421 	 466 
i 627	 248 	 168 
i 56	 966 	 966 
i 715	 637 	 679 
i 212	 423 	 424 
i 715	 426 	 407 
i 299	 471 	 535 
i 729	 489 	 511 
i 432	 346 	 408 
i 81	 574 	 475 
i 430	 426 	 510 
i 584	 184 	 194 
i 547	 274 	 295 
i 140	 722 	 686 
i 491	 465 	 471 
i 846	 917 	 866 
i 252	 389 	 398 
i 678	 231 	 186 
i 942	 776 	 817 
i 464	 607 	 664 
i 818	 614 	 557 
i 901	 546 	 606 
i 85	 147 	 116 
i 773	 686 	 683 
i 172	 972 	 1067 
i 78	 558 	 623 
i 392	 779 	 694 
i 527	 377 	 428 
i 276	 623 	 662 
i 834	 364 	 296 
i 401	 176 	 272 
i 890	 370 	 446 
i 931	 195 	 288 
i 578	 506 	 553 
i 548	 940 	 1022 
i 52	 922 	 1019 
i 803	 767 	 742 
i 103	 837 	 918 
i 679	 620 	 556 
i 963	 352 	 255 
i 38	 496 	 479 
i 330	 478 	 439 
i 425	 373 	 320 
i 869	 343 	 406 
i 802	 111 	 84 
i 715	 920 	 903 
i 454	 910 	 853 
i 271	 358 	 322 
i 843	 275 	 175 
i 116	 437 	 529 
i 548	 452 	 352 
i 962	 824 	 790 
i 258	 208 	 259 
i 519	 421 	 446 
i 520	 258 	 243 
i 431	 583 	 511 
i 330	 953 	 972 
i 608	 259 	 332 
i 793	 546 	 588 
i 161	 547 	 612 
i 545	 516 	 491 
i 348	 518 	 485 
i 457	 813 	 832 
i 806	 596 	 519 
i 972	 263 	 290 
i 504	 644 	 557 
i 452	 772 	 751 
i 619	 414 	 314 
i 109	 298 	 357 
i 599	 931 	 1022 
i 56	 778 	 778 
i 514	 224 	 294 
i 304	 525 	 486 
i 850	 167 	 90 
i 22	 270 	 187 
i 622	 835 	 853 
i 366	 895 	 803 
i 707	 358 	 390 
i 917	 362 	 416 
i 840	 183 	 157 
i 592	 146 	 131 
i 719	 594 	 681 
i 186	 462 	 410 
i 249	 737 	 655 
i 428	 840 	 763 
i 244	 918 	 965 
i 126	 555 	 475 
i 404	 594 	 656 
i 688	 294 	 339 
i 769	 979 	 992 
i 809	 419 	 351 
i 353	 798 	 873 
i 749	 745 	 658 
i 454	 961 	 923 
i 274	 155 	 203 
i 182	 257 	 353 
i 682	 912 	 834 
i 226	 115 	 117 
i 432	 835 	 775 
i 409	 593 	 687 
i 756	 209 	 265 
i 530	 352 	 278 
i 244	 245 	 321 
i 200	 303 	 270 
i 250	 582 	 603 
i 414	 352 	 410 
i 317	 339 	 333 
i 321	 437 	 476 
i 137	 895 	 821 
i 679	 186 	 194 
i 790	 161 	 120 
i 62	 855 	 920 
i 213	 974 	 887 
i 429	 869 	 822 
i 959	 279 	 282 
i 232	 821 	 907 
i 489	 636 	 586 
i 856	 169 	 183 
i 739	 791 	 832 
i 824	 907 	 884 
i 881	 499 	 434 
i 718	 763 	 710 
i 689	 608 	 598 
i 543	 671 	 746 
i 733	 910 	 977 
i 533	 483 	 397 
i 124	 424 	 435 
i 190	 647 	 630 
i 954	 266 	 196 
i 851	 895 	 990 
i 288	 349 	 420 
i 22	 506 	 521 
i 581	 717 	 670 
i 211	 229 	 291 
i 111	 122 	 130 
i 530	 868 	 783 
i 883	 931 	 871 
i 487	 540 	 517 
i 661	 909 	 877 
i 543	 158 	 96 
i 811	 139 	 135 
i 257	 903 	 903 
i 939	 528 	 444 
i 73	 766 	 725 
i 86	 598 	 579 
i 938	 192 	 279 
i 861	 260 	 324 
i 345	 438 	 399 
i 243	 784 	 877 
i 297	 201 	 203 
i 329	 374 	 338 
i 221	 803 	 818 
i 690	 362 	 365 
i 428	 438 	 456 
i 975	 701 	 736 
i 68	 174 	 196 
i 236	 118 	 113 
i 604	 848 	 912 
i 362	 232 	 144 
i 464	 204 	 176 
i 760	 659 	 696 
i 540	 946 	 1027 
i 823	 572 	 591 
i 191	 144 	 49 
i 855	 670 	 570 
i 926	 383 	 297 
i 934	 929 	 890 
i 763	 463 	 544 
i 900	 304 	 258 
i 6	 361 	 408 
i 622	 681 	 680 
i 561	 405 	 312 
i 81	 324 	 395 
i 120	 857 	 766 
i 748	 881 	 961 
i 55	 883 	 949 
i 975	 946 	 998 
i 372	 329 	 334 
i 589	 248 	 233 
i 870	 490 	 476 
i 513	 254 	 165 
i 843	 695 	 718 
i 84	 726 	 765 
i 922	 600 	 663 
i 789	 644 	 657 
i 658	 559 	 583 
i 598	 408 	 427 
i 843	 199 	 292 
i 997	 669 	 680 
i 424	 161 	 146 
i 586	 547 	 635 
i 243	 596 	 652 
i 935	 256 	 329 
i 486	 877 	 934 
i 86	 714 	 729 
i 590	 328 	 275 
i 924	 880 	 947 
i 24	 520 	 555 
i 652	 491 	 526 
i 708	 986 	 906 
i 200	 477 	 514 
i 746	 424 	 509 
i 909	 231 	 303 
i 771	 113 	 82 
i 451	 815 	 802 
i 695	 441 	 346 
i 560	 652 	 741 
i 21	 505 	 599 
i 449	 219 	 244 
i 433	 820 	 786 
i 845	 909 	 915 
i 198	 630 	 585 
i 334	 567 	 504 
i 336	 446 	 538 
i 129	 757 	 739 
i 501	 255 	 176 
i 110	 277 	 310 
i 554	 233 	 270 
i 676	 209 	 136 
i 474	 766 	 779 
i 372	 174 	 156 
i 956	 648 	 670 
i 469	 896 	 985 
i 846	 175 	 131 
i 573	 140 	 122 
i 735	 505 	 587 
i 922	 599 	 503 
i 61	 303 	 317 
i 172	 914 	 864 
i 908	 146 	 190 
i 979	 652 	 571 
i 584	 132 	 42 
i 468	 676 	 680 
i 541	 628 	 601 
i 574	 878 	 966 
i 18	 355 	 390 
i 567	 276 	 295 
i 783	 295 	 326 
i 687	 806 	 872 
i 727	 140 	 188 
i 337	 784 	 827 
i 360	 870 	 830 
i 996	 916 	 970 
i 578	 492 	 454 
i 442	 819 	 896 
i 716	 767 	 847 
i 902	 479 	 473 
i 111	 123 	 74 
i 892	 710 	 798 
i 925	 560 	 593 
i 682	 330 	 231 
i 536	 970 	 943 
i 443	 351 	 323 
i 871	 148 	 236 
i 668	 426 	 402 
i 407	 325 	 244 
i 821	 240 	 140 
i 836	 659 	 581 
i 511	 885 	 785 
i 17	 834 	 919 
i 264	 541 	 563 
i 230	 546 	 475 
i 500	 872 	 890 
i 542	 305 	 297 
i 897	 252 	 178 
i 139	 592 	 599 
i 284	 680 	 651 
i 900	 681 	 620 
i 772	 780 	 821 
i 586	 783 	 827 
i 71	 720 	 817 
i 561	 375 	 318 
i 418	 506 	 549 
i 637	 142 	 93 
i 796	 553 	 484 
i 339	 669 	 627 
i 978	 257 	 272 
i 620	 577 	 572 
i 373	 750 	 700 
i 129	 489 	 556 
i 814	 242 	 323 
i 112	 230 	 223 
i 557	 422 	 499 
i 592	 169 	 173 
i 90	 398 	 362 
i 718	 536 	 567 
i 883	 797 	 824 
i 408	 422 	 373 
i 127	 847 	 872 
i 552	 181 	 232 
i 700	 925 	 939 
i 835	 843 	 880 
i 186	 371 	 319 
i 251	 270 	 336 
i 575	 735 	 819 
i 55	 131 	 159 
i 827	 717 	 722 
i 178	 394 	 480 
i 6	 623 	 535 
i 85	 294 	 316 
i 1	 968 	 930 
i 824	 589 	 518 
i 117	 309 	 275 
i 296	 524 	 541 
i 998	 377 	 309 
i 23	 309 	 251 
i 704	 880 	 788 
i 24	 459 	 402 
i 600	 399 	 343 
i 806	 453 	 414 
i 771	 998 	 959 
i 309	 388 	 314 
i 532	 520 	 470 
i 997	 817 	 826 
i 297	 448 	 457 
i 521	 591 	 604 
i 387	 781 	 735 
i 778	 818 	 777 
i 104	 123 	 202 
i 489	 322 	 362 
i 488	 597 	 591 
i 799	 872 	 928 
i 261	 991 	 954 
i 56	 325 	 287 
i 435	 811 	 832 
i 975	 407 	 333 
i 729	 912 	 915 
i 525	 265 	 224 
i 539	 529 	 508 
i 777	 437 	 514 
i 325	 173 	 148 
i 181	 594 	 529 
i 171	 401 	 388 
i 412	 681 	 679 
i 200	 959 	 1044 
i 533	 612 	 692 
i 434	 728 	 754 
i 608	 298 	 229 
i 78	 561 	 600 
i 445	 916 	 910 
i 515	 817 	 876 
i 59	 262 	 357 
i 385	 418 	 347 
i 27	 806 	 818 
i 980	 354 	 405 
i 544	 289 	 247 
i 239	 202 	 247 
i 450	 763 	 729 
i 956	 902 	 884 
i 862	 632 	 703 
i 657	 164 	 138 
i 827	 873 	 858 
i 174	 853 	 915 
i 956	 986 	 1054 
i 230	 595 	 659 
i 431	 382 	 355 
i 534	 642 	 662 
i 268	 398 	 308 
i 159	 695 	 596 
i 745	 173 	 247 
i 805	 934 	 939 
i 663	 376 	 347 
i 498	 758 	 764 
i 483	 593 	 590 
i 28	 452 	 495 
i 333	 293 	 222 
i 930	 618 	 654 
i 254	 266 	 355 
i 911	 313 	 234 
i 981	 322 	 392 
i 908	 208 	 240 
i 207	 679 	 643 
i 934	 996 	 1060 
i 478	 578 	 538 
i 861	 122 	 88 
i 67	 759 	 792 
i 638	 890 	 909 
i 812	 607 	 676 
i 40	 563 	 615 
i 278	 660 	 708 
i 387	 531 	 561 
i 27	 229 	 300 
i 23	 516 	 574 
i 548	 357 	 310 
i 561	 628 	 554 
i 291	 923 	 862 
i 169	 625 	 692 
i 727	 266 	 295 
i 237	 132 	 169 
i 854	 808 	 901 
i 327	 579 	 549 
i 460	 269 	 244 
i 916	 142 	 122 
i 194	 846 	 935 
i 775	 196 	 198 
i 689	 313 	 373 
i 269	 490 	 584 
i 444	 344 	 383 
i 468	 920 	 1006 
i 253	 643 	 700 
i 780	 612 	 534 
i 958	 926 	 940 
i 993	 374 	 372 
i 820	 730 	 766 
i 917	 685 	 676 
i 146	 250 	 179 
i 572	 963 	 946 
i 834	 936 	 1008 
i 745	 667 	 632 
i 344	 608 	 624 
i 908	 420 	 392 
i 825	 522 	 486 
i 121	 144 	 106 
i 818	 580 	 506 
i 464	 300 	 210 
i 621	 708 	 647 
i 580	 841 	 894 
i 509	 324 	 344 
i 136	 200 	 169 
i 695	 493 	 531 
i 44	 121 	 140 
i 506	 443 	 428 
i 544	 728 	 737 
i 73	 118 	 90 
i 285	 237 	 302 
i 957	 283 	 272 
i 779	 458 	 363 
i 19	 252 	 259 
i 121	 788 	 822 
i 550	 208 	 181 
i 563	 823 	 805 
i 937	 468 	 551 
i 632	 846 	 838 
i 640	 442 	 449 
i 783	 766 	 830 
i 977	 613 	 668 
i 369	 124 	 135 
i 528	 151 	 166 
i 290	 630 	 669 
i 400	 340 	 289 
i 202	 669 	 730 
i 604	 148 	 197 
i 431	 965 	 940 
i 804	 488 	 391 
i 541	 964 	 1024 
i 107	 805 	 860 
i 122	 608 	 537 
i 167	 214 	 249 
i 751	 727 	 820 
i 10	 457 	 430 
i 638	 677 	 690 
i 680	 508 	 442 
i 642	 283 	 303 
i 67	 619 	 600 
i 28	 636 	 725 
i 808	 460 	 371 
i 368	 264 	 199 
i 485	 395 	 363 
i 178	 995 	 914 
i 568	 965 	 886 
i 205	 401 	 449 
i 651	 907 	 891 
i 845	 171 	 84 
i 417	 707 	 633 
i 9	 180 	 112 
i 401	 134 	 227 
i 573	 184 	 151 
i 893	 341 	 405 
i 888	 647 	 746 
i 849	 732 	 745 
i 177	 826 	 880 
i 73	 598 	 582 
i 141	 975 	 928 
i 811	 144 	 180 
i 890	 262 	 300 
i 917	 405 	 323 
i 999	 377 	 410 
i 259	 676 	 688 
i 862	 516 	 505 
i 561	 515 	 474 
i 366	 130 	 125 
i 913	 815 	 824 
i 885	 302 	 339 
i 923	 540 	 540 
i 95	 259 	 237 
i 425	 876 	 837 
i 724	 960 	 921 
i 360	 664 	 677 
i 817	 274 	 259 
i 272	 674 	 772 
i 294	 940 	 911 
i 87	 474 	 428 
i 301	 963 	 894 
i 783	 687 	 602 
i 951	 244 	 178 
i 812	 592 	 611 
i 767	 866 	 830 
i 391	 251 	 287 
i 574	 755 	 755 
i 208	 247 	 301 
i 142	 238 	 151 
i 551	 555 	 485 
i 509	 795 	 785 
i 158	 934 	 881 
i 307	 116 	 53 
i 848	 271 	 171 
i 699	 803 	 856 
i 857	 203 	 134 
i 581	 811 	 857 
i 734	 367 	 455 
i 878	 166 	 82 
i 378	 225 	 251 
i 149	 361 	 289 
i 75	 765 	 725 
i 81	 977 	 998 
i 261	 256 	 247 
i 41	 257 	 188 
i 144	 940 	 842 
i 931	 192 	 210 
i 221	 844 	 809 
i 283	 792 	 733 
i 412	 866 	 882 
i 694	 540 	 586 
i 431	 667 	 728 
i 405	 934 	 1011 
i 568	 585 	 514 
i 733	 990 	 928 
i 666	 239 	 205 
i 758	 249 	 202 
i 583	 777 	 774 
i 350	 179 	 232 
i 201	 363 	 299 
i 683	 883 	 958 
i 310	 645 	 606 
i 236	 475 	 517 
i 768	 376 	 332 
i 758	 509 	 411 
i 902	 678 	 713 
i 59	 975 	 962 
i 808	 323 	 226 
i 885	 755 	 729 
i 170	 550 	 564 
i 38	 712 	 662 
i 640	 601 	 613 
i 50	 874 	 933 
i 348	 618 	 631 
i 796	 867 	 832 
i 435	 878 	 823 
i 408	 593 	 550 
i 646	 981 	 900 
i 372	 999 	 1095 
i 866	 439 	 369 
i 542	 946 	 883 
i 94	 283 	 348 
i 952	 784 	 859 
i 523	 605 	 550 
i 374	 221 	 125 
i 238	 511 	 502 
i 780	 714 	 787 
i 759	 969 	 971 
i 758	 164 	 240 
i 128	 147 	 196 
i 67	 281 	 239 
i 261	 448 	 425 
i 19	 295 	 262 
i 574	 187 	 259 
i 698	 387 	 333 
i 149	 407 	 401 
i 827	 814 	 764 
i 792	 694 	 596 
i 852	 260 	 313 
i 893	 156 	 235 
i 85	 822 	 914 
i 465	 192 	 136 
i 672	 534 	 482 
i 758	 835 	 898 
i 70	 711 	 714 
i 404	 920 	 952 
i 195	 451 	 449 
i 852	 675 	 631 
i 21	 685 	 612 
i 73	 480 	 386 
i 872	 388 	 310 
i 964	 356 	 371 
i 441	 556 	 506 
i 256	 772 	 674 
i 931	 609 	 525 
i 841	 179 	 175 
i 225	 769 	 804 
i 859	 318 	 324 
i 506	 570 	 580 
i 921	 691 	 715 
i 235	 718 	 717 
i 511	 820 	 812 
i 12	 446 	 526 
i 755	 671 	 602 
i 317	 680 	 597 
i 393	 751 	 837 
i 135	 292 	 222 
i 367	 895 	 797 
i 884	 478 	 482 
i 537	 968 	 956 
i 221	 633 	 668 
i 19	 185 	 122 
i 397	 594 	 533 
i 27	 507 	 597 
i 667	 646 	 600 
i 388	 725 	 757 
i 592	 663 	 722 
i 474	 801 	 734 
i 888	 813 	 722 
i 852	 387 	 404 
i 441	 779 	 840 
i 524	 491 	 556 
i 69	 657 	 601 
i 514	 834 	 784 
i 118	 793 	 876 
i 808	 145 	 106 
i 430	 735 	 814 
i 207	 556 	 530 
i 997	 703 	 654 
i 308	 747 	 669 
i 61	 381 	 391 
i 489	 210 	 125 
i 104	 945 	 874 
i 917	 255 	 287 
i 685	 478 	 533 
i 724	 404 	 421 
i 427	 676 	 579 
i 927	 584 	 528 
i 594	 915 	 859 
i 311	 256 	 261 
i 615	 356 	 373 
i 726	 847 	 762 
i 665	 916 	 852 
i 827	 156 	 75 
i 241	 743 	 799 
i 571	 546 	 547 
i 207	 178 	 264 
i 740	 193 	 265 
i 644	 392 	 383 
i 808	 588 	 641 
i 85	 169 	 145 
i 912	 692 	 613 
i 818	 761 	 815 
i 869	 921 	 941 
i 581	 120 	 188 
i 71	 817 	 799 
i 147	 379 	 403 
i 240	 321 	 293 
i 556	 199 	 99 
i 93	 606 	 668 
i 158	 400 	 479 
i 812	 741 	 802 
i 543	 838 	 863 
i 455	 638 	 637 
i 466	 285 	 200 
i 261	 145 	 74 
i 563	 513 	 472 
i 800	 175 	 182 
i 900	 495 	 413 
i 458	 499 	 435 
i 783	 333 	 301 
i 492	 241 	 171 
i 311	 961 	 1000 
i 904	 631 	 561 
i 101	 184 	 207 
i 140	 254 	 329 
i 592	 387 	 375 
i 664	 651 	 599 
i 98	 239 	 167 
i 535	 321 	 341 
i 785	 486 	 462 
i 932	 790 	 865 
i 889	 928 	 865 
i 474	 660 	 578 
i 557	 796 	 734 
i 718	 458 	 424 
i 31	 351 	 435 
i 638	 744 	 761 
i 783	 960 	 997 
i 21	 198 	 142 
i 442	 732 	 633 
i 207	 184 	 271 
i 127	 963 	 1028 
i 744	 240 	 200 
i 516	 321 	 392 
i 906	 493 	 508 
i 177	 788 	 809 
i 889	 721 	 670 
i 845	 355 	 260 
i 944	 965 	 874 
i 644	 272 	 270 
i 726	 277 	 316 
i 685	 222 	 287 
i 830	 958 	 971 
i 68	 337 	 254 
i 498	 212 	 310 
i 260	 725 	 658 
i 946	 376 	 287 
i 221	 595 	 675 
i 183	 620 	 689 
i 364	 664 	 662 
i 552	 212 	 155 
i 677	 833 	 913 
i 631	 677 	 723 
i 885	 294 	 354 
i 999	 370 	 329 
i 690	 362 	 373 
i 989	 511 	 512 
i 534	 562 	 607 
i 108	 476 	 557 
i 730	 340 	 294 
i 844	 777 	 842 
i 657	 971 	 971 
i 294	 885 	 811 
i 501	 648 	 551 
i 793	 472 	 375 
i 76	 739 	 780 
i 527	 347 	 386 
i 35	 797 	 743 
i 446	 554 	 521 
i 704	 474 	 387 
i 455	 717 	 799 
i 422	 561 	 575 
i 294	 119 	 192 
i 898	 238 	 211 
i 305	 255 	 186 
i 12	 271 	 217 
i 278	 902 	 954 
i 50	 634 	 693 
i 549	 840 	 788 
i 957	 253 	 342 
i 639	 316 	 296 
i 146	 239 	 303 
i 156	 747 	 670 
i 299	 627 	 529 
i 461	 952 	 915 
i 642	 204 	 170 
i 532	 413 	 434 
i 121	 201 	 232 
i 941	 908 	 849 
i 103	 234 	 167 
i 333	 186 	 246 
i 478	 543 	 633 
i 194	 386 	 307 
i 775	 489 	 470 
i 722	 502 	 575 
i 827	 786 	 787 
i 168	 191 	 99 
i 270	 733 	 665 
i 167	 430 	 350 
i 306	 615 	 555 
i 392	 762 	 769 
i 877	 588 	 491 
i 187	 544 	 485 
i 613	 639 	 735 
i 54	 999 	 1040 
i 813	 881 	 887 
i 904	 443 	 483 
i 604	 479 	 573 
i 963	 622 	 549 
i 530	 713 	 701 
i 263	 895 	 962 
i 800	 484 	 526 
i 289	 499 	 579 
i 883	 685 	 687 
i 883	 672 	 685 
i 749	 411 	 386 
i 124	 886 	 842 
i 538	 621 	 698 
i 114	 595 	 665 
i 792	 718 	 694 
i 675	 224 	 252 
i 96	 967 	 955 
i 532	 712 	 758 
i 179	 623 	 646 
i 809	 190 	 189 
i 148	 693 	 642 
i 20	 141 	 115 
i 593	 393 	 475 
i 139	 293 	 197 
i 821	 160 	 223 
i 949	 499 	 497 
i 912	 182 	 199 
i 589	 577 	 500 
i 166	 339 	 298 
i 256	 886 	 807 
i 911	 441 	 391 
i 945	 661 	 615 
i 263	 991 	 1064 
i 468	 911 	 811 
i 524	 933 	 998 
i 960	 769 	 823 
i 42	 316 	 353 
i 566	 837 	 792 
i 823	 942 	 930 
i 696	 317 	 356 
i 68	 411 	 432 
i 686	 636 	 646 
i 677	 879 	 942 
i 578	 759 	 716 
i 503	 762 	 823 
i 244	 607 	 661 
i 475	 406 	 468 
i 293	 128 	 103 
i 229	 373 	 313 
i 460	 766 	 845 
i 798	 497 	 589 
i 390	 149 	 179 
i 254	 641 	 606 
i 983	 478 	 559 
i 716	 732 	 713 
i 275	 562 	 592 
i 607	 358 	 283 
i 627	 190 	 174 
i 923	 526 	 555 
i 661	 704 	 625 
i 96	 612 	 693 
i 139	 580 	 539 
i 735	 269 	 279 
i 150	 560 	 567 
i 848	 477 	 427 
i 357	 840 	 845 
i 635	 531 	 457 
i 724	 645 	 697 
i 192	 131 	 167 
i 859	 708 	 676 
i 423	 806 	 794 
i 951	 724 	 739 
i 130	 989 	 951 
i 636	 591 	 583 
i 48	 177 	 139 
i 868	 401 	 434 
i 342	 868 	 828 
i 943	 987 	 892 
i 966	 774 	 717 
i 638	 493 	 408 
i 420	 800 	 800 
i 110	 302 	 292 
i 99	 817 	 833 
i 638	 208 	 151 
i 713	 620 	 573 
i 40	 897 	 824 
i 892	 602 	 597 
i 878	 872 	 856 
i 625	 896 	 873 
i 56	 202 	 106 
i 830	 272 	 260 
i 47	 719 	 729 
i 840	 233 	 263 
i 949	 752 	 710 
i 523	 946 	 846 
i 407	 294 	 202 
i 960	 414 	 501 
i 816	 838 	 900 
i 701	 323 	 310 
i 804	 667 	 665 
i 986	 688 	 652 
i 671	 194 	 168 
i 808	 687 	 629 
i 530	 378 	 310 
i 470	 637 	 673 
i 676	 640 	 558 
i 19	 679 	 589 
i 837	 622 	 695 
i 77	 456 	 469 
i 702	 846 	 820 
i 352	 396 	 367 
i 447	 684 	 590 
i 96	 124 	 191 
i 396	 312 	 285 
i 988	 455 	 522 
i 584	 174 	 177 
i 223	 255 	 261 
i 798	 300 	 274 
i 187	 183 	 172 
i 14	 689 	 618 
i 335	 132 	 132 
i 979	 451 	 540 
i 995	 478 	 386 
i 223	 335 	 322 
i 610	 663 	 648 
i 681	 519 	 421 
i 843	 977 	 923 
i 58	 563 	 469 
i 139	 892 	 835 
i 789	 401 	 347 
i 813	 533 	 546 
i 197	 979 	 988 
i 610	 933 	 941 
i 863	 972 	 1025 
i 485	 474 	 449 
i 944	 854 	 765 
i 919	 864 	 944 
i 429	 183 	 274 
i 308	 212 	 131 
i 634	 406 	 483 
i 110	 613 	 652 
i 88	 228 	 307 
i 13	 714 	 715 
i 981	 307 	 280 
i 390	 987 	 1057 
i 226	 432 	 491 
i 74	 483 	 526 
i 155	 394 	 323 
i 269	 357 	 348 
i 601	 443 	 360 
i 166	 341 	 280 
i 298	 963 	 920 
i 976	 871 	 830 
i 198	 432 	 388 
i 184	 760 	 794 
i 546	 631 	 710 
i 964	 452 	 545 
i 284	 202 	 126 
i 560	 333 	 311 
i 933	 738 	 836 
i 194	 818 	 750 
i 153	 995 	 986 
i 8	 361 	 347 
i 369	 628 	 654 
i 100	 878 	 941 
i 684	 585 	 557 
i 69	 494 	 459 
i 172	 467 	 489 
i 422	 578 	 512 
i 128	 928 	 848 
i 922	 923 	 882 
i 918	 177 	 167 
i 201	 585 	 576 
i 782	 972 	 1037 
i 645	 645 	 730 
i 180	 482 	 503 
i 611	 804 	 839 
i 12	 206 	 275 
i 537	 748 	 702 
i 456	 900 	 879 
i 371	 993 	 957 
i 446	 369 	 316 
i 979	 769 	 756 
i 947	 286 	 230 
i 549	 132 	 205 
i 966	 954 	 863 
i 747	 607 	 638 
i 854	 321 	 354 
i 572	 186 	 127 
i 460	 427 	 459 
i 453	 781 	 687 
i 743	 177 	 172 
i 484	 390 	 381 
i 682	 780 	 761 
i 705	 977 	 1067 
i 654	 859 	 943 
i 213	 900 	 933 
i 449	 595 	 599 
i 535	 301 	 220 
i 891	 484 	 495 
i 645	 184 	 85 
i 720	 213 	 263 
i 35	 638 	 585 
i 787	 155 	 238 
i 762	 515 	 539 
i 604	 475 	 430 
i 492	 404 	 402 
i 38	 999 	 1087 
i 252	 575 	 570 
i 671	 659 	 632 
i 753	 264 	 166 
i 868	 272 	 318 
i 461	 941 	 994 
i 512	 262 	 272 
i 967	 189 	 152 
i 377	 743 	 827 
i 707	 990 	 972 
i 706	 538 	 527 
i 228	 485 	 525 
i 845	 907 	 881 
i 19	 343 	 268 
i 200	 353 	 451 
i 134	 115 	 106 
i 304	 796 	 889 
i 392	 400 	 486 
i 103	 682 	 644 
i 93	 611 	 514 
c
c
W 255017
c end of file