c Instance Type c
c
n 3000
c w	 v1	 v2
i 30	 142 	 141 
i 843	 483 	 495 
i 133	 686 	 729 
i 519	 704 	 754 
i 234	 659 	 617 
i 552	 267 	 289 
i 838	 902 	 889 
i 860	 428 	 472 
i 908	 914 	 978 
i 211	 978 	 993 
i 246	 247 	 268 
i 665	 690 	 679 
i 312	 303 	 319 
i 980	 942 	 862 
i 597	 720 	 686 
i 774	 983 	 1060 
i 664	 638 	 682 
i 22	 137 	 154 
i 925	 778 	 776 
i 901	 620 	 660 
i 55	 243 	 333 
i 707	 781 	 804 
i 923	 291 	 376 
i 859	 807 	 888 
i 545	 896 	 897 
i 526	 304 	 259 
i 120	 203 	 291 
i 150	 848 	 940 
i 900	 479 	 557 
i 474	 918 	 976 
i 624	 656 	 725 
i 379	 612 	 622 
i 581	 270 	 265 
i 365	 206 	 173 
i 248	 124 	 200 
i 466	 573 	 554 
i 570	 822 	 827 
i 400	 771 	 806 
i 814	 740 	 755 
i 722	 643 	 553 
i 336	 458 	 493 
i 899	 322 	 233 
i 79	 815 	 842 
i 187	 351 	 251 
i 202	 650 	 599 
i 722	 546 	 589 
i 522	 909 	 866 
i 266	 489 	 526 
i 973	 203 	 202 
i 572	 718 	 662 
i 962	 765 	 776 
i 201	 479 	 470 
i 992	 528 	 535 
i 263	 205 	 249 
i 870	 206 	 290 
i 360	 428 	 457 
i 258	 175 	 109 
i 684	 429 	 416 
i 788	 149 	 130 
i 472	 594 	 690 
i 209	 791 	 879 
i 623	 398 	 327 
i 93	 805 	 732 
i 200	 393 	 373 
i 307	 147 	 101 
i 664	 969 	 995 
i 737	 656 	 733 
i 96	 807 	 821 
i 139	 305 	 277 
i 682	 669 	 735 
i 448	 653 	 561 
i 771	 604 	 637 
i 553	 733 	 784 
i 870	 856 	 947 
i 911	 323 	 275 
i 877	 565 	 650 
i 491	 238 	 271 
i 275	 140 	 192 
i 494	 650 	 730 
i 123	 972 	 988 
i 733	 825 	 731 
i 288	 863 	 923 
i 987	 566 	 536 
i 825	 351 	 296 
i 66	 313 	 240 
i 576	 548 	 450 
i 719	 484 	 485 
i 752	 187 	 243 
i 359	 864 	 819 
i 328	 775 	 754 
i 132	 404 	 330 
i 977	 431 	 414 
i 490	 255 	 236 
i 759	 570 	 516 
i 986	 770 	 729 
i 479	 892 	 966 
i 899	 906 	 924 
i 985	 467 	 435 
i 833	 272 	 312 
i 580	 517 	 423 
i 910	 871 	 803 
i 271	 988 	 916 
i 433	 471 	 497 
i 949	 832 	 809 
i 691	 149 	 124 
i 571	 413 	 484 
i 465	 300 	 350 
i 866	 827 	 875 
i 48	 245 	 259 
i 505	 870 	 800 
i 361	 898 	 810 
i 347	 154 	 120 
i 752	 279 	 332 
i 564	 839 	 882 
i 607	 297 	 278 
i 946	 632 	 727 
i 161	 503 	 491 
i 966	 285 	 246 
i 118	 943 	 914 
i 971	 563 	 635 
i 858	 699 	 643 
i 907	 756 	 770 
i 97	 164 	 128 
i 917	 845 	 922 
i 127	 592 	 590 
i 713	 954 	 941 
i 155	 935 	 955 
i 351	 440 	 453 
i 287	 715 	 751 
i 795	 143 	 174 
i 458	 910 	 912 
i 185	 219 	 203 
i 244	 725 	 728 
i 71	 123 	 109 
i 613	 911 	 923 
i 562	 460 	 414 
i 489	 851 	 836 
i 860	 496 	 551 
i 540	 111 	 24 
i 576	 718 	 790 
i 475	 412 	 375 
i 597	 868 	 868 
i 289	 353 	 402 
i 303	 813 	 876 
i 203	 311 	 297 
i 596	 810 	 908 
i 430	 164 	 160 
i 863	 545 	 513 
i 863	 349 	 425 
i 547	 407 	 398 
i 886	 283 	 369 
i 738	 567 	 573 
i 12	 126 	 189 
i 802	 790 	 714 
i 28	 629 	 593 
i 814	 123 	 206 
i 874	 117 	 86 
i 364	 545 	 487 
i 632	 850 	 765 
i 965	 745 	 769 
i 160	 263 	 264 
i 674	 204 	 153 
i 691	 675 	 626 
i 456	 513 	 425 
i 39	 621 	 538 
i 53	 909 	 989 
i 60	 837 	 892 
i 549	 259 	 187 
i 380	 449 	 503 
i 94	 516 	 563 
i 265	 181 	 260 
i 370	 634 	 648 
i 5	 854 	 806 
i 458	 195 	 238 
i 32	 249 	 300 
i 929	 327 	 388 
i 747	 240 	 313 
i 914	 931 	 914 
i 295	 167 	 226 
i 751	 853 	 931 
i 831	 620 	 551 
i 420	 529 	 534 
i 256	 148 	 154 
i 350	 381 	 478 
i 506	 131 	 35 
i 750	 804 	 893 
i 896	 635 	 674 
i 818	 518 	 540 
i 881	 890 	 971 
i 717	 711 	 742 
i 290	 615 	 612 
i 761	 754 	 835 
i 803	 333 	 265 
i 109	 806 	 808 
i 132	 796 	 699 
i 911	 814 	 867 
i 501	 769 	 802 
i 959	 500 	 496 
i 836	 154 	 127 
i 512	 960 	 876 
i 79	 656 	 630 
i 803	 201 	 127 
i 54	 119 	 206 
i 835	 265 	 174 
i 606	 721 	 656 
i 398	 739 	 656 
i 139	 534 	 551 
i 576	 236 	 245 
i 626	 667 	 643 
i 581	 992 	 1071 
i 195	 177 	 272 
i 297	 509 	 564 
i 306	 628 	 694 
i 480	 573 	 606 
i 167	 614 	 568 
i 873	 771 	 805 
i 350	 850 	 912 
i 491	 484 	 461 
i 117	 972 	 874 
i 109	 425 	 443 
i 184	 333 	 390 
i 632	 311 	 227 
i 215	 114 	 92 
i 734	 854 	 928 
i 301	 559 	 466 
i 45	 803 	 885 
i 876	 511 	 463 
i 297	 343 	 393 
i 266	 687 	 760 
i 619	 698 	 793 
i 869	 338 	 270 
i 96	 150 	 208 
i 100	 225 	 126 
i 935	 573 	 621 
i 440	 458 	 366 
i 220	 491 	 408 
i 670	 412 	 504 
i 931	 645 	 596 
i 580	 424 	 429 
i 242	 308 	 236 
i 497	 289 	 191 
i 541	 433 	 354 
i 670	 249 	 190 
i 191	 256 	 184 
i 581	 916 	 932 
i 10	 955 	 1015 
i 349	 143 	 137 
i 949	 111 	 92 
i 303	 342 	 439 
i 526	 809 	 754 
i 726	 938 	 983 
i 90	 950 	 903 
i 246	 158 	 245 
i 410	 343 	 268 
i 316	 472 	 513 
i 265	 991 	 1034 
i 302	 817 	 730 
i 303	 349 	 252 
i 563	 710 	 673 
i 349	 698 	 767 
i 279	 900 	 914 
i 224	 656 	 688 
i 277	 893 	 974 
i 539	 837 	 800 
i 945	 950 	 976 
i 935	 690 	 769 
i 730	 439 	 378 
i 998	 498 	 498 
i 672	 513 	 425 
i 333	 797 	 779 
i 221	 659 	 697 
i 835	 279 	 362 
i 715	 866 	 804 
i 532	 783 	 829 
i 477	 175 	 210 
i 129	 737 	 759 
i 498	 645 	 613 
i 934	 822 	 790 
i 387	 379 	 281 
i 160	 436 	 405 
i 777	 803 	 816 
i 966	 530 	 510 
i 816	 455 	 378 
i 574	 627 	 656 
i 647	 388 	 313 
i 352	 990 	 940 
i 953	 646 	 696 
i 753	 950 	 987 
i 55	 364 	 278 
i 421	 375 	 321 
i 200	 682 	 584 
i 671	 297 	 392 
i 60	 653 	 711 
i 640	 757 	 730 
i 952	 445 	 347 
i 941	 557 	 530 
i 544	 783 	 746 
i 488	 563 	 477 
i 772	 285 	 210 
i 71	 351 	 360 
i 713	 558 	 607 
i 922	 568 	 551 
i 533	 547 	 542 
i 261	 364 	 287 
i 637	 690 	 604 
i 139	 702 	 604 
i 895	 138 	 149 
i 404	 421 	 329 
i 600	 484 	 547 
i 870	 597 	 674 
i 374	 194 	 213 
i 888	 859 	 863 
i 380	 342 	 253 
i 665	 767 	 730 
i 317	 872 	 962 
i 981	 934 	 852 
i 13	 945 	 1042 
i 362	 550 	 527 
i 782	 588 	 685 
i 329	 425 	 497 
i 423	 323 	 269 
i 265	 856 	 780 
i 525	 431 	 431 
i 264	 480 	 413 
i 120	 761 	 757 
i 47	 718 	 711 
i 985	 799 	 794 
i 479	 786 	 854 
i 17	 244 	 268 
i 370	 235 	 325 
i 609	 111 	 85 
i 448	 319 	 346 
i 808	 428 	 360 
i 225	 876 	 861 
i 955	 136 	 145 
i 639	 567 	 585 
i 413	 982 	 997 
i 174	 519 	 430 
i 323	 377 	 291 
i 463	 931 	 919 
i 463	 887 	 797 
i 697	 331 	 331 
i 55	 899 	 861 
i 915	 156 	 162 
i 944	 536 	 534 
i 458	 133 	 58 
i 438	 661 	 669 
i 897	 287 	 330 
i 197	 338 	 245 
i 120	 405 	 405 
i 993	 800 	 892 
i 242	 847 	 879 
i 130	 404 	 447 
i 180	 680 	 706 
i 658	 267 	 282 
i 683	 703 	 610 
i 303	 818 	 812 
i 501	 412 	 386 
i 757	 160 	 173 
i 89	 195 	 232 
i 863	 642 	 678 
i 692	 610 	 694 
i 23	 310 	 220 
i 664	 947 	 893 
i 839	 621 	 699 
i 506	 246 	 260 
i 302	 278 	 353 
i 642	 699 	 674 
i 697	 140 	 66 
i 793	 645 	 589 
i 391	 368 	 285 
i 952	 973 	 1028 
i 178	 905 	 965 
i 119	 951 	 944 
i 693	 269 	 230 
i 845	 172 	 234 
i 34	 682 	 604 
i 695	 573 	 623 
i 729	 909 	 899 
i 331	 140 	 89 
i 620	 338 	 365 
i 591	 415 	 432 
i 484	 219 	 272 
i 430	 932 	 1008 
i 608	 457 	 472 
i 676	 729 	 713 
i 320	 561 	 552 
i 839	 662 	 592 
i 737	 444 	 520 
i 770	 846 	 788 
i 27	 175 	 241 
i 369	 741 	 725 
i 491	 375 	 456 
i 415	 167 	 134 
i 805	 953 	 1041 
i 500	 578 	 602 
i 8	 954 	 1042 
i 627	 471 	 527 
i 2	 606 	 609 
i 829	 500 	 457 
i 902	 689 	 651 
i 611	 539 	 575 
i 909	 915 	 849 
i 972	 832 	 849 
i 921	 242 	 220 
i 447	 193 	 272 
i 396	 745 	 825 
i 801	 692 	 697 
i 359	 497 	 503 
i 797	 958 	 930 
i 447	 325 	 277 
i 929	 605 	 679 
i 834	 324 	 380 
i 646	 479 	 530 
i 794	 114 	 149 
i 887	 465 	 389 
i 601	 371 	 375 
i 256	 284 	 248 
i 690	 755 	 791 
i 644	 338 	 333 
i 885	 659 	 743 
i 442	 893 	 963 
i 682	 782 	 819 
i 97	 590 	 556 
i 101	 374 	 299 
i 499	 976 	 879 
i 792	 198 	 221 
i 988	 661 	 735 
i 713	 947 	 959 
i 969	 663 	 604 
i 586	 198 	 116 
i 466	 131 	 137 
i 221	 890 	 833 
i 760	 613 	 575 
i 56	 910 	 892 
i 30	 135 	 217 
i 129	 149 	 189 
i 748	 697 	 735 
i 690	 583 	 564 
i 312	 195 	 170 
i 411	 378 	 470 
i 434	 460 	 445 
i 311	 935 	 964 
i 876	 238 	 219 
i 775	 515 	 507 
i 803	 882 	 880 
i 847	 804 	 828 
i 507	 541 	 515 
i 40	 268 	 180 
i 134	 629 	 603 
i 435	 962 	 1018 
i 828	 928 	 871 
i 755	 418 	 423 
i 898	 994 	 974 
i 354	 468 	 404 
i 223	 880 	 976 
i 3	 430 	 496 
i 487	 984 	 951 
i 664	 425 	 400 
i 247	 480 	 482 
i 205	 811 	 900 
i 124	 619 	 673 
i 470	 812 	 817 
i 464	 393 	 378 
i 866	 753 	 809 
i 732	 913 	 813 
i 92	 899 	 800 
i 75	 748 	 746 
i 428	 160 	 91 
i 843	 495 	 475 
i 632	 949 	 970 
i 204	 901 	 947 
i 992	 700 	 640 
i 311	 283 	 316 
i 34	 664 	 670 
i 936	 470 	 422 
i 822	 475 	 446 
i 540	 481 	 467 
i 595	 920 	 991 
i 28	 172 	 212 
i 970	 531 	 497 
i 860	 184 	 191 
i 523	 836 	 842 
i 717	 127 	 195 
i 339	 720 	 794 
i 744	 305 	 367 
i 154	 541 	 567 
i 571	 858 	 792 
i 482	 352 	 405 
i 551	 226 	 284 
i 24	 851 	 904 
i 107	 259 	 284 
i 922	 737 	 666 
i 940	 319 	 392 
i 627	 178 	 118 
i 845	 956 	 1045 
i 329	 787 	 707 
i 170	 461 	 495 
i 441	 615 	 546 
i 571	 408 	 449 
i 404	 226 	 272 
i 570	 906 	 973 
i 275	 573 	 624 
i 510	 706 	 746 
i 586	 587 	 552 
i 537	 769 	 703 
i 299	 724 	 724 
i 693	 815 	 849 
i 261	 525 	 447 
i 595	 663 	 699 
i 724	 402 	 319 
i 620	 163 	 194 
i 141	 907 	 993 
i 810	 693 	 681 
i 346	 426 	 331 
i 87	 717 	 730 
i 776	 870 	 942 
i 568	 427 	 438 
i 35	 134 	 197 
i 656	 233 	 215 
i 984	 840 	 767 
i 44	 917 	 968 
i 939	 612 	 691 
i 595	 552 	 593 
i 949	 945 	 856 
i 631	 970 	 898 
i 486	 584 	 667 
i 841	 464 	 461 
i 867	 961 	 965 
i 7	 799 	 734 
i 827	 278 	 210 
i 734	 401 	 342 
i 299	 186 	 115 
i 794	 985 	 1033 
i 733	 726 	 764 
i 700	 775 	 739 
i 233	 901 	 962 
i 631	 829 	 858 
i 587	 372 	 375 
i 363	 836 	 840 
i 551	 994 	 963 
i 877	 249 	 165 
i 961	 433 	 409 
i 945	 563 	 498 
i 638	 333 	 415 
i 386	 947 	 969 
i 276	 344 	 412 
i 84	 174 	 168 
i 378	 751 	 663 
i 194	 321 	 305 
i 187	 786 	 881 
i 343	 208 	 278 
i 706	 282 	 344 
i 215	 623 	 674 
i 465	 780 	 759 
i 406	 700 	 756 
i 669	 354 	 265 
i 740	 214 	 142 
i 460	 636 	 640 
i 697	 691 	 733 
i 457	 179 	 259 
i 566	 157 	 105 
i 759	 915 	 1004 
i 336	 750 	 682 
i 89	 536 	 561 
i 752	 890 	 796 
i 26	 698 	 738 
i 143	 750 	 738 
i 733	 877 	 957 
i 387	 451 	 471 
i 464	 196 	 107 
i 517	 997 	 1021 
i 422	 324 	 300 
i 141	 279 	 322 
i 620	 425 	 486 
i 497	 984 	 996 
i 157	 126 	 143 
i 876	 752 	 797 
i 738	 257 	 249 
i 122	 172 	 241 
i 218	 707 	 669 
i 215	 758 	 824 
i 455	 424 	 374 
i 645	 765 	 743 
i 998	 516 	 418 
i 981	 345 	 346 
i 999	 843 	 876 
i 721	 475 	 483 
i 886	 234 	 190 
i 955	 645 	 625 
i 626	 511 	 534 
i 355	 790 	 856 
i 707	 639 	 596 
i 444	 863 	 949 
i 899	 323 	 409 
i 164	 334 	 416 
i 987	 787 	 869 
i 398	 490 	 517 
i 537	 972 	 976 
i 139	 333 	 328 
i 590	 691 	 611 
i 354	 353 	 344 
i 948	 205 	 138 
i 795	 463 	 484 
i 34	 404 	 405 
i 286	 345 	 379 
i 47	 269 	 300 
i 473	 193 	 104 
i 442	 758 	 777 
i 692	 333 	 379 
i 345	 758 	 722 
i 617	 850 	 885 
i 723	 368 	 393 
i 120	 516 	 500 
i 450	 169 	 160 
i 713	 621 	 669 
i 891	 330 	 387 
i 983	 917 	 868 
i 712	 968 	 1008 
i 962	 608 	 586 
i 690	 372 	 419 
i 522	 660 	 630 
i 812	 374 	 289 
i 268	 931 	 870 
i 334	 417 	 446 
i 908	 822 	 794 
i 155	 591 	 541 
i 62	 402 	 349 
i 26	 633 	 722 
i 586	 368 	 449 
i 879	 717 	 736 
i 498	 484 	 408 
i 793	 799 	 885 
i 716	 869 	 809 
i 61	 155 	 162 
i 860	 730 	 718 
i 401	 161 	 180 
i 729	 385 	 416 
i 317	 594 	 631 
i 606	 547 	 501 
i 288	 467 	 397 
i 708	 111 	 140 
i 483	 219 	 207 
i 336	 160 	 91 
i 387	 339 	 282 
i 84	 815 	 730 
i 142	 320 	 315 
i 450	 852 	 793 
i 993	 549 	 554 
i 484	 269 	 195 
i 884	 510 	 493 
i 885	 644 	 569 
i 8	 331 	 353 
i 64	 724 	 813 
i 321	 864 	 830 
i 114	 169 	 152 
i 349	 239 	 250 
i 183	 666 	 567 
i 675	 851 	 751 
i 853	 430 	 427 
i 303	 546 	 520 
i 902	 919 	 870 
i 150	 144 	 96 
i 840	 687 	 652 
i 688	 641 	 670 
i 754	 938 	 990 
i 898	 421 	 343 
i 523	 918 	 876 
i 357	 926 	 1019 
i 716	 928 	 992 
i 206	 471 	 396 
i 116	 801 	 706 
i 153	 140 	 75 
i 801	 375 	 278 
i 398	 665 	 705 
i 329	 352 	 343 
i 678	 140 	 111 
i 586	 239 	 315 
i 503	 500 	 447 
i 422	 472 	 562 
i 828	 315 	 246 
i 605	 426 	 381 
i 639	 450 	 435 
i 935	 608 	 553 
i 560	 623 	 648 
i 832	 361 	 452 
i 865	 769 	 795 
i 10	 198 	 142 
i 448	 981 	 1025 
i 854	 303 	 232 
i 84	 262 	 356 
i 439	 404 	 419 
i 821	 649 	 592 
i 380	 140 	 70 
i 956	 344 	 386 
i 239	 902 	 911 
i 978	 863 	 845 
i 77	 538 	 522 
i 56	 734 	 807 
i 272	 488 	 532 
i 443	 618 	 679 
i 773	 594 	 543 
i 379	 220 	 133 
i 412	 414 	 403 
i 674	 551 	 531 
i 564	 296 	 324 
i 411	 782 	 806 
i 892	 259 	 298 
i 594	 634 	 684 
i 19	 517 	 422 
i 589	 272 	 265 
i 134	 990 	 938 
i 257	 320 	 343 
i 598	 379 	 285 
i 94	 777 	 818 
i 303	 248 	 202 
i 58	 819 	 855 
i 225	 482 	 496 
i 813	 213 	 146 
i 271	 883 	 820 
i 452	 905 	 959 
i 441	 432 	 513 
i 676	 647 	 579 
i 978	 309 	 361 
i 728	 337 	 408 
i 882	 964 	 895 
i 679	 316 	 259 
i 97	 921 	 908 
i 213	 542 	 492 
i 81	 690 	 694 
i 974	 855 	 950 
i 337	 654 	 637 
i 939	 572 	 490 
i 163	 717 	 631 
i 418	 506 	 565 
i 378	 377 	 413 
i 609	 518 	 490 
i 521	 709 	 700 
i 6	 211 	 244 
i 657	 436 	 486 
i 495	 901 	 946 
i 106	 879 	 791 
i 624	 360 	 260 
i 307	 442 	 374 
i 752	 504 	 520 
i 53	 325 	 417 
i 510	 931 	 944 
i 184	 362 	 280 
i 297	 769 	 688 
i 662	 475 	 525 
i 552	 254 	 203 
i 417	 899 	 869 
i 697	 954 	 1049 
i 71	 956 	 912 
i 514	 213 	 120 
i 755	 731 	 648 
i 678	 696 	 715 
i 960	 313 	 369 
i 701	 393 	 308 
i 112	 478 	 526 
i 272	 259 	 217 
i 159	 479 	 521 
i 108	 793 	 774 
i 59	 773 	 768 
i 174	 137 	 235 
i 871	 170 	 219 
i 530	 250 	 235 
i 759	 782 	 759 
i 77	 589 	 506 
i 491	 660 	 599 
i 658	 430 	 424 
i 73	 691 	 716 
i 840	 433 	 480 
i 585	 795 	 853 
i 616	 332 	 425 
i 683	 325 	 393 
i 839	 989 	 963 
i 595	 478 	 403 
i 134	 821 	 762 
i 751	 898 	 937 
i 111	 185 	 156 
i 762	 603 	 588 
i 126	 274 	 227 
i 895	 929 	 999 
i 145	 746 	 739 
i 385	 718 	 648 
i 373	 576 	 674 
i 786	 906 	 923 
i 585	 132 	 175 
i 471	 316 	 310 
i 555	 936 	 952 
i 110	 363 	 331 
i 294	 743 	 736 
i 214	 980 	 952 
i 929	 850 	 851 
i 613	 377 	 455 
i 137	 512 	 465 
i 32	 504 	 414 
i 56	 135 	 162 
i 287	 775 	 697 
i 215	 304 	 337 
i 498	 820 	 875 
i 210	 236 	 150 
i 188	 652 	 608 
i 20	 976 	 918 
i 319	 539 	 604 
i 770	 445 	 537 
i 213	 683 	 781 
i 241	 731 	 640 
i 987	 411 	 378 
i 206	 509 	 519 
i 4	 213 	 122 
i 144	 903 	 854 
i 753	 965 	 954 
i 727	 329 	 322 
i 210	 518 	 574 
i 586	 363 	 373 
i 231	 330 	 383 
i 929	 325 	 226 
i 267	 369 	 468 
i 715	 668 	 608 
i 830	 268 	 208 
i 722	 312 	 281 
i 683	 541 	 461 
i 928	 937 	 1002 
i 387	 462 	 369 
i 672	 270 	 294 
i 919	 763 	 833 
i 161	 556 	 612 
i 451	 563 	 473 
i 79	 559 	 612 
i 256	 738 	 757 
i 482	 919 	 882 
i 966	 339 	 239 
i 896	 429 	 515 
i 292	 276 	 239 
i 471	 310 	 407 
i 205	 864 	 945 
i 706	 735 	 648 
i 215	 543 	 547 
i 720	 588 	 607 
i 425	 380 	 450 
i 335	 910 	 877 
i 592	 304 	 264 
i 950	 306 	 245 
i 138	 244 	 242 
i 362	 527 	 619 
i 210	 518 	 451 
i 912	 436 	 510 
i 398	 498 	 415 
i 934	 960 	 1021 
i 238	 603 	 549 
i 137	 474 	 487 
i 355	 773 	 704 
i 575	 153 	 74 
i 725	 329 	 278 
i 194	 765 	 786 
i 652	 730 	 793 
i 19	 878 	 923 
i 454	 764 	 689 
i 410	 841 	 753 
i 964	 669 	 629 
i 373	 875 	 862 
i 118	 490 	 548 
i 165	 632 	 605 
i 411	 729 	 647 
i 148	 949 	 906 
i 844	 601 	 688 
i 707	 439 	 530 
i 442	 199 	 181 
i 263	 312 	 376 
i 891	 368 	 425 
i 751	 635 	 566 
i 179	 135 	 90 
i 765	 839 	 827 
i 461	 277 	 347 
i 404	 359 	 458 
i 955	 614 	 682 
i 324	 559 	 569 
i 423	 520 	 618 
i 650	 886 	 837 
i 940	 727 	 656 
i 530	 536 	 615 
i 558	 676 	 591 
i 378	 921 	 989 
i 565	 424 	 384 
i 845	 293 	 334 
i 411	 292 	 324 
i 915	 153 	 250 
i 377	 642 	 623 
i 249	 635 	 547 
i 941	 862 	 762 
i 420	 993 	 999 
i 56	 903 	 820 
i 968	 971 	 964 
i 321	 831 	 737 
i 526	 212 	 287 
i 730	 841 	 798 
i 778	 541 	 481 
i 376	 529 	 545 
i 966	 893 	 958 
i 812	 947 	 1001 
i 804	 947 	 885 
i 695	 530 	 479 
i 663	 609 	 551 
i 475	 135 	 142 
i 589	 163 	 75 
i 411	 943 	 1001 
i 894	 310 	 324 
i 366	 491 	 580 
i 246	 118 	 200 
i 187	 855 	 899 
i 128	 651 	 656 
i 599	 820 	 764 
i 160	 150 	 227 
i 188	 340 	 312 
i 247	 817 	 907 
i 184	 871 	 843 
i 409	 687 	 638 
i 837	 305 	 329 
i 846	 257 	 330 
i 684	 179 	 89 
i 292	 824 	 760 
i 90	 405 	 461 
i 135	 604 	 692 
i 393	 505 	 430 
i 188	 827 	 802 
i 44	 784 	 796 
i 691	 217 	 310 
i 909	 445 	 506 
i 75	 998 	 1028 
i 152	 880 	 847 
i 954	 929 	 954 
i 285	 202 	 245 
i 840	 897 	 967 
i 284	 846 	 794 
i 91	 961 	 947 
i 847	 407 	 402 
i 966	 905 	 838 
i 343	 877 	 792 
i 341	 704 	 634 
i 207	 395 	 355 
i 128	 693 	 644 
i 231	 362 	 370 
i 117	 111 	 87 
i 943	 869 	 902 
i 900	 197 	 248 
i 233	 582 	 603 
i 126	 115 	 129 
i 988	 264 	 347 
i 656	 332 	 283 
i 976	 467 	 459 
i 632	 736 	 754 
i 915	 965 	 1029 
i 915	 559 	 646 
i 768	 900 	 976 
i 866	 605 	 661 
i 396	 389 	 291 
i 402	 928 	 856 
i 574	 547 	 472 
i 823	 472 	 528 
i 224	 699 	 751 
i 927	 222 	 200 
i 889	 747 	 708 
i 394	 589 	 533 
i 282	 534 	 632 
i 837	 428 	 499 
i 151	 234 	 184 
i 71	 247 	 278 
i 561	 372 	 317 
i 967	 486 	 396 
i 630	 294 	 249 
i 756	 970 	 910 
i 472	 430 	 348 
i 11	 703 	 700 
i 487	 902 	 955 
i 844	 894 	 914 
i 983	 768 	 819 
i 137	 994 	 1059 
i 431	 687 	 664 
i 852	 891 	 862 
i 60	 937 	 1034 
i 27	 293 	 341 
i 386	 474 	 416 
i 53	 556 	 500 
i 942	 988 	 1030 
i 824	 781 	 792 
i 564	 430 	 437 
i 557	 213 	 248 
i 207	 948 	 869 
i 85	 403 	 494 
i 15	 719 	 622 
i 221	 707 	 616 
i 629	 478 	 464 
i 130	 668 	 664 
i 117	 868 	 853 
i 871	 611 	 561 
i 231	 216 	 278 
i 346	 695 	 669 
i 288	 406 	 421 
i 616	 501 	 533 
i 302	 464 	 499 
i 972	 481 	 560 
i 385	 521 	 526 
i 13	 904 	 935 
i 864	 445 	 499 
i 427	 824 	 852 
i 546	 158 	 232 
i 203	 883 	 827 
i 536	 324 	 325 
i 974	 838 	 762 
i 372	 538 	 523 
i 788	 251 	 230 
i 250	 160 	 216 
i 143	 628 	 687 
i 519	 322 	 353 
i 322	 121 	 38 
i 376	 694 	 720 
i 245	 582 	 649 
i 485	 778 	 752 
i 304	 341 	 310 
i 785	 451 	 494 
i 943	 830 	 831 
i 998	 294 	 345 
i 580	 991 	 1070 
i 818	 809 	 792 
i 830	 507 	 555 
i 486	 584 	 507 
i 17	 258 	 230 
i 767	 112 	 181 
i 27	 442 	 372 
i 410	 750 	 837 
i 219	 499 	 574 
i 426	 950 	 1025 
i 416	 734 	 725 
i 202	 645 	 600 
i 647	 128 	 49 
i 180	 787 	 805 
i 345	 891 	 912 
i 347	 324 	 299 
i 719	 188 	 168 
i 438	 321 	 383 
i 875	 264 	 170 
i 819	 156 	 147 
i 521	 935 	 1009 
i 122	 453 	 367 
i 142	 699 	 743 
i 903	 793 	 872 
i 781	 431 	 380 
i 22	 972 	 990 
i 109	 418 	 380 
i 346	 776 	 825 
i 518	 610 	 635 
i 568	 638 	 626 
i 496	 155 	 248 
i 881	 931 	 848 
i 543	 996 	 941 
i 311	 748 	 674 
i 671	 659 	 741 
i 640	 877 	 963 
i 986	 514 	 422 
i 735	 791 	 768 
i 298	 568 	 649 
i 890	 235 	 229 
i 940	 630 	 724 
i 863	 599 	 669 
i 859	 676 	 654 
i 576	 879 	 920 
i 193	 996 	 971 
i 55	 919 	 822 
i 509	 861 	 761 
i 274	 899 	 946 
i 788	 356 	 263 
i 928	 272 	 357 
i 512	 694 	 767 
i 62	 668 	 714 
i 698	 536 	 554 
i 563	 886 	 819 
i 559	 624 	 596 
i 469	 959 	 942 
i 314	 974 	 1059 
i 201	 977 	 916 
i 477	 746 	 843 
i 659	 779 	 862 
i 315	 714 	 699 
i 941	 598 	 595 
i 420	 360 	 297 
i 293	 886 	 935 
i 870	 147 	 108 
i 825	 468 	 523 
i 796	 838 	 756 
i 771	 771 	 729 
i 486	 948 	 1001 
i 238	 936 	 921 
i 916	 861 	 909 
i 465	 352 	 388 
i 745	 786 	 706 
i 617	 953 	 932 
i 658	 730 	 683 
i 60	 116 	 34 
i 878	 807 	 884 
i 622	 888 	 919 
i 564	 259 	 188 
i 493	 942 	 918 
i 337	 433 	 392 
i 608	 204 	 256 
i 369	 812 	 813 
i 316	 904 	 829 
i 13	 368 	 425 
i 19	 605 	 674 
i 802	 687 	 731 
i 676	 587 	 556 
i 843	 284 	 365 
i 778	 414 	 394 
i 141	 754 	 801 
i 246	 131 	 100 
i 35	 811 	 854 
i 927	 376 	 282 
i 217	 489 	 398 
i 772	 298 	 210 
i 421	 160 	 233 
i 956	 803 	 811 
i 152	 221 	 198 
i 493	 141 	 73 
i 217	 498 	 459 
i 240	 266 	 276 
i 29	 576 	 593 
i 327	 324 	 326 
i 752	 353 	 398 
i 962	 394 	 394 
i 19	 451 	 535 
i 798	 333 	 408 
i 922	 816 	 722 
i 956	 270 	 274 
i 393	 416 	 464 
i 568	 688 	 784 
i 91	 289 	 190 
i 331	 809 	 776 
i 604	 376 	 293 
i 922	 135 	 45 
i 306	 581 	 494 
i 556	 512 	 585 
i 350	 405 	 462 
i 529	 432 	 481 
i 873	 897 	 824 
i 522	 666 	 707 
i 723	 648 	 707 
i 509	 656 	 581 
i 808	 954 	 1000 
i 836	 143 	 173 
i 366	 187 	 279 
i 817	 249 	 252 
i 149	 130 	 203 
i 510	 832 	 811 
i 395	 606 	 559 
i 20	 729 	 787 
i 625	 468 	 470 
i 239	 287 	 191 
i 188	 401 	 467 
i 224	 163 	 196 
i 311	 745 	 651 
i 466	 710 	 780 
i 488	 281 	 380 
i 300	 162 	 163 
i 857	 514 	 594 
i 553	 753 	 837 
i 954	 567 	 576 
i 154	 135 	 192 
i 481	 156 	 250 
i 539	 895 	 834 
i 253	 599 	 600 
i 927	 628 	 722 
i 119	 495 	 487 
i 178	 495 	 547 
i 631	 947 	 970 
i 354	 861 	 795 
i 868	 793 	 718 
i 896	 392 	 347 
i 947	 202 	 254 
i 829	 179 	 138 
i 379	 355 	 365 
i 961	 807 	 802 
i 395	 784 	 803 
i 826	 305 	 360 
i 767	 982 	 963 
i 612	 643 	 695 
i 380	 796 	 821 
i 696	 908 	 913 
i 799	 268 	 262 
i 876	 944 	 904 
i 151	 321 	 357 
i 934	 812 	 840 
i 691	 349 	 256 
i 911	 881 	 954 
i 891	 682 	 708 
i 491	 155 	 103 
i 262	 832 	 856 
i 159	 503 	 467 
i 335	 971 	 895 
i 272	 503 	 602 
i 509	 772 	 701 
i 298	 490 	 406 
i 566	 173 	 227 
i 433	 208 	 244 
i 77	 977 	 992 
i 127	 650 	 563 
i 938	 868 	 833 
i 381	 535 	 532 
i 349	 820 	 884 
i 790	 927 	 845 
i 534	 923 	 943 
i 961	 165 	 245 
i 32	 237 	 230 
i 141	 925 	 1004 
i 116	 644 	 739 
i 723	 266 	 186 
i 575	 325 	 233 
i 53	 617 	 601 
i 850	 161 	 215 
i 769	 891 	 903 
i 683	 974 	 893 
i 744	 621 	 532 
i 887	 532 	 449 
i 803	 946 	 891 
i 403	 857 	 825 
i 578	 836 	 749 
i 819	 927 	 955 
i 390	 964 	 1003 
i 446	 450 	 459 
i 324	 246 	 208 
i 296	 745 	 844 
i 869	 830 	 878 
i 343	 880 	 905 
i 284	 958 	 944 
i 124	 273 	 340 
i 939	 579 	 561 
i 858	 639 	 585 
i 818	 322 	 346 
i 201	 940 	 853 
i 353	 536 	 514 
i 67	 815 	 852 
i 876	 813 	 824 
i 741	 584 	 664 
i 694	 255 	 192 
i 876	 640 	 601 
i 404	 493 	 442 
i 998	 861 	 782 
i 236	 179 	 263 
i 169	 733 	 657 
i 647	 794 	 789 
i 440	 255 	 263 
i 230	 867 	 851 
i 763	 475 	 407 
i 925	 387 	 458 
i 520	 552 	 598 
i 950	 826 	 753 
i 795	 157 	 84 
i 872	 252 	 226 
i 572	 184 	 192 
i 342	 295 	 232 
i 504	 720 	 745 
i 355	 315 	 386 
i 765	 689 	 713 
i 77	 833 	 842 
i 572	 705 	 618 
i 377	 468 	 371 
i 430	 590 	 652 
i 589	 710 	 746 
i 672	 151 	 102 
i 879	 632 	 651 
i 565	 798 	 718 
i 794	 467 	 458 
i 445	 340 	 284 
i 258	 892 	 851 
i 927	 488 	 562 
i 330	 546 	 495 
i 868	 561 	 596 
i 543	 393 	 346 
i 589	 112 	 199 
i 176	 340 	 403 
i 949	 871 	 847 
i 350	 961 	 896 
i 608	 478 	 502 
i 487	 675 	 750 
i 911	 939 	 1000 
i 402	 824 	 751 
i 908	 155 	 55 
i 227	 757 	 766 
i 228	 993 	 920 
i 486	 938 	 900 
i 341	 776 	 728 
i 298	 226 	 248 
i 710	 383 	 326 
i 345	 935 	 976 
i 277	 828 	 851 
i 80	 656 	 560 
i 129	 777 	 862 
i 856	 781 	 711 
i 849	 379 	 355 
i 780	 500 	 573 
i 528	 777 	 718 
i 658	 120 	 121 
i 964	 663 	 606 
i 892	 858 	 870 
i 700	 598 	 665 
i 314	 259 	 342 
i 64	 277 	 186 
i 817	 213 	 293 
i 120	 351 	 401 
i 557	 691 	 697 
i 308	 574 	 486 
i 319	 760 	 803 
i 940	 322 	 358 
i 782	 515 	 530 
i 330	 126 	 81 
i 497	 872 	 890 
i 683	 799 	 829 
i 798	 842 	 836 
i 69	 756 	 774 
i 721	 537 	 466 
i 243	 122 	 113 
i 973	 177 	 231 
i 211	 817 	 860 
i 665	 536 	 535 
i 682	 160 	 225 
i 539	 406 	 370 
i 314	 931 	 832 
i 136	 624 	 685 
i 862	 154 	 228 
i 343	 680 	 699 
i 356	 812 	 879 
i 430	 329 	 391 
i 224	 128 	 32 
i 702	 764 	 801 
i 758	 317 	 291 
i 91	 163 	 244 
i 14	 450 	 394 
i 591	 457 	 428 
i 640	 284 	 228 
i 281	 172 	 184 
i 71	 702 	 785 
i 316	 559 	 528 
i 336	 392 	 406 
i 71	 412 	 367 
i 303	 135 	 41 
i 361	 465 	 390 
i 743	 384 	 311 
i 133	 583 	 629 
i 328	 902 	 876 
i 398	 210 	 240 
i 64	 711 	 755 
i 568	 640 	 547 
i 884	 950 	 924 
i 224	 571 	 559 
i 252	 817 	 866 
i 651	 848 	 769 
i 958	 959 	 1029 
i 490	 193 	 289 
i 380	 842 	 804 
i 491	 283 	 325 
i 167	 862 	 916 
i 762	 615 	 583 
i 706	 649 	 594 
i 225	 980 	 970 
i 20	 486 	 526 
i 849	 260 	 230 
i 803	 355 	 317 
i 896	 223 	 283 
i 720	 208 	 144 
i 913	 486 	 520 
i 759	 228 	 295 
i 327	 916 	 936 
i 932	 331 	 292 
i 910	 532 	 538 
i 333	 932 	 942 
i 500	 668 	 648 
i 775	 982 	 923 
i 901	 370 	 290 
i 13	 194 	 258 
i 435	 356 	 403 
i 567	 954 	 952 
i 473	 811 	 875 
i 721	 456 	 506 
i 196	 730 	 762 
i 120	 315 	 414 
i 747	 806 	 805 
i 727	 275 	 229 
i 20	 457 	 391 
i 114	 548 	 485 
i 389	 389 	 413 
i 338	 154 	 91 
i 125	 593 	 625 
i 514	 434 	 410 
i 211	 215 	 230 
i 441	 805 	 844 
i 224	 802 	 791 
i 408	 355 	 289 
i 797	 598 	 536 
i 290	 753 	 714 
i 603	 919 	 957 
i 652	 582 	 488 
i 195	 750 	 681 
i 559	 449 	 483 
i 677	 789 	 865 
i 459	 414 	 378 
i 237	 146 	 155 
i 512	 542 	 632 
i 60	 695 	 745 
i 782	 865 	 773 
i 691	 248 	 276 
i 222	 865 	 824 
i 940	 894 	 892 
i 321	 144 	 54 
i 85	 741 	 786 
i 426	 636 	 573 
i 466	 923 	 907 
i 950	 519 	 605 
i 608	 478 	 576 
i 457	 257 	 312 
i 612	 293 	 286 
i 461	 866 	 903 
i 342	 240 	 266 
i 380	 676 	 766 
i 90	 721 	 628 
i 680	 478 	 470 
i 594	 643 	 728 
i 54	 130 	 205 
i 467	 960 	 957 
i 631	 955 	 1043 
i 836	 756 	 767 
i 686	 283 	 186 
i 831	 896 	 867 
i 468	 567 	 614 
i 154	 524 	 589 
i 568	 556 	 557 
i 167	 967 	 887 
i 189	 903 	 834 
i 145	 795 	 819 
i 94	 338 	 288 
i 819	 288 	 206 
i 14	 782 	 837 
i 896	 796 	 817 
i 410	 226 	 140 
i 875	 882 	 827 
i 377	 729 	 788 
i 341	 293 	 385 
i 232	 384 	 314 
i 3	 523 	 482 
i 259	 188 	 165 
i 458	 413 	 354 
i 213	 493 	 437 
i 984	 294 	 217 
i 114	 834 	 839 
i 981	 900 	 880 
i 678	 214 	 270 
i 882	 922 	 846 
i 190	 889 	 859 
i 654	 135 	 106 
i 741	 399 	 421 
i 82	 745 	 659 
i 512	 931 	 888 
i 719	 240 	 194 
i 532	 346 	 322 
i 420	 817 	 790 
i 536	 288 	 196 
i 449	 982 	 1067 
i 325	 202 	 125 
i 353	 518 	 572 
i 677	 835 	 837 
i 391	 492 	 510 
i 315	 557 	 478 
i 461	 811 	 875 
i 725	 163 	 134 
i 520	 504 	 559 
i 719	 829 	 791 
i 700	 868 	 920 
i 803	 802 	 719 
i 261	 906 	 893 
i 76	 702 	 624 
i 505	 267 	 268 
i 8	 795 	 859 
i 796	 888 	 844 
i 855	 732 	 633 
i 298	 159 	 164 
i 106	 849 	 798 
i 958	 237 	 326 
i 736	 913 	 962 
i 631	 989 	 891 
i 296	 489 	 406 
i 472	 591 	 609 
i 242	 152 	 171 
i 117	 881 	 860 
i 815	 242 	 192 
i 870	 248 	 257 
i 701	 716 	 746 
i 843	 935 	 957 
i 747	 887 	 856 
i 735	 664 	 759 
i 161	 673 	 627 
i 702	 750 	 799 
i 749	 387 	 484 
i 616	 920 	 840 
i 764	 383 	 467 
i 918	 606 	 664 
i 600	 204 	 202 
i 527	 785 	 752 
i 400	 441 	 357 
i 23	 750 	 813 
i 655	 732 	 827 
i 375	 976 	 1012 
i 685	 751 	 736 
i 596	 740 	 649 
i 902	 834 	 895 
i 459	 763 	 808 
i 564	 576 	 541 
i 323	 125 	 195 
i 694	 423 	 373 
i 414	 496 	 451 
i 113	 333 	 419 
i 87	 314 	 275 
i 806	 919 	 1017 
i 515	 411 	 428 
i 328	 451 	 448 
i 62	 282 	 371 
i 586	 929 	 931 
i 601	 331 	 397 
i 952	 201 	 206 
i 386	 427 	 515 
i 637	 672 	 583 
i 865	 611 	 539 
i 775	 883 	 972 
i 113	 875 	 867 
i 496	 507 	 565 
i 689	 942 	 1012 
i 609	 895 	 882 
i 856	 460 	 367 
i 958	 313 	 411 
i 314	 783 	 758 
i 945	 732 	 635 
i 509	 782 	 858 
i 377	 908 	 939 
i 237	 862 	 915 
i 683	 385 	 338 
i 618	 199 	 289 
i 500	 958 	 970 
i 894	 458 	 442 
i 122	 494 	 469 
i 878	 487 	 525 
i 578	 824 	 851 
i 334	 838 	 767 
i 231	 732 	 736 
i 77	 426 	 478 
i 385	 221 	 209 
i 485	 457 	 369 
i 438	 417 	 429 
i 829	 918 	 909 
i 261	 402 	 417 
i 684	 739 	 730 
i 487	 466 	 372 
i 305	 144 	 117 
i 5	 275 	 294 
i 360	 741 	 776 
i 484	 529 	 441 
i 874	 924 	 933 
i 219	 979 	 1075 
i 127	 590 	 652 
i 455	 995 	 910 
i 162	 620 	 671 
i 561	 137 	 86 
i 599	 168 	 178 
i 784	 496 	 507 
i 493	 140 	 223 
i 963	 741 	 721 
i 878	 795 	 749 
i 854	 392 	 390 
i 394	 378 	 402 
i 389	 213 	 128 
i 962	 280 	 227 
i 992	 956 	 1015 
i 58	 286 	 265 
i 491	 777 	 713 
i 523	 383 	 418 
i 232	 308 	 335 
i 2	 664 	 667 
i 318	 908 	 882 
i 619	 458 	 511 
i 734	 121 	 51 
i 925	 188 	 111 
i 876	 400 	 321 
i 74	 221 	 154 
i 823	 575 	 606 
i 130	 737 	 672 
i 353	 448 	 430 
i 975	 126 	 108 
i 872	 586 	 632 
i 264	 916 	 886 
i 275	 707 	 624 
i 363	 844 	 746 
i 688	 948 	 1025 
i 812	 155 	 247 
i 334	 303 	 359 
i 39	 886 	 968 
i 418	 157 	 110 
i 436	 523 	 471 
i 970	 890 	 812 
i 876	 652 	 627 
i 548	 964 	 994 
i 374	 151 	 54 
i 316	 161 	 201 
i 366	 949 	 952 
i 582	 915 	 985 
i 455	 723 	 800 
i 507	 648 	 609 
i 971	 885 	 933 
i 848	 212 	 254 
i 458	 314 	 331 
i 418	 651 	 578 
i 463	 343 	 345 
i 519	 357 	 422 
i 463	 983 	 921 
i 367	 553 	 607 
i 57	 420 	 365 
i 661	 321 	 368 
i 533	 594 	 635 
i 646	 365 	 376 
i 875	 998 	 900 
i 483	 632 	 618 
i 744	 754 	 832 
i 22	 319 	 301 
i 4	 164 	 239 
i 502	 334 	 282 
i 850	 133 	 93 
i 88	 337 	 429 
i 631	 992 	 990 
i 916	 732 	 660 
i 915	 338 	 241 
i 502	 350 	 349 
i 226	 734 	 682 
i 460	 640 	 592 
i 520	 119 	 72 
i 771	 898 	 951 
i 797	 225 	 248 
i 53	 492 	 533 
i 44	 458 	 425 
i 743	 897 	 847 
i 999	 133 	 66 
i 269	 147 	 181 
i 970	 590 	 669 
i 566	 806 	 777 
i 575	 153 	 228 
i 460	 391 	 421 
i 589	 187 	 176 
i 19	 738 	 738 
i 409	 477 	 485 
i 293	 778 	 735 
i 318	 115 	 72 
i 359	 266 	 277 
i 898	 864 	 869 
i 681	 773 	 691 
i 729	 203 	 236 
i 45	 984 	 909 
i 131	 673 	 716 
i 836	 182 	 228 
i 249	 627 	 555 
i 999	 222 	 209 
i 5	 478 	 528 
i 180	 733 	 655 
i 28	 338 	 240 
i 773	 806 	 844 
i 876	 888 	 872 
i 859	 591 	 584 
i 492	 704 	 723 
i 573	 452 	 438 
i 154	 215 	 251 
i 279	 343 	 379 
i 692	 731 	 768 
i 392	 512 	 585 
i 648	 613 	 691 
i 430	 624 	 657 
i 304	 352 	 360 
i 845	 727 	 707 
i 513	 253 	 331 
i 896	 784 	 777 
i 15	 280 	 304 
i 276	 886 	 965 
i 973	 603 	 621 
i 425	 324 	 420 
i 990	 205 	 231 
i 568	 999 	 911 
i 839	 702 	 675 
i 533	 296 	 238 
i 693	 653 	 697 
i 451	 559 	 582 
i 642	 974 	 1000 
i 515	 637 	 719 
i 69	 548 	 624 
i 309	 185 	 146 
i 415	 170 	 129 
i 415	 732 	 805 
i 81	 787 	 828 
i 290	 223 	 171 
i 900	 410 	 496 
i 405	 164 	 140 
i 377	 715 	 620 
i 968	 390 	 398 
i 461	 310 	 332 
i 544	 207 	 290 
i 612	 481 	 447 
i 311	 747 	 796 
i 72	 629 	 695 
i 199	 369 	 293 
i 535	 582 	 486 
i 595	 523 	 508 
i 276	 865 	 925 
i 590	 889 	 943 
i 814	 481 	 427 
i 922	 135 	 190 
i 340	 952 	 929 
i 56	 361 	 400 
i 639	 138 	 192 
i 930	 877 	 970 
i 461	 983 	 983 
i 924	 112 	 31 
i 773	 490 	 464 
i 649	 314 	 406 
i 66	 111 	 166 
i 93	 316 	 356 
i 40	 117 	 25 
i 321	 461 	 380 
i 352	 193 	 240 
i 214	 878 	 911 
i 196	 850 	 775 
i 198	 409 	 319 
i 625	 497 	 562 
i 854	 829 	 823 
i 854	 797 	 804 
i 86	 600 	 626 
i 94	 335 	 369 
i 488	 372 	 470 
i 581	 458 	 426 
i 444	 223 	 234 
i 276	 815 	 865 
i 611	 928 	 1018 
i 46	 973 	 988 
i 854	 818 	 804 
i 627	 350 	 306 
i 178	 830 	 804 
i 431	 503 	 495 
i 724	 211 	 301 
i 115	 204 	 210 
i 241	 510 	 605 
i 34	 117 	 67 
i 952	 787 	 860 
i 923	 743 	 825 
i 719	 366 	 419 
i 988	 748 	 726 
i 798	 112 	 126 
i 240	 442 	 342 
i 353	 855 	 900 
i 459	 812 	 879 
i 908	 397 	 313 
i 916	 377 	 299 
i 676	 602 	 515 
i 388	 482 	 580 
i 675	 403 	 444 
i 393	 195 	 234 
i 395	 543 	 542 
i 768	 162 	 209 
i 605	 162 	 79 
i 394	 807 	 816 
i 716	 665 	 656 
i 16	 737 	 711 
i 568	 838 	 747 
i 986	 898 	 885 
i 315	 889 	 811 
i 410	 630 	 631 
i 896	 362 	 442 
i 954	 804 	 837 
i 13	 569 	 523 
i 796	 649 	 682 
i 420	 248 	 225 
i 125	 655 	 635 
i 943	 987 	 1080 
i 828	 142 	 232 
i 704	 532 	 486 
i 289	 632 	 667 
i 572	 194 	 209 
i 352	 995 	 1001 
i 868	 702 	 710 
i 474	 946 	 914 
i 629	 652 	 704 
i 241	 994 	 1070 
i 227	 461 	 526 
i 262	 433 	 464 
i 736	 393 	 365 
i 323	 633 	 662 
i 417	 348 	 292 
i 412	 861 	 875 
i 77	 444 	 432 
i 17	 927 	 1010 
i 625	 341 	 349 
i 618	 127 	 184 
i 13	 914 	 816 
i 375	 760 	 715 
i 693	 455 	 357 
i 281	 775 	 741 
i 548	 464 	 514 
i 392	 661 	 593 
i 767	 283 	 230 
i 686	 675 	 625 
i 945	 601 	 676 
i 964	 196 	 195 
i 868	 895 	 897 
i 599	 906 	 983 
i 986	 262 	 277 
i 735	 271 	 342 
i 133	 568 	 549 
i 752	 346 	 406 
i 945	 491 	 504 
i 581	 703 	 653 
i 133	 930 	 870 
i 229	 823 	 755 
i 111	 377 	 283 
i 7	 831 	 857 
i 177	 730 	 753 
i 358	 357 	 327 
i 872	 232 	 229 
i 138	 594 	 541 
i 565	 417 	 353 
i 232	 921 	 974 
i 153	 258 	 337 
i 954	 436 	 361 
i 254	 583 	 530 
i 65	 612 	 560 
i 762	 286 	 270 
i 40	 836 	 891 
i 176	 263 	 293 
i 720	 695 	 752 
i 65	 908 	 878 
i 976	 183 	 200 
i 143	 864 	 911 
i 508	 774 	 812 
i 40	 887 	 976 
i 604	 209 	 111 
i 800	 427 	 481 
i 617	 801 	 863 
i 788	 603 	 700 
i 446	 293 	 334 
i 343	 994 	 1048 
i 425	 419 	 468 
i 273	 939 	 1017 
i 19	 707 	 687 
i 891	 434 	 421 
i 3	 387 	 295 
i 358	 398 	 466 
i 135	 197 	 189 
i 689	 921 	 870 
i 894	 911 	 950 
i 887	 653 	 560 
i 235	 452 	 444 
i 167	 229 	 276 
i 837	 133 	 183 
i 202	 488 	 517 
i 512	 879 	 908 
i 835	 917 	 818 
i 932	 779 	 707 
i 844	 299 	 365 
i 745	 521 	 565 
i 355	 250 	 272 
i 739	 284 	 353 
i 872	 695 	 597 
i 897	 460 	 530 
i 323	 242 	 152 
i 188	 816 	 828 
i 96	 504 	 483 
i 846	 510 	 476 
i 59	 636 	 571 
i 520	 485 	 569 
i 676	 240 	 195 
i 871	 785 	 688 
i 529	 648 	 725 
i 922	 660 	 717 
i 71	 527 	 448 
i 864	 573 	 532 
i 306	 186 	 164 
i 755	 541 	 488 
i 346	 835 	 794 
i 767	 992 	 1055 
i 913	 921 	 919 
i 671	 277 	 249 
i 277	 291 	 369 
i 894	 191 	 254 
i 363	 889 	 966 
i 884	 986 	 1036 
i 968	 359 	 270 
i 453	 707 	 769 
i 268	 918 	 849 
i 259	 292 	 377 
i 171	 129 	 196 
i 358	 567 	 569 
i 561	 891 	 948 
i 651	 796 	 832 
i 528	 633 	 541 
i 512	 532 	 617 
i 792	 310 	 389 
i 463	 361 	 330 
i 371	 194 	 217 
i 575	 335 	 410 
i 596	 269 	 178 
i 110	 126 	 107 
i 987	 580 	 673 
i 759	 390 	 413 
i 346	 995 	 924 
i 820	 146 	 177 
i 46	 971 	 960 
i 328	 880 	 962 
i 422	 301 	 257 
i 674	 850 	 921 
i 853	 740 	 731 
i 870	 782 	 794 
i 398	 254 	 264 
i 712	 224 	 186 
i 708	 773 	 804 
i 747	 902 	 897 
i 715	 598 	 602 
i 581	 997 	 1067 
i 795	 920 	 874 
i 628	 283 	 372 
i 337	 157 	 216 
i 93	 562 	 596 
i 253	 175 	 88 
i 380	 666 	 722 
i 126	 942 	 939 
i 16	 637 	 584 
i 564	 173 	 263 
i 562	 638 	 644 
i 472	 505 	 470 
i 666	 747 	 838 
i 718	 700 	 658 
i 227	 522 	 498 
i 299	 229 	 256 
i 923	 290 	 193 
i 858	 983 	 911 
i 451	 528 	 459 
i 521	 738 	 782 
i 115	 694 	 650 
i 559	 278 	 329 
i 275	 570 	 554 
i 938	 530 	 458 
i 401	 789 	 762 
i 535	 242 	 275 
i 736	 808 	 825 
i 718	 824 	 813 
i 188	 951 	 1030 
i 893	 203 	 187 
i 550	 845 	 852 
i 739	 209 	 127 
i 255	 882 	 855 
i 727	 368 	 329 
i 491	 493 	 534 
i 638	 819 	 767 
i 423	 522 	 617 
i 226	 157 	 196 
i 171	 556 	 633 
i 274	 466 	 521 
i 101	 840 	 805 
i 212	 427 	 340 
i 79	 510 	 474 
i 369	 838 	 748 
i 798	 222 	 230 
i 596	 852 	 787 
i 60	 179 	 199 
i 112	 161 	 226 
i 612	 781 	 880 
i 13	 679 	 633 
i 833	 483 	 457 
i 189	 776 	 792 
i 639	 837 	 869 
i 457	 235 	 141 
i 583	 280 	 346 
i 417	 761 	 746 
i 494	 920 	 917 
i 550	 567 	 586 
i 305	 413 	 355 
i 944	 412 	 356 
i 363	 654 	 565 
i 112	 986 	 934 
i 928	 617 	 693 
i 69	 318 	 286 
i 260	 347 	 431 
i 990	 196 	 164 
i 901	 576 	 642 
i 415	 119 	 95 
i 755	 650 	 687 
i 95	 837 	 863 
i 705	 146 	 245 
i 690	 196 	 117 
i 260	 413 	 320 
i 493	 310 	 231 
i 758	 613 	 585 
i 854	 545 	 516 
i 378	 847 	 798 
i 387	 700 	 734 
i 993	 152 	 137 
i 810	 764 	 768 
i 850	 437 	 382 
i 946	 434 	 517 
i 287	 530 	 465 
i 510	 562 	 595 
i 76	 656 	 641 
i 564	 980 	 936 
i 392	 407 	 439 
i 55	 636 	 545 
i 102	 345 	 253 
i 836	 724 	 794 
i 205	 299 	 339 
i 568	 501 	 530 
i 40	 428 	 514 
i 547	 585 	 573 
i 161	 291 	 294 
i 139	 672 	 588 
i 473	 923 	 918 
i 64	 621 	 627 
i 327	 663 	 689 
i 18	 699 	 692 
i 230	 567 	 601 
i 669	 302 	 250 
i 27	 878 	 834 
i 560	 820 	 885 
i 763	 326 	 423 
i 395	 788 	 713 
i 309	 863 	 883 
i 882	 397 	 429 
i 504	 869 	 967 
i 166	 542 	 443 
i 679	 959 	 906 
i 895	 669 	 750 
i 758	 884 	 971 
i 556	 246 	 245 
i 798	 983 	 934 
i 561	 974 	 1004 
i 407	 199 	 291 
i 729	 733 	 802 
i 582	 435 	 404 
i 68	 428 	 431 
i 23	 437 	 375 
i 651	 650 	 567 
i 521	 570 	 639 
i 673	 512 	 492 
i 654	 953 	 893 
i 625	 295 	 347 
i 725	 876 	 810 
i 425	 843 	 923 
i 791	 706 	 702 
i 149	 127 	 136 
i 516	 585 	 599 
i 123	 758 	 702 
i 639	 838 	 886 
i 92	 703 	 686 
i 40	 173 	 87 
i 247	 353 	 392 
i 108	 143 	 127 
i 932	 295 	 364 
i 601	 207 	 234 
i 620	 635 	 692 
i 154	 235 	 195 
i 883	 744 	 728 
i 701	 942 	 854 
i 368	 714 	 645 
i 439	 196 	 134 
i 711	 260 	 248 
i 748	 880 	 889 
i 956	 366 	 362 
i 65	 230 	 146 
i 654	 797 	 837 
i 794	 607 	 678 
i 507	 876 	 924 
i 442	 365 	 353 
i 121	 422 	 483 
i 217	 560 	 509 
i 385	 733 	 825 
i 250	 236 	 277 
i 537	 725 	 758 
i 671	 264 	 309 
i 443	 338 	 314 
i 2	 963 	 898 
i 862	 837 	 874 
i 149	 606 	 531 
i 498	 999 	 948 
i 4	 830 	 822 
i 703	 162 	 231 
i 845	 127 	 46 
i 536	 757 	 784 
i 709	 459 	 420 
i 965	 218 	 267 
i 924	 560 	 610 
i 741	 718 	 740 
i 299	 439 	 491 
i 298	 552 	 503 
i 108	 772 	 724 
i 166	 296 	 389 
i 184	 162 	 224 
i 910	 249 	 218 
i 303	 814 	 725 
i 424	 198 	 102 
i 928	 864 	 953 
i 613	 643 	 680 
i 982	 299 	 396 
i 478	 976 	 932 
i 223	 319 	 297 
i 431	 553 	 564 
i 488	 523 	 571 
i 644	 356 	 386 
i 436	 666 	 756 
i 534	 717 	 692 
i 382	 737 	 698 
i 980	 689 	 772 
i 193	 412 	 492 
i 168	 400 	 375 
i 401	 653 	 673 
i 898	 112 	 18 
i 363	 608 	 612 
i 639	 377 	 310 
i 264	 956 	 976 
i 946	 915 	 842 
i 650	 362 	 365 
i 302	 634 	 633 
i 640	 562 	 600 
i 965	 474 	 545 
i 576	 811 	 763 
i 578	 457 	 388 
i 137	 487 	 491 
i 437	 950 	 882 
i 389	 208 	 193 
i 294	 743 	 717 
i 576	 865 	 769 
i 165	 437 	 401 
i 672	 881 	 973 
i 81	 607 	 693 
i 869	 482 	 483 
i 260	 714 	 630 
i 683	 856 	 800 
i 627	 431 	 462 
i 737	 575 	 484 
i 449	 953 	 920 
i 298	 394 	 477 
i 665	 414 	 330 
i 531	 702 	 752 
i 90	 670 	 736 
i 508	 608 	 648 
i 187	 169 	 261 
i 26	 243 	 272 
i 386	 439 	 393 
i 907	 135 	 36 
i 855	 176 	 167 
i 175	 478 	 529 
i 517	 403 	 387 
i 182	 474 	 564 
i 812	 254 	 162 
i 372	 995 	 1004 
i 437	 731 	 778 
i 586	 697 	 749 
i 956	 382 	 311 
i 983	 624 	 534 
i 58	 633 	 715 
i 472	 151 	 68 
i 800	 824 	 844 
i 210	 309 	 365 
i 372	 266 	 285 
i 367	 304 	 397 
i 65	 792 	 772 
i 724	 558 	 656 
i 30	 346 	 435 
i 607	 477 	 563 
i 195	 526 	 623 
i 241	 446 	 438 
i 44	 521 	 473 
i 267	 167 	 161 
i 442	 864 	 932 
i 659	 504 	 445 
i 426	 475 	 429 
i 929	 834 	 933 
i 195	 826 	 731 
i 606	 779 	 805 
i 74	 717 	 782 
i 450	 707 	 621 
i 912	 227 	 149 
i 976	 459 	 435 
i 823	 878 	 942 
i 267	 738 	 734 
i 676	 924 	 1005 
i 491	 277 	 344 
i 295	 275 	 181 
i 47	 299 	 326 
i 729	 863 	 905 
i 400	 711 	 643 
i 531	 774 	 688 
i 923	 875 	 784 
i 787	 324 	 398 
i 493	 166 	 94 
i 408	 594 	 657 
i 595	 512 	 473 
i 780	 367 	 387 
i 992	 395 	 424 
i 839	 962 	 937 
i 515	 705 	 760 
i 262	 848 	 809 
i 122	 914 	 860 
i 361	 958 	 861 
i 423	 846 	 848 
i 966	 970 	 1054 
i 418	 807 	 810 
i 706	 191 	 150 
i 26	 726 	 683 
i 982	 414 	 339 
i 651	 750 	 778 
i 481	 552 	 633 
i 384	 827 	 732 
i 337	 145 	 122 
i 165	 163 	 225 
i 132	 619 	 674 
i 914	 548 	 486 
i 5	 118 	 198 
i 697	 382 	 467 
i 39	 640 	 721 
i 758	 754 	 766 
i 255	 438 	 346 
i 62	 354 	 338 
i 101	 378 	 430 
i 160	 722 	 807 
i 731	 554 	 465 
i 224	 356 	 450 
i 233	 529 	 624 
i 539	 441 	 475 
i 134	 376 	 418 
i 858	 295 	 289 
i 227	 793 	 838 
i 500	 829 	 886 
i 800	 317 	 394 
i 489	 995 	 904 
i 987	 929 	 984 
i 264	 980 	 880 
i 735	 955 	 901 
i 108	 935 	 989 
i 406	 645 	 726 
i 613	 389 	 442 
i 381	 807 	 905 
i 189	 563 	 561 
i 422	 373 	 331 
i 416	 272 	 328 
i 338	 313 	 366 
i 316	 115 	 21 
i 266	 117 	 170 
i 193	 325 	 400 
i 794	 124 	 80 
i 108	 930 	 1008 
i 891	 722 	 676 
i 400	 715 	 707 
i 695	 263 	 339 
i 876	 523 	 483 
i 105	 329 	 356 
i 110	 124 	 214 
i 117	 153 	 97 
i 358	 836 	 818 
i 373	 725 	 666 
i 295	 974 	 936 
i 982	 880 	 821 
i 662	 234 	 255 
i 834	 646 	 606 
i 299	 543 	 478 
i 544	 811 	 767 
i 559	 489 	 467 
i 607	 449 	 450 
i 423	 644 	 717 
i 115	 123 	 70 
i 86	 307 	 313 
i 951	 587 	 590 
i 91	 770 	 705 
i 693	 419 	 321 
i 180	 687 	 649 
i 967	 845 	 916 
i 394	 206 	 189 
i 773	 555 	 459 
i 374	 118 	 107 
i 388	 888 	 900 
i 609	 211 	 240 
i 146	 686 	 705 
i 887	 256 	 293 
i 235	 415 	 391 
i 883	 426 	 438 
i 709	 703 	 708 
i 816	 575 	 659 
i 316	 944 	 982 
i 324	 964 	 877 
i 199	 471 	 462 
i 313	 969 	 882 
i 959	 655 	 597 
i 124	 297 	 216 
i 466	 908 	 874 
i 821	 357 	 300 
i 487	 855 	 940 
i 10	 435 	 483 
i 946	 365 	 276 
i 906	 983 	 959 
i 313	 156 	 172 
i 279	 562 	 640 
i 891	 622 	 692 
i 101	 811 	 906 
i 997	 899 	 887 
i 276	 308 	 260 
i 114	 501 	 551 
i 479	 436 	 488 
i 765	 207 	 248 
i 747	 259 	 281 
i 798	 600 	 685 
i 306	 229 	 170 
i 881	 135 	 54 
i 669	 894 	 833 
i 556	 874 	 813 
i 778	 380 	 374 
i 217	 615 	 632 
i 583	 395 	 307 
i 691	 183 	 248 
i 858	 813 	 828 
i 410	 470 	 444 
i 542	 406 	 442 
i 569	 590 	 602 
i 451	 677 	 623 
i 310	 853 	 910 
i 612	 139 	 151 
i 180	 558 	 614 
i 500	 189 	 161 
i 581	 246 	 157 
i 371	 983 	 1065 
i 776	 606 	 570 
i 109	 939 	 1012 
i 647	 655 	 642 
i 284	 266 	 343 
i 119	 471 	 410 
i 151	 282 	 343 
i 654	 784 	 881 
i 742	 590 	 587 
i 894	 915 	 829 
i 876	 965 	 953 
i 434	 889 	 832 
i 366	 289 	 254 
i 978	 170 	 264 
i 154	 558 	 509 
i 559	 458 	 433 
i 752	 633 	 638 
i 510	 464 	 400 
i 50	 455 	 539 
i 954	 890 	 953 
i 915	 953 	 992 
i 791	 457 	 382 
i 991	 651 	 650 
i 59	 942 	 936 
i 563	 918 	 943 
i 953	 258 	 195 
i 542	 593 	 680 
i 939	 173 	 162 
i 327	 334 	 333 
i 203	 266 	 256 
i 151	 995 	 968 
i 541	 724 	 655 
i 150	 839 	 768 
i 85	 390 	 331 
i 993	 811 	 865 
i 159	 480 	 525 
i 701	 646 	 599 
i 771	 591 	 532 
i 23	 989 	 995 
i 198	 542 	 589 
i 193	 944 	 1021 
i 882	 381 	 366 
i 701	 522 	 537 
i 16	 655 	 687 
i 804	 840 	 870 
i 220	 637 	 699 
i 822	 392 	 395 
i 363	 630 	 587 
i 351	 813 	 774 
i 836	 398 	 399 
i 774	 163 	 203 
i 79	 951 	 967 
i 541	 442 	 398 
i 153	 955 	 915 
i 973	 655 	 575 
i 565	 348 	 312 
i 882	 183 	 112 
i 467	 641 	 642 
i 257	 896 	 968 
i 580	 283 	 322 
i 639	 735 	 729 
i 584	 469 	 478 
i 956	 987 	 904 
i 907	 351 	 299 
i 519	 618 	 561 
i 786	 711 	 767 
i 867	 999 	 1031 
i 464	 241 	 167 
i 348	 694 	 671 
i 542	 571 	 664 
i 244	 302 	 323 
i 647	 721 	 659 
i 632	 320 	 249 
i 902	 400 	 311 
i 473	 616 	 630 
i 149	 808 	 780 
i 149	 614 	 559 
i 295	 315 	 353 
i 952	 432 	 339 
i 470	 777 	 793 
i 685	 749 	 814 
i 371	 400 	 394 
i 607	 570 	 490 
i 932	 702 	 603 
i 501	 751 	 747 
i 286	 372 	 397 
i 851	 692 	 747 
i 83	 894 	 808 
i 444	 620 	 524 
i 194	 655 	 653 
i 912	 283 	 218 
i 239	 127 	 136 
i 756	 547 	 478 
i 422	 640 	 557 
i 143	 647 	 665 
i 437	 186 	 261 
i 92	 745 	 790 
i 973	 547 	 608 
i 546	 612 	 562 
i 159	 634 	 623 
i 353	 184 	 156 
i 372	 343 	 362 
i 862	 832 	 803 
i 459	 971 	 1026 
i 63	 162 	 245 
i 148	 686 	 657 
i 861	 576 	 565 
i 353	 333 	 317 
i 916	 164 	 257 
i 505	 389 	 314 
i 587	 787 	 782 
i 849	 218 	 287 
i 660	 750 	 792 
i 629	 177 	 111 
i 686	 868 	 814 
i 334	 796 	 772 
i 857	 223 	 171 
i 109	 620 	 638 
i 169	 994 	 996 
i 482	 964 	 867 
i 243	 187 	 207 
i 364	 611 	 601 
i 84	 477 	 399 
i 159	 221 	 269 
i 11	 373 	 358 
i 782	 580 	 632 
i 908	 919 	 943 
i 482	 245 	 290 
i 476	 773 	 852 
i 436	 339 	 315 
i 522	 353 	 377 
i 86	 889 	 986 
i 498	 402 	 316 
i 623	 503 	 449 
i 918	 273 	 221 
i 447	 654 	 558 
i 356	 442 	 528 
i 507	 994 	 976 
i 253	 753 	 830 
i 509	 662 	 627 
i 782	 999 	 1068 
i 658	 664 	 750 
i 986	 653 	 639 
i 427	 717 	 627 
i 610	 922 	 1016 
i 221	 247 	 230 
i 594	 268 	 323 
i 587	 207 	 163 
i 310	 575 	 582 
i 929	 477 	 385 
i 929	 767 	 832 
i 552	 632 	 628 
i 163	 574 	 568 
i 844	 958 	 1037 
i 757	 117 	 118 
i 911	 982 	 1027 
i 89	 466 	 430 
i 198	 266 	 347 
i 720	 517 	 460 
i 133	 993 	 922 
i 871	 144 	 59 
i 459	 878 	 903 
i 979	 420 	 478 
i 932	 839 	 866 
i 940	 748 	 726 
i 920	 310 	 271 
i 321	 957 	 935 
i 495	 354 	 372 
i 952	 274 	 236 
i 945	 468 	 456 
i 982	 600 	 563 
i 846	 668 	 722 
i 195	 339 	 389 
i 14	 155 	 192 
i 730	 721 	 746 
i 954	 183 	 192 
i 906	 454 	 527 
i 181	 804 	 776 
i 364	 441 	 404 
i 766	 717 	 669 
i 316	 223 	 171 
i 943	 504 	 421 
i 201	 303 	 259 
i 250	 973 	 932 
i 937	 694 	 599 
i 19	 362 	 458 
i 405	 848 	 925 
i 186	 730 	 643 
i 557	 163 	 149 
i 240	 443 	 382 
i 366	 675 	 677 
i 808	 891 	 882 
i 26	 970 	 1001 
i 995	 334 	 415 
i 652	 598 	 667 
i 934	 622 	 694 
i 764	 606 	 559 
i 461	 507 	 497 
i 519	 568 	 470 
i 893	 953 	 903 
i 528	 240 	 263 
i 406	 698 	 683 
i 373	 216 	 206 
i 623	 802 	 791 
i 172	 721 	 640 
i 748	 584 	 490 
i 306	 464 	 523 
i 751	 703 	 654 
i 266	 218 	 273 
i 213	 228 	 262 
i 359	 451 	 390 
i 20	 999 	 1019 
i 139	 488 	 583 
i 916	 889 	 909 
i 603	 396 	 450 
i 137	 484 	 488 
i 533	 513 	 578 
i 200	 333 	 348 
i 321	 563 	 631 
i 453	 365 	 276 
i 835	 961 	 943 
i 835	 249 	 235 
i 260	 786 	 800 
i 135	 766 	 763 
i 456	 411 	 329 
i 876	 208 	 153 
i 330	 671 	 723 
i 580	 516 	 608 
i 89	 140 	 96 
i 375	 889 	 936 
i 332	 938 	 952 
i 487	 417 	 398 
i 247	 802 	 835 
i 983	 422 	 482 
i 321	 856 	 807 
i 431	 938 	 864 
i 62	 252 	 244 
i 517	 929 	 837 
i 550	 894 	 820 
i 426	 256 	 257 
i 356	 910 	 977 
i 701	 528 	 492 
i 479	 889 	 903 
i 829	 592 	 603 
i 668	 415 	 490 
i 598	 644 	 605 
i 757	 763 	 736 
i 677	 285 	 362 
i 559	 323 	 310 
i 723	 440 	 512 
i 622	 890 	 833 
i 93	 746 	 829 
i 968	 146 	 125 
i 510	 654 	 599 
i 853	 259 	 338 
i 453	 150 	 148 
i 187	 423 	 373 
i 383	 751 	 836 
i 622	 651 	 648 
i 992	 150 	 92 
i 869	 917 	 983 
i 585	 223 	 308 
i 625	 151 	 229 
i 237	 506 	 486 
i 404	 708 	 659 
i 448	 615 	 657 
i 799	 165 	 244 
i 521	 388 	 343 
i 129	 325 	 405 
i 173	 759 	 837 
i 81	 947 	 999 
i 207	 799 	 768 
i 253	 733 	 827 
i 697	 639 	 580 
i 370	 999 	 1021 
i 937	 339 	 251 
i 998	 971 	 1043 
i 312	 879 	 855 
i 553	 239 	 241 
i 282	 151 	 187 
i 223	 946 	 998 
i 997	 736 	 830 
i 697	 157 	 101 
i 293	 133 	 217 
i 293	 320 	 277 
i 550	 865 	 810 
i 518	 921 	 866 
i 383	 798 	 805 
i 527	 249 	 167 
i 573	 702 	 676 
i 513	 421 	 440 
i 217	 211 	 229 
i 269	 184 	 141 
i 294	 383 	 399 
i 529	 312 	 386 
i 379	 570 	 554 
i 290	 771 	 859 
i 63	 972 	 936 
i 218	 561 	 631 
i 883	 642 	 627 
i 233	 973 	 1060 
i 346	 613 	 544 
i 429	 250 	 234 
i 735	 508 	 551 
i 961	 137 	 86 
i 478	 914 	 939 
i 222	 403 	 486 
i 191	 351 	 446 
i 698	 640 	 579 
i 295	 508 	 424 
i 265	 886 	 848 
i 829	 832 	 863 
i 986	 970 	 887 
i 434	 458 	 522 
i 463	 208 	 264 
i 367	 428 	 380 
i 695	 985 	 981 
i 966	 911 	 945 
i 561	 891 	 865 
i 9	 177 	 210 
i 881	 249 	 335 
i 692	 527 	 579 
i 659	 223 	 272 
i 51	 301 	 237 
i 160	 143 	 172 
i 518	 840 	 742 
i 501	 184 	 225 
i 401	 614 	 648 
i 280	 325 	 272 
i 355	 656 	 604 
i 510	 360 	 285 
i 978	 300 	 363 
i 106	 978 	 973 
i 320	 755 	 760 
i 357	 918 	 955 
i 178	 603 	 544 
i 261	 614 	 655 
i 827	 355 	 276 
i 69	 954 	 931 
i 681	 275 	 323 
i 962	 493 	 443 
i 176	 605 	 551 
i 152	 444 	 411 
i 876	 868 	 899 
i 784	 448 	 350 
i 338	 171 	 109 
i 904	 353 	 343 
i 179	 981 	 936 
i 128	 188 	 157 
i 313	 533 	 438 
i 743	 305 	 403 
i 299	 529 	 462 
i 673	 735 	 698 
i 526	 145 	 83 
i 905	 729 	 824 
i 973	 741 	 704 
i 246	 911 	 855 
i 226	 425 	 404 
i 313	 673 	 678 
i 788	 983 	 1050 
i 7	 120 	 136 
i 478	 112 	 188 
i 181	 261 	 271 
i 220	 544 	 460 
i 915	 717 	 814 
i 625	 699 	 790 
i 526	 980 	 920 
i 879	 287 	 273 
i 512	 642 	 690 
i 493	 221 	 227 
i 504	 967 	 974 
i 506	 595 	 498 
i 675	 490 	 429 
i 164	 983 	 966 
i 846	 165 	 131 
i 508	 152 	 243 
i 486	 115 	 111 
i 684	 298 	 270 
i 282	 680 	 754 
i 406	 452 	 425 
i 369	 925 	 999 
i 914	 515 	 490 
i 341	 529 	 439 
i 322	 704 	 647 
i 383	 186 	 98 
i 430	 481 	 494 
i 435	 443 	 354 
i 646	 872 	 919 
i 287	 305 	 209 
i 671	 193 	 178 
i 587	 519 	 578 
i 42	 404 	 446 
i 513	 740 	 650 
i 181	 786 	 760 
i 265	 978 	 1029 
i 681	 143 	 80 
i 55	 650 	 674 
i 911	 699 	 652 
i 130	 467 	 477 
i 222	 486 	 431 
i 681	 865 	 927 
i 13	 684 	 754 
i 720	 427 	 400 
i 480	 473 	 482 
i 455	 805 	 867 
i 492	 588 	 586 
i 99	 754 	 763 
i 760	 418 	 409 
i 162	 655 	 672 
i 584	 259 	 321 
i 433	 459 	 457 
i 78	 292 	 293 
i 434	 162 	 106 
i 841	 488 	 528 
i 622	 974 	 905 
i 160	 806 	 836 
i 883	 356 	 406 
i 229	 843 	 845 
i 841	 363 	 397 
i 9	 887 	 838 
i 401	 719 	 756 
i 605	 268 	 321 
i 663	 717 	 657 
i 87	 917 	 825 
i 58	 654 	 686 
i 840	 796 	 860 
i 117	 487 	 528 
i 940	 266 	 352 
i 224	 720 	 775 
i 98	 429 	 485 
i 781	 657 	 594 
i 958	 381 	 439 
i 641	 174 	 164 
i 548	 352 	 359 
i 160	 389 	 408 
i 931	 979 	 966 
i 355	 821 	 831 
i 530	 560 	 559 
i 216	 501 	 544 
i 574	 302 	 365 
i 189	 999 	 1018 
i 492	 275 	 286 
i 563	 977 	 916 
i 835	 491 	 540 
i 149	 971 	 1052 
i 126	 614 	 681 
i 925	 114 	 52 
i 431	 607 	 651 
i 870	 158 	 245 
i 87	 798 	 800 
i 86	 635 	 675 
i 271	 277 	 215 
i 246	 772 	 823 
i 674	 948 	 966 
i 642	 722 	 770 
i 208	 639 	 712 
i 212	 495 	 553 
i 770	 666 	 610 
i 824	 420 	 338 
i 598	 364 	 300 
i 188	 819 	 772 
i 375	 553 	 560 
i 120	 724 	 780 
i 62	 507 	 498 
i 750	 143 	 62 
i 345	 801 	 762 
i 777	 682 	 685 
i 402	 498 	 455 
i 749	 696 	 618 
i 35	 780 	 822 
i 832	 940 	 1019 
i 330	 288 	 242 
i 20	 765 	 743 
i 465	 571 	 561 
i 501	 977 	 918 
i 279	 176 	 186 
i 921	 448 	 413 
i 358	 909 	 954 
i 17	 276 	 271 
i 769	 377 	 379 
i 702	 121 	 90 
i 901	 919 	 954 
i 637	 273 	 311 
i 156	 623 	 554 
i 131	 138 	 170 
i 204	 321 	 408 
i 583	 810 	 882 
i 481	 212 	 155 
i 668	 860 	 806 
i 968	 396 	 296 
i 979	 852 	 893 
i 889	 270 	 291 
i 73	 870 	 818 
i 649	 599 	 579 
i 680	 740 	 746 
i 916	 439 	 486 
i 703	 385 	 348 
i 817	 261 	 321 
i 659	 455 	 448 
i 980	 664 	 651 
i 814	 667 	 650 
i 993	 406 	 366 
i 848	 946 	 921 
i 398	 275 	 180 
i 107	 631 	 672 
i 476	 214 	 238 
i 784	 868 	 833 
i 953	 263 	 191 
i 341	 974 	 1034 
i 963	 501 	 557 
i 589	 888 	 907 
i 921	 369 	 387 
i 861	 639 	 626 
i 47	 975 	 1042 
i 632	 998 	 1086 
i 749	 736 	 719 
i 601	 400 	 340 
i 772	 690 	 621 
i 743	 816 	 815 
i 183	 641 	 633 
i 58	 447 	 357 
i 348	 978 	 1072 
i 943	 614 	 680 
i 915	 116 	 192 
i 912	 860 	 862 
i 616	 810 	 762 
i 942	 294 	 366 
i 593	 475 	 502 
i 388	 615 	 590 
i 984	 169 	 181 
i 363	 579 	 602 
i 339	 625 	 718 
i 905	 601 	 682 
i 912	 454 	 518 
i 755	 348 	 395 
i 543	 804 	 774 
i 749	 148 	 107 
i 160	 915 	 992 
i 727	 591 	 546 
i 793	 928 	 880 
i 320	 538 	 562 
i 898	 198 	 290 
i 450	 169 	 242 
i 835	 977 	 1033 
i 103	 821 	 828 
i 882	 587 	 502 
i 924	 902 	 967 
i 829	 276 	 373 
i 370	 177 	 220 
i 289	 423 	 424 
i 769	 655 	 720 
i 868	 321 	 366 
i 933	 288 	 223 
i 908	 171 	 73 
i 708	 865 	 787 
i 245	 452 	 551 
i 135	 522 	 606 
i 320	 370 	 420 
i 395	 359 	 283 
i 746	 995 	 977 
i 359	 558 	 493 
i 595	 406 	 315 
i 794	 163 	 259 
i 862	 320 	 398 
i 710	 330 	 349 
i 95	 432 	 500 
i 558	 429 	 524 
i 849	 360 	 319 
i 129	 138 	 176 
i 124	 246 	 233 
i 627	 610 	 669 
i 959	 770 	 748 
i 18	 813 	 750 
i 254	 798 	 707 
i 501	 701 	 752 
i 862	 344 	 414 
i 221	 205 	 187 
i 501	 185 	 137 
i 532	 449 	 426 
i 684	 176 	 178 
i 247	 566 	 494 
i 988	 386 	 305 
i 779	 735 	 658 
i 552	 901 	 875 
i 216	 945 	 1019 
i 478	 731 	 777 
i 584	 601 	 691 
i 667	 967 	 958 
i 49	 309 	 406 
i 123	 655 	 689 
i 635	 222 	 305 
i 944	 347 	 428 
i 647	 435 	 472 
i 537	 539 	 486 
i 476	 869 	 859 
i 174	 754 	 840 
i 725	 518 	 521 
i 688	 477 	 413 
i 911	 883 	 829 
i 524	 872 	 843 
i 649	 581 	 678 
i 915	 508 	 594 
i 280	 426 	 442 
i 762	 147 	 70 
i 615	 359 	 378 
i 340	 763 	 816 
i 797	 703 	 701 
i 210	 273 	 209 
i 79	 437 	 355 
i 935	 644 	 667 
i 464	 959 	 912 
i 911	 950 	 886 
i 267	 892 	 884 
i 308	 521 	 465 
i 587	 627 	 694 
i 322	 267 	 202 
i 987	 951 	 1046 
i 171	 501 	 438 
i 537	 663 	 615 
i 138	 746 	 685 
i 92	 407 	 439 
i 37	 644 	 658 
i 916	 806 	 874 
i 377	 328 	 257 
i 958	 527 	 574 
i 134	 384 	 295 
i 79	 543 	 452 
i 518	 522 	 465 
i 140	 687 	 737 
i 854	 923 	 1001 
i 188	 211 	 307 
i 788	 801 	 704 
i 571	 423 	 509 
i 815	 281 	 243 
i 284	 414 	 368 
i 592	 179 	 159 
i 79	 231 	 227 
i 542	 271 	 171 
i 191	 462 	 390 
i 104	 243 	 342 
i 217	 145 	 81 
i 993	 129 	 223 
i 345	 146 	 154 
i 537	 977 	 948 
i 878	 366 	 394 
i 955	 606 	 552 
i 91	 965 	 927 
i 271	 506 	 576 
i 667	 507 	 416 
i 815	 632 	 561 
i 854	 628 	 601 
i 876	 792 	 763 
i 916	 766 	 806 
i 891	 360 	 308 
i 179	 678 	 601 
i 736	 360 	 275 
i 698	 568 	 501 
i 143	 846 	 833 
i 589	 717 	 637 
i 176	 757 	 840 
i 758	 890 	 944 
i 524	 327 	 357 
i 262	 647 	 660 
i 542	 384 	 375 
i 181	 599 	 626 
i 461	 705 	 679 
i 975	 772 	 686 
c
c
W 761041
c end of file