c Instance Type k
c
n 500
c w	 v1	 v2
i 979	 620 	 424 
i 123	 997 	 68 
i 398	 840 	 111 
i 577	 385 	 684 
i 815	 357 	 706 
i 368	 519 	 498 
i 490	 754 	 184 
i 264	 783 	 272 
i 902	 604 	 407 
i 677	 443 	 532 
i 734	 423 	 476 
i 458	 546 	 553 
i 127	 943 	 131 
i 389	 520 	 424 
i 239	 336 	 679 
i 55	 703 	 216 
i 645	 193 	 877 
i 839	 457 	 570 
i 620	 360 	 587 
i 181	 38 	 956 
i 561	 771 	 149 
i 563	 230 	 800 
i 561	 357 	 661 
i 401	 745 	 177 
i 625	 984 	 52 
i 207	 39 	 881 
i 308	 684 	 285 
i 163	 524 	 536 
i 800	 144 	 788 
i 42	 324 	 615 
i 726	 885 	 209 
i 833	 448 	 491 
i 487	 10 	 951 
i 84	 410 	 550 
i 201	 35 	 903 
i 653	 242 	 723 
i 809	 550 	 351 
i 158	 713 	 293 
i 963	 513 	 522 
i 130	 555 	 344 
i 332	 281 	 796 
i 306	 115 	 851 
i 509	 601 	 367 
i 70	 684 	 366 
i 375	 885 	 172 
i 665	 538 	 367 
i 993	 347 	 669 
i 7	 505 	 453 
i 543	 469 	 592 
i 223	 598 	 374 
i 227	 929 	 110 
i 116	 236 	 815 
i 452	 744 	 227 
i 798	 814 	 94 
i 554	 189 	 896 
i 344	 854 	 139 
i 376	 848 	 214 
i 958	 855 	 108 
i 254	 398 	 659 
i 62	 621 	 356 
i 425	 848 	 114 
i 70	 964 	 75 
i 828	 417 	 541 
i 190	 215 	 706 
i 235	 768 	 191 
i 165	 113 	 817 
i 632	 489 	 410 
i 448	 447 	 624 
i 768	 701 	 249 
i 558	 762 	 313 
i 946	 188 	 857 
i 265	 257 	 780 
i 817	 86 	 833 
i 116	 275 	 688 
i 227	 509 	 408 
i 527	 674 	 265 
i 682	 306 	 732 
i 686	 754 	 173 
i 545	 522 	 545 
i 802	 81 	 927 
i 680	 27 	 973 
i 408	 291 	 617 
i 99	 109 	 817 
i 207	 224 	 757 
i 529	 451 	 632 
i 619	 977 	 72 
i 823	 660 	 419 
i 515	 346 	 684 
i 655	 891 	 43 
i 496	 693 	 257 
i 100	 374 	 581 
i 890	 781 	 233 
i 938	 879 	 157 
i 74	 86 	 982 
i 483	 615 	 355 
i 402	 235 	 731 
i 994	 58 	 999 
i 893	 573 	 394 
i 546	 228 	 717 
i 720	 724 	 360 
i 975	 823 	 135 
i 258	 713 	 201 
i 831	 652 	 439 
i 513	 725 	 182 
i 419	 209 	 822 
i 775	 610 	 468 
i 109	 605 	 485 
i 103	 498 	 506 
i 443	 44 	 963 
i 674	 764 	 230 
i 598	 740 	 218 
i 895	 997 	 1 
i 974	 828 	 204 
i 932	 342 	 635 
i 976	 760 	 259 
i 636	 535 	 405 
i 529	 644 	 418 
i 480	 747 	 214 
i 3	 191 	 779 
i 754	 864 	 59 
i 230	 463 	 608 
i 527	 359 	 712 
i 539	 333 	 703 
i 204	 266 	 638 
i 594	 243 	 814 
i 193	 878 	 86 
i 401	 408 	 685 
i 215	 887 	 155 
i 527	 890 	 190 
i 882	 644 	 409 
i 3	 873 	 72 
i 862	 401 	 616 
i 720	 940 	 147 
i 407	 145 	 792 
i 435	 738 	 248 
i 224	 930 	 53 
i 547	 332 	 711 
i 515	 546 	 475 
i 230	 73 	 912 
i 136	 955 	 20 
i 905	 957 	 2 
i 138	 820 	 162 
i 729	 540 	 431 
i 654	 946 	 77 
i 844	 382 	 565 
i 278	 605 	 328 
i 590	 152 	 847 
i 310	 667 	 241 
i 917	 897 	 26 
i 415	 33 	 876 
i 558	 937 	 5 
i 574	 76 	 974 
i 991	 805 	 173 
i 350	 459 	 508 
i 852	 304 	 740 
i 93	 582 	 382 
i 263	 172 	 823 
i 765	 482 	 446 
i 813	 399 	 508 
i 934	 814 	 100 
i 11	 372 	 529 
i 45	 945 	 13 
i 899	 937 	 145 
i 294	 287 	 683 
i 634	 139 	 892 
i 357	 232 	 715 
i 684	 495 	 486 
i 165	 260 	 818 
i 311	 73 	 876 
i 355	 8 	 902 
i 431	 19 	 937 
i 445	 64 	 905 
i 535	 962 	 49 
i 430	 256 	 773 
i 784	 890 	 167 
i 443	 248 	 654 
i 683	 932 	 86 
i 95	 97 	 955 
i 988	 407 	 662 
i 282	 761 	 309 
i 389	 193 	 881 
i 868	 637 	 449 
i 293	 173 	 906 
i 654	 602 	 327 
i 303	 386 	 521 
i 91	 829 	 128 
i 109	 512 	 431 
i 622	 607 	 356 
i 395	 595 	 449 
i 241	 877 	 119 
i 94	 266 	 769 
i 965	 134 	 828 
i 899	 427 	 570 
i 797	 82 	 833 
i 949	 384 	 611 
i 992	 474 	 486 
i 283	 583 	 480 
i 506	 205 	 779 
i 824	 599 	 304 
i 550	 840 	 239 
i 38	 933 	 27 
i 718	 899 	 60 
i 36	 799 	 245 
i 525	 596 	 465 
i 617	 546 	 391 
i 96	 538 	 494 
i 403	 821 	 127 
i 222	 327 	 662 
i 648	 152 	 757 
i 669	 701 	 377 
i 567	 739 	 325 
i 731	 457 	 587 
i 30	 493 	 511 
i 755	 19 	 894 
i 562	 636 	 396 
i 752	 731 	 208 
i 417	 135 	 769 
i 664	 357 	 612 
i 116	 5 	 947 
i 168	 674 	 266 
i 59	 241 	 847 
i 884	 972 	 51 
i 609	 3 	 988 
i 133	 757 	 325 
i 252	 319 	 690 
i 916	 72 	 875 
i 121	 488 	 494 
i 145	 152 	 902 
i 497	 268 	 787 
i 1	 435 	 554 
i 206	 494 	 543 
i 151	 378 	 654 
i 552	 987 	 75 
i 446	 120 	 864 
i 359	 372 	 676 
i 906	 289 	 773 
i 187	 409 	 550 
i 601	 554 	 435 
i 373	 52 	 957 
i 150	 53 	 869 
i 600	 259 	 770 
i 291	 409 	 495 
i 954	 961 	 1 
i 619	 407 	 519 
i 43	 766 	 234 
i 784	 672 	 386 
i 598	 859 	 80 
i 899	 460 	 591 
i 352	 832 	 229 
i 72	 982 	 101 
i 227	 582 	 340 
i 875	 872 	 133 
i 902	 827 	 170 
i 916	 447 	 632 
i 51	 489 	 543 
i 557	 274 	 692 
i 352	 871 	 67 
i 556	 770 	 260 
i 314	 123 	 873 
i 123	 194 	 799 
i 983	 421 	 488 
i 103	 296 	 788 
i 631	 198 	 851 
i 121	 115 	 823 
i 18	 166 	 870 
i 680	 722 	 369 
i 15	 75 	 970 
i 209	 630 	 390 
i 862	 943 	 113 
i 350	 66 	 986 
i 818	 50 	 900 
i 868	 152 	 874 
i 792	 783 	 283 
i 543	 903 	 186 
i 740	 920 	 20 
i 426	 600 	 466 
i 386	 615 	 466 
i 218	 824 	 183 
i 820	 687 	 308 
i 544	 37 	 937 
i 463	 854 	 165 
i 802	 723 	 326 
i 438	 515 	 491 
i 272	 59 	 909 
i 220	 798 	 172 
i 333	 225 	 866 
i 168	 611 	 403 
i 78	 828 	 150 
i 617	 649 	 266 
i 100	 194 	 729 
i 647	 656 	 438 
i 245	 459 	 580 
i 994	 897 	 44 
i 527	 169 	 784 
i 962	 388 	 525 
i 320	 720 	 238 
i 278	 888 	 193 
i 850	 965 	 99 
i 248	 582 	 394 
i 332	 681 	 333 
i 452	 329 	 616 
i 427	 574 	 464 
i 126	 568 	 449 
i 339	 95 	 952 
i 611	 58 	 864 
i 681	 378 	 695 
i 976	 655 	 395 
i 882	 505 	 538 
i 617	 752 	 207 
i 1	 84 	 996 
i 577	 536 	 425 
i 810	 963 	 121 
i 503	 89 	 896 
i 92	 427 	 582 
i 850	 39 	 944 
i 995	 720 	 376 
i 861	 697 	 330 
i 616	 580 	 348 
i 336	 197 	 882 
i 638	 198 	 898 
i 621	 775 	 227 
i 934	 585 	 410 
i 820	 89 	 918 
i 275	 181 	 918 
i 823	 31 	 872 
i 430	 27 	 968 
i 414	 888 	 101 
i 54	 504 	 401 
i 198	 840 	 104 
i 95	 478 	 506 
i 76	 100 	 839 
i 593	 34 	 971 
i 74	 854 	 220 
i 642	 129 	 781 
i 638	 952 	 12 
i 672	 382 	 539 
i 427	 796 	 303 
i 878	 850 	 150 
i 909	 48 	 902 
i 138	 143 	 921 
i 563	 219 	 864 
i 763	 811 	 279 
i 550	 885 	 176 
i 425	 527 	 560 
i 480	 165 	 912 
i 565	 836 	 117 
i 676	 264 	 648 
i 676	 142 	 941 
i 179	 51 	 994 
i 522	 188 	 732 
i 343	 751 	 213 
i 264	 515 	 411 
i 217	 65 	 837 
i 25	 489 	 520 
i 961	 968 	 94 
i 849	 534 	 475 
i 121	 210 	 852 
i 188	 885 	 206 
i 106	 65 	 835 
i 71	 587 	 351 
i 178	 930 	 160 
i 504	 194 	 797 
i 642	 411 	 593 
i 665	 436 	 465 
i 216	 397 	 699 
i 930	 247 	 755 
i 482	 367 	 678 
i 297	 555 	 467 
i 253	 660 	 375 
i 260	 730 	 222 
i 455	 908 	 37 
i 401	 412 	 564 
i 861	 55 	 968 
i 386	 719 	 227 
i 400	 935 	 104 
i 383	 865 	 210 
i 900	 347 	 601 
i 627	 644 	 415 
i 239	 897 	 94 
i 916	 157 	 780 
i 181	 612 	 306 
i 375	 13 	 944 
i 763	 874 	 138 
i 562	 260 	 696 
i 796	 660 	 283 
i 427	 44 	 867 
i 305	 943 	 67 
i 550	 570 	 344 
i 349	 809 	 285 
i 808	 726 	 199 
i 998	 906 	 144 
i 97	 282 	 768 
i 607	 45 	 945 
i 172	 606 	 471 
i 456	 402 	 607 
i 676	 829 	 189 
i 760	 135 	 872 
i 193	 684 	 236 
i 269	 33 	 989 
i 242	 841 	 187 
i 372	 840 	 169 
i 115	 936 	 136 
i 869	 544 	 531 
i 498	 715 	 280 
i 388	 172 	 904 
i 937	 847 	 195 
i 532	 608 	 461 
i 70	 800 	 206 
i 178	 70 	 925 
i 96	 311 	 669 
i 740	 683 	 265 
i 291	 797 	 138 
i 123	 666 	 379 
i 999	 165 	 823 
i 482	 552 	 470 
i 367	 490 	 501 
i 81	 22 	 885 
i 929	 92 	 975 
i 462	 270 	 818 
i 28	 366 	 583 
i 435	 106 	 980 
i 681	 396 	 649 
i 865	 519 	 459 
i 593	 518 	 493 
i 37	 1 	 909 
i 651	 367 	 653 
i 114	 448 	 576 
i 185	 377 	 666 
i 56	 838 	 259 
i 996	 866 	 104 
i 247	 301 	 690 
i 181	 982 	 100 
i 912	 847 	 127 
i 309	 441 	 637 
i 871	 477 	 601 
i 985	 128 	 823 
i 590	 242 	 799 
i 217	 426 	 489 
i 934	 482 	 602 
i 922	 478 	 579 
i 276	 725 	 191 
i 735	 906 	 13 
i 590	 818 	 265 
i 965	 128 	 843 
i 858	 998 	 85 
i 751	 983 	 112 
i 12	 573 	 367 
i 718	 789 	 237 
i 803	 724 	 197 
i 725	 647 	 370 
i 514	 922 	 56 
i 603	 658 	 285 
i 675	 249 	 658 
i 594	 214 	 718 
i 953	 72 	 855 
i 789	 823 	 106 
i 754	 834 	 210 
i 959	 553 	 449 
i 591	 356 	 590 
i 705	 82 	 978 
i 297	 595 	 466 
i 613	 199 	 793 
i 836	 873 	 169 
i 877	 467 	 618 
i 47	 421 	 678 
i 213	 211 	 853 
i 363	 964 	 89 
i 87	 923 	 36 
i 600	 515 	 497 
i 838	 221 	 807 
i 722	 518 	 429 
i 530	 131 	 856 
i 995	 967 	 41 
i 709	 845 	 210 
i 637	 891 	 48 
i 636	 105 	 876 
i 458	 468 	 506 
i 115	 554 	 405 
i 323	 155 	 907 
i 887	 992 	 3 
i 533	 715 	 295 
i 774	 245 	 791 
i 215	 241 	 789 
i 528	 950 	 74 
i 309	 587 	 390 
i 510	 224 	 774 
i 922	 681 	 411 
i 299	 795 	 207 
i 599	 119 	 914 
i 414	 7 	 963 
i 450	 540 	 435 
i 4	 315 	 709 
i 689	 529 	 543 
i 341	 58 	 970 
i 839	 366 	 613 
i 228	 876 	 148 
i 722	 799 	 161 
i 683	 98 	 821 
i 200	 696 	 247 
i 870	 111 	 833 
c
c
W 124346
c end of file