c Instance Type c
c
n 1000
c w	 v1	 v2
i 420	 549 	 510 
i 608	 155 	 146 
i 932	 532 	 480 
i 757	 347 	 441 
i 475	 175 	 134 
i 21	 963 	 1013 
i 771	 208 	 160 
i 795	 654 	 635 
i 689	 895 	 853 
i 13	 483 	 467 
i 507	 713 	 781 
i 556	 988 	 978 
i 31	 508 	 484 
i 297	 722 	 649 
i 370	 698 	 721 
i 329	 963 	 990 
i 438	 743 	 724 
i 49	 974 	 914 
i 931	 450 	 528 
i 350	 711 	 791 
i 28	 198 	 180 
i 16	 947 	 1040 
i 463	 458 	 557 
i 150	 798 	 757 
i 811	 922 	 955 
i 770	 580 	 678 
i 482	 256 	 242 
i 453	 618 	 614 
i 834	 798 	 780 
i 510	 702 	 754 
i 609	 617 	 675 
i 549	 982 	 1043 
i 939	 954 	 907 
i 713	 952 	 935 
i 626	 326 	 271 
i 155	 917 	 1016 
i 319	 912 	 908 
i 889	 406 	 492 
i 663	 834 	 887 
i 328	 311 	 266 
i 898	 989 	 1066 
i 878	 803 	 790 
i 827	 630 	 605 
i 774	 868 	 786 
i 17	 351 	 394 
i 923	 555 	 629 
i 825	 555 	 493 
i 158	 983 	 898 
i 971	 925 	 973 
i 198	 720 	 634 
i 186	 969 	 1062 
i 963	 870 	 939 
i 548	 370 	 404 
i 400	 706 	 695 
i 670	 787 	 780 
i 170	 536 	 513 
i 670	 422 	 364 
i 651	 592 	 566 
i 567	 662 	 630 
i 254	 434 	 442 
i 219	 497 	 542 
i 74	 469 	 507 
i 366	 334 	 281 
i 37	 933 	 960 
i 797	 443 	 404 
i 277	 857 	 852 
i 627	 314 	 243 
i 169	 504 	 563 
i 789	 835 	 808 
i 153	 251 	 275 
i 587	 732 	 799 
i 990	 488 	 570 
i 242	 213 	 168 
i 167	 425 	 388 
i 542	 992 	 914 
i 381	 377 	 354 
i 610	 803 	 706 
i 53	 935 	 872 
i 866	 757 	 851 
i 25	 194 	 119 
i 723	 746 	 788 
i 149	 603 	 644 
i 264	 526 	 615 
i 617	 774 	 696 
i 609	 165 	 195 
i 909	 265 	 172 
i 688	 612 	 641 
i 616	 627 	 666 
i 343	 791 	 804 
i 437	 769 	 787 
i 152	 882 	 844 
i 706	 629 	 621 
i 174	 367 	 412 
i 920	 319 	 287 
i 982	 420 	 510 
i 157	 113 	 185 
i 720	 145 	 155 
i 301	 719 	 652 
i 67	 451 	 452 
i 807	 954 	 1043 
i 675	 590 	 509 
i 259	 868 	 929 
i 547	 390 	 485 
i 781	 147 	 227 
i 129	 453 	 529 
i 132	 412 	 319 
i 171	 290 	 341 
i 855	 780 	 691 
i 239	 928 	 853 
i 188	 492 	 578 
i 726	 444 	 465 
i 579	 532 	 605 
i 893	 359 	 341 
i 935	 341 	 279 
i 321	 252 	 216 
i 659	 147 	 137 
i 860	 181 	 206 
i 613	 856 	 852 
i 533	 908 	 951 
i 961	 131 	 212 
i 338	 960 	 986 
i 811	 612 	 554 
i 92	 494 	 415 
i 350	 861 	 769 
i 509	 146 	 118 
i 550	 433 	 337 
i 629	 838 	 914 
i 467	 505 	 504 
i 365	 932 	 837 
i 387	 683 	 780 
i 343	 601 	 566 
i 906	 275 	 202 
i 338	 464 	 409 
i 183	 559 	 574 
i 222	 596 	 513 
i 585	 918 	 945 
i 403	 937 	 890 
i 846	 832 	 878 
i 770	 383 	 302 
i 415	 407 	 404 
i 965	 398 	 463 
i 151	 689 	 736 
i 549	 812 	 726 
i 54	 127 	 78 
i 600	 642 	 637 
i 508	 721 	 633 
i 438	 399 	 392 
i 249	 636 	 598 
i 555	 401 	 317 
i 889	 489 	 488 
i 213	 922 	 914 
i 862	 770 	 792 
i 651	 535 	 467 
i 670	 601 	 544 
i 268	 829 	 892 
i 953	 365 	 329 
i 278	 422 	 474 
i 869	 837 	 739 
i 197	 226 	 239 
i 622	 300 	 291 
i 534	 743 	 776 
i 276	 266 	 272 
i 754	 813 	 749 
i 306	 958 	 1028 
i 114	 262 	 185 
i 401	 987 	 901 
i 750	 387 	 357 
i 567	 176 	 120 
i 697	 185 	 168 
i 910	 689 	 596 
i 622	 205 	 219 
i 797	 798 	 868 
i 587	 381 	 401 
i 541	 543 	 625 
i 711	 412 	 316 
i 697	 519 	 503 
i 9	 584 	 519 
i 82	 897 	 945 
i 166	 205 	 192 
i 816	 577 	 547 
i 921	 612 	 706 
i 695	 234 	 287 
i 1	 990 	 961 
i 487	 638 	 717 
i 826	 559 	 580 
i 286	 580 	 541 
i 818	 958 	 920 
i 703	 225 	 204 
i 809	 885 	 897 
i 334	 387 	 362 
i 898	 698 	 657 
i 37	 673 	 772 
i 27	 469 	 568 
i 620	 786 	 782 
i 125	 696 	 657 
i 652	 348 	 367 
i 606	 620 	 602 
i 734	 900 	 823 
i 605	 363 	 448 
i 916	 862 	 814 
i 577	 309 	 240 
i 210	 575 	 514 
i 613	 571 	 515 
i 374	 567 	 635 
i 33	 996 	 1089 
i 300	 382 	 405 
i 872	 911 	 855 
i 760	 390 	 481 
i 45	 494 	 506 
i 889	 429 	 425 
i 113	 661 	 572 
i 635	 802 	 755 
i 154	 976 	 1052 
i 667	 284 	 234 
i 663	 144 	 101 
i 968	 114 	 131 
i 869	 664 	 655 
i 185	 864 	 807 
i 616	 827 	 779 
i 974	 440 	 370 
i 593	 867 	 820 
i 372	 917 	 997 
i 345	 266 	 177 
i 541	 160 	 204 
i 579	 386 	 362 
i 582	 641 	 611 
i 205	 272 	 216 
i 53	 680 	 661 
i 858	 875 	 779 
i 228	 220 	 319 
i 79	 357 	 375 
i 986	 594 	 686 
i 162	 506 	 467 
i 218	 556 	 625 
i 527	 308 	 293 
i 124	 650 	 552 
i 306	 965 	 908 
i 946	 275 	 228 
i 806	 637 	 562 
i 930	 658 	 628 
i 208	 657 	 643 
i 751	 294 	 277 
i 197	 261 	 277 
i 697	 535 	 594 
i 919	 402 	 367 
i 527	 782 	 771 
i 488	 792 	 843 
i 672	 983 	 1023 
i 265	 332 	 333 
i 880	 444 	 431 
i 495	 758 	 787 
i 701	 254 	 233 
i 870	 626 	 644 
i 349	 253 	 211 
i 676	 962 	 903 
i 432	 362 	 409 
i 198	 761 	 705 
i 180	 544 	 623 
i 429	 279 	 211 
i 803	 732 	 640 
i 532	 233 	 240 
i 693	 808 	 755 
i 273	 272 	 193 
i 433	 800 	 791 
i 390	 169 	 95 
i 673	 356 	 369 
i 405	 121 	 173 
i 892	 320 	 408 
i 83	 228 	 202 
i 781	 371 	 305 
i 918	 408 	 449 
i 703	 885 	 864 
i 885	 208 	 242 
i 661	 304 	 224 
i 727	 711 	 709 
i 3	 830 	 763 
i 15	 444 	 458 
i 251	 233 	 226 
i 383	 183 	 192 
i 677	 513 	 478 
i 12	 668 	 617 
i 883	 407 	 497 
i 992	 762 	 829 
i 211	 470 	 469 
i 886	 563 	 507 
i 695	 113 	 58 
i 71	 262 	 210 
i 209	 771 	 769 
i 290	 295 	 369 
i 742	 782 	 792 
i 370	 185 	 197 
i 704	 404 	 393 
i 437	 359 	 346 
i 842	 213 	 242 
i 351	 654 	 661 
i 354	 852 	 798 
i 524	 164 	 124 
i 268	 377 	 379 
i 475	 814 	 874 
i 231	 702 	 710 
i 314	 303 	 385 
i 644	 804 	 827 
i 923	 311 	 221 
i 40	 702 	 781 
i 650	 391 	 340 
i 485	 867 	 887 
i 545	 185 	 110 
i 844	 453 	 431 
i 635	 908 	 981 
i 301	 731 	 650 
i 518	 325 	 307 
i 297	 249 	 160 
i 523	 798 	 894 
i 189	 846 	 749 
i 503	 754 	 788 
i 355	 974 	 905 
i 438	 619 	 658 
i 823	 731 	 739 
i 720	 192 	 128 
i 419	 964 	 960 
i 660	 163 	 262 
i 815	 530 	 489 
i 589	 580 	 643 
i 416	 563 	 464 
i 141	 581 	 583 
i 112	 288 	 361 
i 684	 426 	 386 
i 382	 159 	 84 
i 473	 643 	 712 
i 433	 803 	 756 
i 492	 342 	 427 
i 963	 341 	 389 
i 492	 604 	 570 
i 1	 443 	 492 
i 530	 450 	 527 
i 729	 904 	 1003 
i 84	 784 	 820 
i 138	 165 	 77 
i 736	 278 	 285 
i 515	 142 	 236 
i 775	 379 	 371 
i 35	 314 	 299 
i 589	 974 	 1057 
i 963	 380 	 463 
i 345	 155 	 144 
i 237	 944 	 879 
i 993	 943 	 895 
i 55	 661 	 640 
i 243	 719 	 645 
i 279	 308 	 337 
i 581	 282 	 266 
i 810	 694 	 685 
i 781	 184 	 93 
i 85	 111 	 13 
i 135	 929 	 900 
i 73	 439 	 457 
i 9	 597 	 614 
i 628	 829 	 857 
i 312	 294 	 370 
i 534	 413 	 345 
i 727	 991 	 1039 
i 384	 480 	 490 
i 467	 888 	 854 
i 468	 931 	 914 
i 388	 941 	 951 
i 757	 368 	 393 
i 304	 894 	 921 
i 112	 526 	 478 
i 318	 207 	 222 
i 659	 992 	 914 
i 649	 248 	 315 
i 65	 908 	 852 
i 939	 511 	 548 
i 861	 809 	 740 
i 795	 293 	 301 
i 85	 785 	 745 
i 965	 453 	 474 
i 433	 130 	 173 
i 542	 364 	 271 
i 534	 876 	 914 
i 688	 975 	 943 
i 585	 831 	 812 
i 36	 139 	 108 
i 820	 751 	 692 
i 26	 890 	 790 
i 784	 484 	 401 
i 170	 752 	 662 
i 192	 401 	 398 
i 477	 150 	 55 
i 339	 181 	 193 
i 310	 799 	 748 
i 121	 215 	 281 
i 153	 578 	 652 
i 872	 886 	 924 
i 749	 182 	 225 
i 170	 185 	 185 
i 891	 264 	 298 
i 219	 311 	 383 
i 264	 744 	 711 
i 343	 770 	 805 
i 118	 381 	 478 
i 235	 603 	 524 
i 760	 456 	 407 
i 632	 340 	 266 
i 713	 954 	 1030 
i 797	 702 	 612 
i 969	 257 	 345 
i 196	 853 	 785 
i 908	 730 	 715 
i 650	 142 	 195 
i 954	 744 	 821 
i 508	 732 	 656 
i 896	 828 	 904 
i 155	 170 	 172 
i 105	 288 	 233 
i 769	 183 	 87 
i 934	 230 	 328 
i 769	 180 	 117 
i 467	 325 	 244 
i 502	 704 	 753 
i 215	 499 	 539 
i 914	 399 	 340 
i 721	 507 	 428 
i 788	 402 	 354 
i 988	 859 	 831 
i 70	 172 	 98 
i 204	 193 	 106 
i 282	 187 	 254 
i 523	 355 	 315 
i 190	 441 	 502 
i 627	 217 	 121 
i 952	 840 	 926 
i 399	 136 	 167 
i 727	 230 	 218 
i 569	 461 	 447 
i 638	 785 	 785 
i 731	 904 	 945 
i 818	 965 	 1062 
i 94	 821 	 823 
i 466	 203 	 243 
i 585	 919 	 884 
i 405	 938 	 894 
i 434	 880 	 915 
i 569	 574 	 555 
i 963	 969 	 1063 
i 722	 464 	 486 
i 615	 910 	 878 
i 577	 649 	 581 
i 376	 638 	 589 
i 479	 203 	 247 
i 389	 825 	 786 
i 320	 228 	 270 
i 185	 477 	 406 
i 706	 191 	 233 
i 671	 552 	 587 
i 70	 529 	 509 
i 968	 185 	 88 
i 575	 491 	 509 
i 169	 636 	 729 
i 272	 864 	 853 
i 77	 617 	 684 
i 209	 889 	 820 
i 621	 633 	 601 
i 712	 763 	 672 
i 208	 510 	 553 
i 679	 223 	 280 
i 763	 579 	 630 
i 191	 593 	 559 
i 782	 231 	 230 
i 630	 203 	 257 
i 199	 600 	 669 
i 76	 455 	 366 
i 663	 593 	 628 
i 398	 896 	 873 
i 846	 937 	 956 
i 973	 687 	 642 
i 501	 497 	 404 
i 45	 280 	 225 
i 180	 574 	 476 
i 284	 129 	 157 
i 834	 814 	 881 
i 221	 678 	 761 
i 764	 728 	 743 
i 647	 440 	 535 
i 577	 785 	 849 
i 225	 426 	 485 
i 660	 670 	 629 
i 851	 704 	 672 
i 373	 907 	 911 
i 394	 917 	 977 
i 186	 598 	 625 
i 824	 456 	 527 
i 519	 380 	 404 
i 889	 895 	 849 
i 648	 873 	 942 
i 3	 715 	 629 
i 632	 533 	 579 
i 299	 797 	 813 
i 196	 212 	 303 
i 104	 675 	 645 
i 652	 501 	 508 
i 41	 179 	 151 
i 344	 943 	 1019 
i 226	 608 	 662 
i 84	 848 	 831 
i 764	 713 	 697 
i 240	 778 	 688 
i 13	 541 	 511 
i 126	 171 	 180 
i 760	 134 	 164 
i 199	 446 	 406 
i 276	 924 	 892 
i 213	 357 	 394 
i 772	 252 	 334 
i 602	 936 	 1035 
i 280	 419 	 470 
i 31	 793 	 892 
i 514	 839 	 741 
i 582	 262 	 189 
i 608	 748 	 827 
i 986	 437 	 356 
i 901	 705 	 679 
i 180	 120 	 136 
i 338	 730 	 701 
i 267	 652 	 743 
i 614	 649 	 596 
i 381	 435 	 388 
i 201	 435 	 491 
i 371	 445 	 417 
i 88	 567 	 661 
i 455	 476 	 567 
i 124	 562 	 633 
i 135	 893 	 800 
i 831	 524 	 499 
i 441	 841 	 869 
i 47	 804 	 755 
i 412	 126 	 153 
i 776	 365 	 432 
i 153	 171 	 113 
i 665	 494 	 453 
i 77	 470 	 520 
i 584	 432 	 507 
i 464	 308 	 210 
i 928	 342 	 410 
i 749	 677 	 633 
i 529	 361 	 326 
i 547	 590 	 638 
i 833	 270 	 273 
i 901	 127 	 160 
i 333	 314 	 281 
i 737	 579 	 561 
i 100	 359 	 458 
i 321	 248 	 239 
i 582	 258 	 235 
i 220	 117 	 44 
i 501	 369 	 402 
i 41	 662 	 604 
i 220	 432 	 341 
i 239	 892 	 981 
i 468	 599 	 555 
i 994	 897 	 800 
i 274	 373 	 296 
i 429	 369 	 356 
i 594	 777 	 681 
i 602	 231 	 179 
i 893	 353 	 401 
i 514	 945 	 1001 
i 875	 245 	 145 
i 755	 287 	 235 
i 305	 240 	 281 
i 189	 490 	 530 
i 485	 506 	 601 
i 775	 611 	 591 
i 525	 112 	 211 
i 660	 131 	 151 
i 933	 345 	 343 
i 871	 115 	 16 
i 23	 811 	 887 
i 221	 813 	 840 
i 367	 138 	 226 
i 793	 767 	 693 
i 239	 503 	 526 
i 802	 482 	 460 
i 804	 841 	 924 
i 827	 841 	 856 
i 91	 486 	 488 
i 97	 926 	 902 
i 883	 933 	 914 
i 673	 830 	 855 
i 704	 509 	 607 
i 443	 459 	 516 
i 883	 577 	 481 
i 301	 237 	 302 
i 124	 586 	 612 
i 944	 513 	 504 
i 367	 138 	 147 
i 284	 592 	 620 
i 209	 932 	 937 
i 18	 403 	 343 
i 466	 960 	 1041 
i 858	 953 	 922 
i 383	 762 	 708 
i 526	 784 	 790 
i 62	 630 	 661 
i 514	 302 	 322 
i 545	 709 	 802 
i 87	 307 	 257 
i 11	 881 	 873 
i 340	 461 	 456 
i 295	 641 	 729 
i 243	 557 	 617 
i 975	 867 	 804 
i 733	 184 	 226 
i 318	 658 	 712 
i 533	 352 	 309 
i 206	 886 	 952 
i 427	 858 	 941 
i 294	 193 	 278 
i 688	 602 	 555 
i 285	 139 	 151 
i 787	 979 	 1040 
i 637	 804 	 860 
i 720	 969 	 972 
i 336	 714 	 780 
i 607	 512 	 485 
i 480	 768 	 782 
i 320	 618 	 717 
i 413	 545 	 503 
i 965	 482 	 578 
i 997	 721 	 673 
i 974	 333 	 243 
i 754	 161 	 198 
i 720	 856 	 837 
i 399	 425 	 474 
i 850	 277 	 247 
i 590	 602 	 668 
i 161	 221 	 151 
i 650	 220 	 233 
i 69	 480 	 486 
i 754	 462 	 467 
i 6	 698 	 698 
i 62	 744 	 695 
i 899	 468 	 563 
i 254	 832 	 807 
i 440	 606 	 551 
i 993	 919 	 982 
i 118	 770 	 865 
i 242	 906 	 931 
i 657	 519 	 557 
i 53	 991 	 980 
i 713	 572 	 562 
i 426	 129 	 132 
i 828	 357 	 340 
i 640	 336 	 369 
i 198	 670 	 591 
i 108	 870 	 790 
i 849	 706 	 649 
i 744	 685 	 677 
i 204	 353 	 276 
i 195	 971 	 905 
i 713	 481 	 557 
i 734	 885 	 847 
i 12	 455 	 382 
i 266	 825 	 880 
i 894	 530 	 625 
i 749	 627 	 543 
i 419	 718 	 804 
i 66	 914 	 949 
i 339	 435 	 511 
i 307	 540 	 455 
i 724	 691 	 749 
i 596	 588 	 592 
i 983	 864 	 871 
i 787	 987 	 1047 
i 260	 791 	 830 
i 840	 771 	 760 
i 524	 847 	 919 
i 428	 788 	 874 
i 792	 503 	 456 
i 275	 399 	 414 
i 928	 468 	 428 
i 466	 282 	 361 
i 314	 748 	 824 
i 300	 336 	 369 
i 66	 160 	 245 
i 809	 779 	 832 
i 637	 286 	 244 
i 399	 166 	 210 
i 840	 993 	 995 
i 166	 344 	 401 
i 567	 856 	 899 
i 759	 235 	 171 
i 477	 144 	 143 
i 731	 928 	 987 
i 787	 633 	 705 
i 540	 569 	 603 
i 737	 364 	 325 
i 800	 625 	 666 
i 792	 377 	 386 
i 55	 833 	 875 
i 893	 645 	 601 
i 34	 394 	 302 
i 72	 557 	 560 
i 990	 998 	 947 
i 578	 818 	 725 
i 95	 696 	 711 
i 380	 404 	 366 
i 958	 678 	 600 
i 258	 418 	 499 
i 71	 906 	 998 
i 672	 651 	 721 
i 990	 901 	 978 
i 492	 937 	 1028 
i 491	 509 	 599 
i 287	 730 	 735 
i 944	 763 	 787 
i 275	 387 	 287 
i 912	 667 	 759 
i 259	 768 	 711 
i 153	 686 	 643 
i 761	 651 	 743 
i 651	 522 	 612 
i 581	 423 	 411 
i 29	 387 	 473 
i 726	 342 	 286 
i 460	 812 	 745 
i 771	 477 	 465 
i 397	 479 	 449 
i 138	 445 	 467 
i 784	 639 	 691 
i 392	 896 	 901 
i 855	 861 	 796 
i 207	 818 	 869 
i 517	 324 	 381 
i 778	 266 	 268 
i 567	 463 	 557 
i 979	 610 	 658 
i 395	 112 	 40 
i 770	 426 	 381 
i 365	 969 	 881 
i 249	 760 	 750 
i 93	 338 	 299 
i 888	 495 	 498 
i 129	 279 	 185 
i 304	 977 	 1039 
i 700	 543 	 518 
i 262	 519 	 490 
i 264	 291 	 341 
i 619	 417 	 421 
i 585	 664 	 741 
i 316	 720 	 647 
i 571	 235 	 181 
i 4	 511 	 434 
i 193	 970 	 919 
i 168	 999 	 1009 
i 655	 832 	 782 
i 115	 280 	 282 
i 318	 599 	 654 
i 662	 379 	 358 
i 285	 845 	 941 
i 970	 746 	 705 
i 111	 868 	 941 
i 561	 184 	 258 
i 527	 290 	 202 
i 527	 510 	 456 
i 339	 111 	 188 
i 529	 335 	 235 
i 78	 791 	 755 
i 381	 593 	 689 
i 207	 946 	 899 
i 922	 929 	 876 
i 774	 304 	 273 
i 857	 187 	 268 
i 59	 962 	 949 
i 508	 131 	 223 
i 509	 338 	 298 
i 761	 238 	 304 
i 527	 241 	 323 
i 70	 526 	 484 
i 10	 510 	 509 
i 929	 748 	 731 
i 148	 960 	 898 
i 233	 381 	 291 
i 191	 301 	 222 
i 214	 690 	 713 
i 470	 658 	 583 
i 614	 928 	 1005 
i 760	 778 	 760 
i 227	 699 	 695 
i 676	 957 	 955 
i 394	 510 	 494 
i 349	 883 	 896 
i 653	 166 	 226 
i 868	 212 	 310 
i 520	 309 	 250 
i 136	 858 	 893 
i 55	 970 	 928 
i 806	 869 	 779 
i 468	 347 	 302 
i 420	 776 	 866 
i 869	 324 	 293 
i 738	 699 	 738 
i 801	 316 	 286 
i 915	 140 	 83 
i 139	 134 	 181 
i 979	 318 	 392 
i 945	 919 	 1004 
i 798	 289 	 335 
i 65	 334 	 274 
i 813	 581 	 605 
i 54	 541 	 539 
i 716	 850 	 795 
i 947	 581 	 487 
i 980	 893 	 982 
i 7	 199 	 115 
i 240	 855 	 767 
i 150	 743 	 644 
i 350	 680 	 741 
i 602	 445 	 519 
i 131	 625 	 661 
i 615	 289 	 336 
i 447	 725 	 715 
i 976	 929 	 909 
i 856	 956 	 932 
i 955	 907 	 884 
i 794	 982 	 1007 
i 506	 149 	 204 
i 147	 156 	 81 
i 523	 874 	 920 
i 101	 760 	 832 
i 301	 479 	 474 
i 992	 247 	 331 
i 913	 651 	 730 
i 864	 120 	 171 
i 760	 460 	 502 
i 740	 806 	 807 
i 784	 476 	 378 
i 835	 279 	 210 
i 694	 394 	 430 
i 424	 154 	 210 
i 839	 920 	 836 
i 992	 454 	 369 
i 601	 386 	 483 
i 612	 297 	 367 
i 6	 969 	 991 
i 787	 713 	 683 
i 199	 273 	 200 
i 388	 284 	 378 
i 707	 425 	 458 
i 755	 141 	 59 
i 666	 836 	 922 
i 53	 910 	 994 
i 363	 977 	 982 
i 572	 967 	 894 
i 537	 836 	 764 
i 215	 493 	 579 
i 398	 808 	 733 
i 593	 931 	 934 
i 945	 908 	 852 
i 980	 612 	 707 
i 796	 695 	 724 
i 695	 634 	 673 
i 670	 567 	 479 
i 633	 145 	 171 
i 450	 267 	 201 
i 880	 394 	 371 
i 665	 332 	 388 
i 588	 446 	 421 
i 484	 906 	 870 
i 49	 216 	 176 
i 706	 197 	 116 
i 295	 771 	 829 
i 807	 503 	 495 
i 846	 558 	 477 
i 23	 232 	 241 
i 342	 384 	 369 
i 591	 727 	 645 
i 968	 534 	 570 
i 863	 869 	 801 
i 981	 266 	 208 
i 80	 535 	 618 
i 822	 622 	 564 
i 264	 439 	 343 
i 767	 852 	 925 
i 903	 939 	 1017 
i 211	 537 	 483 
i 903	 917 	 981 
i 380	 111 	 169 
i 233	 716 	 747 
i 408	 862 	 889 
i 884	 163 	 206 
i 461	 980 	 987 
i 830	 281 	 341 
i 664	 300 	 314 
i 596	 182 	 176 
i 76	 973 	 1009 
i 982	 291 	 308 
i 982	 134 	 227 
i 663	 838 	 778 
i 509	 532 	 553 
i 567	 209 	 207 
i 545	 846 	 936 
i 736	 437 	 493 
i 949	 261 	 250 
i 30	 768 	 676 
i 1	 300 	 224 
i 204	 909 	 829 
i 230	 542 	 459 
i 49	 514 	 563 
i 523	 693 	 644 
i 634	 346 	 411 
i 462	 785 	 759 
i 828	 744 	 665 
i 998	 553 	 464 
i 738	 952 	 869 
i 951	 992 	 909 
i 849	 209 	 167 
i 335	 301 	 305 
i 789	 377 	 390 
i 444	 154 	 72 
i 709	 383 	 427 
i 467	 227 	 164 
i 180	 556 	 458 
i 677	 651 	 553 
i 623	 701 	 751 
i 614	 778 	 818 
i 725	 855 	 865 
i 939	 224 	 301 
i 239	 686 	 721 
i 287	 302 	 225 
i 594	 383 	 448 
i 725	 139 	 98 
i 227	 304 	 298 
i 835	 318 	 248 
i 500	 329 	 383 
i 251	 997 	 974 
i 88	 733 	 655 
i 215	 334 	 244 
i 862	 233 	 191 
i 78	 833 	 848 
i 385	 940 	 874 
i 416	 787 	 866 
i 634	 161 	 85 
i 867	 583 	 674 
i 114	 718 	 709 
i 111	 518 	 559 
i 810	 863 	 922 
i 62	 964 	 866 
i 200	 122 	 196 
i 13	 381 	 471 
i 945	 895 	 862 
i 706	 159 	 209 
i 763	 956 	 933 
i 295	 177 	 127 
i 978	 141 	 114 
i 437	 548 	 543 
i 283	 289 	 246 
i 244	 997 	 967 
i 256	 117 	 127 
i 560	 893 	 905 
i 443	 850 	 851 
i 497	 259 	 202 
i 449	 928 	 1023 
i 524	 382 	 336 
i 558	 608 	 558 
i 50	 935 	 972 
i 251	 472 	 566 
i 248	 729 	 671 
i 255	 153 	 147 
i 136	 642 	 548 
i 967	 254 	 248 
i 135	 706 	 800 
i 55	 897 	 880 
i 360	 878 	 966 
i 920	 232 	 232 
i 847	 456 	 466 
i 255	 179 	 239 
i 950	 154 	 63 
i 997	 345 	 305 
i 596	 763 	 750 
i 757	 791 	 772 
i 428	 323 	 331 
i 313	 297 	 316 
i 177	 670 	 761 
i 314	 619 	 694 
i 702	 175 	 219 
i 779	 664 	 759 
i 828	 487 	 572 
i 92	 530 	 615 
i 826	 800 	 804 
i 592	 301 	 257 
i 831	 662 	 703 
i 41	 254 	 158 
i 670	 784 	 723 
i 242	 744 	 746 
i 314	 633 	 575 
i 937	 387 	 485 
i 361	 367 	 431 
i 832	 303 	 385 
i 608	 238 	 285 
c
c
W 252373
c end of file