44081.000000 32434.000000 
44054.000000 32652.000000 
44005.000000 33016.000000 
43964.000000 33194.000000 
43952.000000 33258.000000 
43925.000000 33519.000000 
43905.000000 33665.000000 
43890.000000 33752.000000 
43872.000000 33761.000000 
43821.000000 33811.000000 
43813.000000 33852.000000 
43801.000000 33916.000000 
43796.000000 33975.000000 
43788.000000 34151.000000 
43761.000000 34576.000000 
43638.000000 34587.000000 
43624.000000 34611.000000 
43619.000000 34764.000000 
43588.000000 34819.000000 
43585.000000 34844.000000 
43550.000000 34908.000000 
43544.000000 35022.000000 
43495.000000 35435.000000 
43353.000000 35623.000000 
43305.000000 35634.000000 
43284.000000 35767.000000 
43247.000000 35769.000000 
43199.000000 35837.000000 
43168.000000 35839.000000 
43164.000000 35854.000000 
43163.000000 35910.000000 
43158.000000 36015.000000 
43123.000000 36032.000000 
43122.000000 36088.000000 
43087.000000 36105.000000 
43080.000000 36118.000000 
43047.000000 36146.000000 
43039.000000 36173.000000 
43018.000000 36306.000000 
42970.000000 36317.000000 
42937.000000 36345.000000 
42892.000000 36554.000000 
42857.000000 36571.000000 
42823.000000 36698.000000 
42788.000000 36715.000000 
42688.000000 36789.000000 
42660.000000 36833.000000 
42659.000000 36878.000000 
42652.000000 36983.000000 
42619.000000 37011.000000 
42537.000000 37023.000000 
42512.000000 37047.000000 
42498.000000 37143.000000 
42429.000000 37287.000000 
42376.000000 37288.000000 
42351.000000 37312.000000 
42294.000000 37378.000000 
42290.000000 37385.000000 
42230.000000 37416.000000 
42212.000000 37468.000000 
42187.000000 37492.000000 
42176.000000 37584.000000 
42143.000000 37612.000000 
42118.000000 37636.000000 
42100.000000 37661.000000 
42070.000000 37675.000000 
42067.000000 37689.000000 
42053.000000 37691.000000 
42026.000000 37795.000000 
42001.000000 37819.000000 
41887.000000 37835.000000 
41883.000000 37842.000000 
41873.000000 37928.000000 
41829.000000 37988.000000 
41788.000000 38008.000000 
41770.000000 38018.000000 
41752.000000 38020.000000 
41748.000000 38027.000000 
41745.000000 38028.000000 
41737.000000 38046.000000 
41724.000000 38065.000000 
41703.000000 38082.000000 
41693.000000 38151.000000 
41668.000000 38175.000000 
41635.000000 38203.000000 
41586.000000 38265.000000 
41563.000000 38312.000000 
41502.000000 38333.000000 
41481.000000 38342.000000 
41477.000000 38357.000000 
41471.000000 38383.000000 
41437.000000 38391.000000 
41423.000000 38394.000000 
41412.000000 38412.000000 
41410.000000 38428.000000 
41408.000000 38451.000000 
41374.000000 38456.000000 
41356.000000 38461.000000 
41341.000000 38572.000000 
41292.000000 38634.000000 
41259.000000 38662.000000 
41234.000000 38686.000000 
41169.000000 38689.000000 
41144.000000 38713.000000 
41111.000000 38741.000000 
41070.000000 38771.000000 
41062.000000 38803.000000 
41029.000000 38919.000000 
40980.000000 38981.000000 
40922.000000 39033.000000 
40767.000000 39057.000000 
40724.000000 39098.000000 
40718.000000 39124.000000 
40712.000000 39166.000000 
40649.000000 39234.000000 
40552.000000 39267.000000 
40540.000000 39335.000000 
40492.000000 39346.000000 
40459.000000 39374.000000 
40406.000000 39395.000000 
40372.000000 39406.000000 
40328.000000 39440.000000 
40271.000000 39486.000000 
40217.000000 39506.000000 
40210.000000 39539.000000 
40202.000000 39630.000000 
40123.000000 39762.000000 
39952.000000 39766.000000 
39927.000000 39790.000000 
39858.000000 39832.000000 
39797.000000 39891.000000 
39695.000000 39900.000000 
39684.000000 40067.000000 
39483.000000 40091.000000 
39402.000000 40105.000000 
39380.000000 40114.000000 
39369.000000 40133.000000 
39359.000000 40143.000000 
39332.000000 40231.000000 
39311.000000 40260.000000 
39235.000000 40268.000000 
39147.000000 40304.000000 
39061.000000 40421.000000 
38973.000000 40457.000000 
38762.000000 40477.000000 
38671.000000 40491.000000 
38600.000000 40506.000000 
38497.000000 40580.000000 
38464.000000 40608.000000 
38399.000000 40634.000000 
38223.000000 40644.000000 
38184.000000 40679.000000 
38073.000000 40693.000000 
38048.000000 40781.000000 
37884.000000 40792.000000 
37847.000000 40805.000000 
37683.000000 40816.000000 
37678.000000 40837.000000 
37657.000000 40866.000000 
37493.000000 40877.000000 
37391.000000 40884.000000 
37274.000000 40907.000000 
37190.000000 40908.000000 
37146.000000 40955.000000 
37075.000000 40981.000000 
37054.000000 41010.000000 
36684.000000 41066.000000 
36390.000000 41084.000000 
35949.000000 41112.000000 
35609.000000 41133.000000 
35239.000000 41189.000000 
