42832.000000 30977.000000 
42828.000000 31491.000000 
42813.000000 32156.000000 
42803.000000 32284.000000 
42777.000000 32484.000000 
42775.000000 32700.000000 
42765.000000 32705.000000 
42762.000000 32936.000000 
42735.000000 33133.000000 
42727.000000 33270.000000 
42716.000000 33381.000000 
42714.000000 33508.000000 
42688.000000 33667.000000 
42650.000000 34213.000000 
42604.000000 34437.000000 
42551.000000 34486.000000 
42547.000000 34617.000000 
42539.000000 34644.000000 
42530.000000 34745.000000 
42473.000000 34822.000000 
42454.000000 34913.000000 
42432.000000 35006.000000 
42431.000000 35471.000000 
42375.000000 35585.000000 
42367.000000 35612.000000 
42346.000000 35623.000000 
42322.000000 35763.000000 
42262.000000 35767.000000 
42247.000000 35956.000000 
42243.000000 36015.000000 
42211.000000 36096.000000 
42142.000000 36111.000000 
42120.000000 36138.000000 
42112.000000 36165.000000 
42107.000000 36179.000000 
42099.000000 36206.000000 
42081.000000 36399.000000 
42018.000000 36400.000000 
41995.000000 36490.000000 
41988.000000 36568.000000 
41963.000000 36582.000000 
41897.000000 36630.000000 
41863.000000 36643.000000 
41860.000000 36650.000000 
41855.000000 36670.000000 
41798.000000 36678.000000 
41791.000000 36703.000000 
41783.000000 36730.000000 
41769.000000 36896.000000 
41673.000000 36900.000000 
41648.000000 36914.000000 
41608.000000 36984.000000 
41606.000000 37122.000000 
41510.000000 37126.000000 
41485.000000 37140.000000 
41419.000000 37188.000000 
41377.000000 37228.000000 
41364.000000 37230.000000 
41351.000000 37271.000000 
41341.000000 37321.000000 
41291.000000 37454.000000 
41173.000000 37458.000000 
41152.000000 37464.000000 
41140.000000 37515.000000 
41115.000000 37529.000000 
41049.000000 37577.000000 
41026.000000 37653.000000 
41010.000000 37684.000000 
40971.000000 37687.000000 
40923.000000 37705.000000 
40921.000000 37843.000000 
40915.000000 37862.000000 
40760.000000 37931.000000 
40710.000000 38003.000000 
40674.000000 38022.000000 
40656.000000 38042.000000 
40623.000000 38055.000000 
40601.000000 38076.000000 
40535.000000 38098.000000 
40529.000000 38136.000000 
40515.000000 38167.000000 
40504.000000 38173.000000 
40445.000000 38202.000000 
40443.000000 38227.000000 
40417.000000 38230.000000 
40349.000000 38242.000000 
40336.000000 38283.000000 
40311.000000 38300.000000 
40299.000000 38314.000000 
40292.000000 38340.000000 
40282.000000 38390.000000 
40189.000000 38505.000000 
40111.000000 38511.000000 
40107.000000 38521.000000 
40074.000000 38542.000000 
40034.000000 38574.000000 
40026.000000 38731.000000 
39828.000000 38790.000000 
39792.000000 38853.000000 
39683.000000 38864.000000 
39650.000000 38868.000000 
39638.000000 38922.000000 
39578.000000 38928.000000 
39558.000000 38933.000000 
39551.000000 38937.000000 
39538.000000 38978.000000 
39492.000000 39019.000000 
39430.000000 39047.000000 
39415.000000 39059.000000 
39411.000000 39072.000000 
39393.000000 39078.000000 
39370.000000 39090.000000 
39338.000000 39122.000000 
39325.000000 39163.000000 
39218.000000 39247.000000 
39122.000000 39251.000000 
39105.000000 39289.000000 
39073.000000 39321.000000 
38969.000000 39340.000000 
38948.000000 39390.000000 
38928.000000 39411.000000 
38883.000000 39431.000000 
38869.000000 39469.000000 
38830.000000 39488.000000 
38820.000000 39504.000000 
38724.000000 39508.000000 
38651.000000 39558.000000 
38638.000000 39599.000000 
38596.000000 39642.000000 
38531.000000 39683.000000 
38435.000000 39687.000000 
38323.000000 39715.000000 
38310.000000 39756.000000 
38276.000000 39776.000000 
38227.000000 39778.000000 
38177.000000 39798.000000 
38138.000000 39818.000000 
38137.000000 39838.000000 
38122.000000 39844.000000 
38073.000000 39859.000000 
38057.000000 39885.000000 
37950.000000 39895.000000 
37935.000000 39906.000000 
37837.000000 39908.000000 
37830.000000 39927.000000 
37817.000000 40011.000000 
37651.000000 40024.000000 
37627.000000 40045.000000 
37562.000000 40086.000000 
37452.000000 40096.000000 
37450.000000 40114.000000 
37429.000000 40202.000000 
37147.000000 40216.000000 
37082.000000 40257.000000 
36944.000000 40304.000000 
36821.000000 40355.000000 
36655.000000 40360.000000 
36650.000000 40364.000000 
36540.000000 40398.000000 
36512.000000 40411.000000 
36402.000000 40445.000000 
36389.000000 40462.000000 
36264.000000 40469.000000 
36255.000000 40484.000000 
36175.000000 40531.000000 
36037.000000 40578.000000 
35743.000000 40638.000000 
35605.000000 40685.000000 
35490.000000 40699.000000 
35270.000000 40721.000000 
35267.000000 40722.000000 
35106.000000 40797.000000 
34997.000000 40838.000000 
34493.000000 40858.000000 
34317.000000 40864.000000 
34300.000000 40925.000000 
34201.000000 40947.000000 
34190.000000 40962.000000 
34063.000000 40994.000000 
33579.000000 41013.000000 
33470.000000 41054.000000 
33141.000000 41059.000000 
32794.000000 41102.000000 
32663.000000 41178.000000 
