36763.000000 41196.000000 
38669.000000 40446.000000 
38876.000000 40308.000000 
37417.000000 41054.000000 
36614.000000 41273.000000 
39959.000000 39485.000000 
38416.000000 40601.000000 
39835.000000 39655.000000 
36998.000000 41184.000000 
40002.000000 39483.000000 
38660.000000 40563.000000 
41694.000000 37831.000000 
39931.000000 39597.000000 
40166.000000 39300.000000 
38844.000000 40311.000000 
37652.000000 41042.000000 
39198.000000 40089.000000 
34525.000000 41382.000000 
39658.000000 39796.000000 
41428.000000 38220.000000 
35708.000000 41359.000000 
36493.000000 41305.000000 
37690.000000 41011.000000 
38937.000000 40272.000000 
40887.000000 38808.000000 
38785.000000 40379.000000 
38226.000000 40694.000000 
38191.000000 40733.000000 
39678.000000 39752.000000 
41459.000000 38128.000000 
41357.000000 38334.000000 
40652.000000 39058.000000 
36258.000000 41317.000000 
41264.000000 38412.000000 
41623.000000 37945.000000 
37702.000000 40890.000000 
39148.000000 40111.000000 
41651.000000 37879.000000 
38257.000000 40602.000000 
40914.000000 38749.000000 
39567.000000 39867.000000 
40723.000000 39000.000000 
38058.000000 40850.000000 
39020.000000 40129.000000 
40737.000000 38887.000000 
39008.000000 40182.000000 
37740.000000 40859.000000 
41580.000000 37993.000000 
40918.000000 38716.000000 
40516.000000 39138.000000 
40109.000000 39447.000000 
40210.000000 39298.000000 
41221.000000 38460.000000 
41722.000000 37821.000000 
38992.000000 40241.000000 
40843.000000 38854.000000 
41487.000000 38071.000000 
41388.000000 38242.000000 
39877.000000 39651.000000 
41150.000000 38574.000000 
39952.000000 39513.000000 
40428.000000 39231.000000 
38444.000000 40591.000000 
40144.000000 39345.000000 
39261.000000 40027.000000 
39774.000000 39729.000000 
41036.000000 38641.000000 
38739.000000 40396.000000 
39314.000000 40022.000000 
40459.000000 39139.000000 
39521.000000 39884.000000 
39226.000000 40079.000000 
39032.000000 40120.000000 
40635.000000 39093.000000 
40304.000000 39232.000000 
39485.000000 39992.000000 
39652.000000 39820.000000 
39250.000000 40038.000000 
40262.000000 39247.000000 
42123.000000 37248.000000 
42052.000000 37362.000000 
42135.000000 37209.000000 
42206.000000 37095.000000 
41786.000000 37751.000000 
41940.000000 37484.000000 
41971.000000 37392.000000 
42216.000000 36492.000000 
41888.000000 37545.000000 
41857.000000 37637.000000 
41817.000000 37659.000000 
42281.000000 35759.000000 
