40026.000000 38731.000000 
39792.000000 38853.000000 
39638.000000 38922.000000 
39325.000000 39163.000000 
39218.000000 39247.000000 
39073.000000 39321.000000 
38869.000000 39469.000000 
38820.000000 39504.000000 
38596.000000 39642.000000 
38531.000000 39683.000000 
38435.000000 39687.000000 
38310.000000 39756.000000 
38276.000000 39776.000000 
38227.000000 39778.000000 
38137.000000 39838.000000 
38122.000000 39844.000000 
38057.000000 39885.000000 
37817.000000 40011.000000 
37627.000000 40045.000000 
37429.000000 40202.000000 
37147.000000 40216.000000 
37082.000000 40257.000000 
36944.000000 40304.000000 
36821.000000 40355.000000 
36655.000000 40360.000000 
36650.000000 40364.000000 
36540.000000 40398.000000 
36512.000000 40411.000000 
36389.000000 40462.000000 
36255.000000 40484.000000 
36175.000000 40531.000000 
36037.000000 40578.000000 
35743.000000 40638.000000 
35605.000000 40685.000000 
35490.000000 40699.000000 
35270.000000 40721.000000 
35267.000000 40722.000000 
35106.000000 40797.000000 
34997.000000 40838.000000 
34493.000000 40858.000000 
34300.000000 40925.000000 
34190.000000 40962.000000 
34063.000000 40994.000000 
33579.000000 41013.000000 
33470.000000 41054.000000 
33141.000000 41059.000000 
32794.000000 41102.000000 
32663.000000 41178.000000 
