36763.000000 41196.000000 
37417.000000 41054.000000 
36614.000000 41273.000000 
38416.000000 40601.000000 
36998.000000 41184.000000 
38660.000000 40563.000000 
37652.000000 41042.000000 
34525.000000 41382.000000 
35708.000000 41359.000000 
36493.000000 41305.000000 
37690.000000 41011.000000 
36258.000000 41317.000000 
38058.000000 40850.000000 
40428.000000 39231.000000 
38444.000000 40591.000000 
39314.000000 40022.000000 
39226.000000 40079.000000 
40635.000000 39093.000000 
39485.000000 39992.000000 
