1672504468
138963890
1075252674
715861576
475214902
1558262177
1181622697
1771537498
1225611500
15097737
2097103555
1398991487
637399933
974475479
1914778653
416828154
1313335512
1159938898
536498602
161602781
1550959541
1312045286
2018918234
1301132801
1038402396
2140831443
214267690
947290611
1927088049
513381871
938531953
1452108869
652345762
2013784627
20486797
1127560664
1424563157
1202109494
751614514
502691009
1217207231
701234421
1901682496
1854607164
1675709900
1668977501
123951670
841561764
681432751
660450272
1003164546
84908645
1972495559
874599132
1386041446
863414307
867946927
1600309136
1810704918
647551328
2113691007
601753223
2099660197
618553121
468054202
2120146994
1746113786
1892617359
1174772841
350244652
247824720
244496424
1051479074
2023568
2099103589
579705326
1671001069
75571611
1421267091
204950173
736021884
276947989
289858818
561033795
1151547121
1675900264
1424448102
2019494049
1128725752
1087669372
519561729
1094933111
1689422595
471738279
1713486233
9993149
444401625
1312116371
1902610509
1619174466
1662361023
2951581
1863670891
566356449
4975150
1815290832
1146061776
1675976219
1890862443
419845219
1880926392
479400679
696793208
23301562
1040434474
1848340329
1699201826
317398928
1720350730
680443930
1405068300
92428812
1775377042
947007247
564167091
1341379627
957000397
1008568716
506012350
712127258
480259535
20889725
715078839
196446778
587246175
720053989
2011737610
1733307951
248546561
1755116405
5669522
2129472953
87033437
702462730
5290868
1127467911
403319411
1704492694
1444866840
2123670142
237452977
702451492
68615306
2012830019
1649458740
632782397
1206725998
458975489
1641351113
1712738348
1171102747
2121610648
1733628073
1886181586
170573778
173390600
458751928
34827740
1906698551
707298489
1789944146
1912368073
689287794
1876977583
467347155
694578662
856961846
870666567
251587709
154345038
846853061
489040686
856796531
915468367
354387057
358771623
1548250764
1561113055
817747112
1042118229
1126367755
1988849859
1016245230
712512180
1727547797
1186819008
885902781
38816077
1221646749
645117684
746114566
864107247
410002110
1435402361
593601182
877349265
2129981023
1450563028
1748015832
234085084
1604908067
447385245
723125770
314220950
1362853612
1077512827
672992573
763620728
491142234
1490739685
1805738958
1617509989
1332105896
674500540
182538522
912170045
1861319548
1068441303
950986123
935482649
1713558987
1697100689
1799589896
2123561097
985019402
245707430
853426715
967516778
1696270459
453958899
1201601862
1153694878
901344145
1924727633
1467915828
116714109
854756812
2140908401
880334838
1345899047
1484164438
538590148
815925388
668786686
1213090688
998463910
1580956731
926926588
2066905213
384459206
1862409238
1632980553
2081559896
1514515486
1609058002
919095650
1760222917
315001069
1886612428
1309009728
768959969
940730643
315220958
1670304114
717974628
1783136786
1787018223
1572731440
1776561539
519869413
771146839
1113242329
1058459561
1587072228
1782029015
124066601
438052490
1215502098
1050993190
357474056
1599961305
765918780
1990454609
1534037553
132950618
1452028963
305649555
1893173535
1767030033
44778336
1054699615
388506354
985508979
1369920573
2058810468
1703483607
1005573711
1698345043
1128731399
634651602
70730809
1899878239
1747893931
1129190370
1339466819
1382439298
1253256972
1777519309
450457749
156766514
2134993365
2050419054
922685294
1977964326
1436972959
1055635912
1282509642
1742622514
801325800
902056027
1787400850
1856025415
1290562381
625426181
1078462341
1201889201
181426140
2084036052
752750596
1310157540
571204007
823481405
1062552131
171614290
1952671776
254535302
1554053589
1058445100
2032054611
2004511338
1215211614
2019564329
1907446744
2137896908
1850045007
1196936055
1046049172
985071001
792074921
1847374972
1887127028
431992124
1555916740
1030205761
1057418305
486895433
84611314
1238844446
423447837
837361911
401518338
994651844
1660843316
1464070469
1166266135
1466031444
1718605771
572836076
376992896
1603176734
429863766
1592204510
1475257415
189826862
1582617770
1177818775
1386762917
481183295
15406128
31354190
181074619
1902533157
463346314
1736991359
785255270
1520764620
76403144
869866585
612125418
499850982
1707228496
1013643756
1494502826
1220588164
330230577
513285313
539135961
2048836348
1086121389
916128857
1504529434
1515985155
360849720
832303202
1705812017
1943467490
2010121977
945091286
277167137
2025528105
976445477
458241757
1780577614
1439791791
47749468
418349237
813072763
124152613
1288215822
1425198181
624003595
847960670
291358289
2118506421
2068548834
621588866
484308087
460201147
522941566
1570429476
1376330005
2027471001
938930984
1737179725
712290555
497259353
1533163567
574928884
1442350640
1810330705
452973341
271312469
121088814
86067308
1711104260
168838282
504416545
376693376
292990895
1792632367
1801891557
916994490
493109389
2093249847
888017264
414174575
567355065
1372325351
874375723
1090296632
795271179
103222080
970283985
1734202163
1840401805
1682574540
83977869
1226081724
110019776
1526328509
888928781
562993117
1797640978
1010017595
649060425
1361261590
1178855878
1153476970
1737954966
1471846773
798625689
1392362876
241357616
1291735078
1338129075
1129374880
1705909654
1905484140
354216583
432801729
848297124
1149487762
536023809
1818581109
736206278
228941966
1353672001
820184147
1455023690
1463691777
199029008
196468824
2026684895
1996669986
1206486419
528261672
1210447928
237858649
1681738643
800919247
1709705423
332880684
45798475
1951063039
1624615763
1383927550
932954271
1183041769
1141928042
1287170854
1615843498
1990225167
289174968
4383659
1661322628
1025381246
233325625
867510982
1845565393
1688349315
183719111
2044594401
1884818139
62920358
1893780739
943820911
591182031
956745020
1181679560
125437026
1757664267
743901335
458317710
1803462742
547480726
2082933473
1039906644
1480434997
1118491594
34351038
620122203
586851444
2024576205
909297172
591235103
1538415186
1934678418
824560728
258442520
1632760164
365426396
442161631
1529870917
102760887
505081990
1276168009
1046581798
1096264021
85429381
80777711
1221701047
1843093648
824679046
1680018757
1499072742
1372159773
1615468583
391495738
705111122
586476529
425846776
1325233326
1173327974
302939334
87046850
1764563077
1841354520
2021725268
441640158
2099797040
1507001784
807066554
394475023
889389054
909827441
899557013
18073415
1956409240
1995821034
103502796
2037186951
1070038433
1946596444
714382349
602573543
1298185538
2086542122
70558478
1689681276
644169597
657035007
2115528052
1969402923
1830362981
270983738
2056449773
1447442411
2112338258
1930691393
1889082569
2064651650
1290209530
548665475
311643026
32114936
1458492916
1211200039
50188351
1267418508
1059537426
153691147
1157121811
2129575859
2100287591
1871504161
584665754
1250989481
1810562635
655224232
793187109
307248584
1312259240
761231513
129167859
995138573
1032215252
38133984
295097336
997069862
1968825378
36696257
914237865
1111551260
585361732
1225880891
1143666196
2043854649
289597282
1193854547
1163789509
1349134708
1347545694
173427673
1331226920
1300349637
2044931834
1915892674
403855470
1708010821
423633259
1197042579
2015259406
1735892499
1958274092
2144427265
583547424
843005696
35077602
878644761
1840075559
2003902980
915341018
606829776
967970592
1500702751
1832710667
2111636788
1397073752
2122307949
1158007687
413379613
1323959010
358069733
586807286
507702282
1658419370
484255472
276111308
2062274840
44782646
699744567
1111833771
2060042052
288153418
922624215
2056985669
871700843
1765629912
2092063271
1750345604
1458221823
1948482603
518202974
2065051599
768969547
2018905725
1750278618
733122687
1268495829
1725102919
1891130374
1681875443
901578281
101716459
121199081
1409280563
1760135829
605454554
1685391872
1674927021
650237200
237652791
639277144
562795604
525806210
1561901360
472297625
1397507053
1180047624
416877249
1000369009
490785799
217876204
1518571983
408353750
986845752
1389994061
11148720
1719968439
511006242
1736251639
1463615166
45398037
490346273
1565331625
166597119
1899626836
1177983807
772051673
1437535060
705427180
1422288873
1675187852
1344704325
1985084477
53510414
759122037
309898454
1451017467
1939169661
726775703
303902828
282471812
944651908
1822474811
690825562
1931497660
1064985224
701974282
1503982451
1575991467
290742273
820113969
1621389504
781088546
237961947
1787986623
533231735
1415945754
412554648
1970766795
2121372934
1834843521
1498470999
1318593611
1672444350
1551981413
2077715648
1982342805
855515232
1869401661
561634860
1159418060
4389825
1506286768
834409224
695215387
1290300780
1899394448
1397189669
646799584
1327902267
1687931943
1466913553
801808124
321536841
1704875500
442311099
854768576
973337606
854865748
678051724
947226893
542225621
29039075
118336856
67186324
1581020489
48568857
2049529129
289052073
1917970518
463680341
1448470134
1922360344
1969967110
135395710
470092083
1112784242
2034790158
1867281753
1759583826
1215208778
1407730048
1079013732
2017016902
1729266889
636405584
311844353
436551818
1609743191
1166710101
1114603542
409486436
1708935723
1143642617
527823292
1776122047
577179458
576392149
1678167528
866231532
346879020
2141847869
167218018
121755716
1964331331
302613728
591847799
929631926
189920238
311645904
541732104
1405129016
1719375952
1620745836
1274662270
1301159194
109667773
1586506624
1737711012
1719410964
605733077
704830906
2128897400
167185152
1848473523
509237044
1943307199
278169334
1085629194
1473991079
1144400866
1432508214
1468355301
1311618884
1554263930
1285202984
1614232612
2146111729
67351262
1804152850
310273986
609083367
1061798219
2029649938
82345555
188976841
1183325484
192013328
1775483465
773552848
1911424292
233732895
1478383754
1892838044
400918047
1179373630
254591441
196741599
1457542964
1340220635
1670732678
454460182
625245201
991604331
1766079066
32025483
129323668
1232828030
30653564
196674930
889497232
340927550
805758297
1951295451
223093841
888103853
2140272293
1406419325
1080117181
1768272110
32488526
844057826
2002005005
1510872280
589412222
255439405
542762262
844003663
452181004
2000305226
36740650
2122913682
307281760
661985851
967034366
2073360826
694011334
1096358034
1158705208
724664899
1293032964
2048202441
1065592449
2098791262
1852014244
1288686290
839411467
1844802889
547621968
1919528648
1465591352
580110494
616102826
1320112709
2090982774
1205515049
1575552114
486261389
2049518712
2027733118
339082967
2086259363
2003163153
646364728
600761566
822713871
572241906
1294772901
1919071905
1730947115
2019437800
1064621221
1631665908
937546601
1015928835
1336196504
78749244
1855340302
1033515746
626371212
1627385303
351623450
1206481706
96004481
1671736159
1149980832
1301519530
1099804626
1636242221
1203554595
980054096
1975325189
1142330310
835733601
474206269
1743091876
1658447472
1046448175
890381129
1430035729
629911642
762335281
347173303
114093902
1699881883
1363102138
1450290407
1778631127
1070958793
336322505
257518691
550860448
687945955
1464000397
646864929
212198466
466497581
1948384460
1312003092
2102739803
1004455407
144573541
1930581344
2146785717
980307142
257303965
1742393945
491270967
1303752140
485291427
1921306696
1933663783
1247626708
120996351
2047757685
800024943
1484098490
1350564444
431172422
407573635
1686886949
688691113
958434083
227349256
5207862
1605299012
439547723
471705444
1406199824
1751550815
426961599
263171583
1896124356
210059295
262473652
728947851
467363260
2004867598
1220218818
1771115400
342675377
994041866
1557295535
1590302085
1115038218
1457569573
242843381
451653060
660650369
674015803
859226695
200053671
1362706917
1817660778
427402927
1367914779
1275476142
866950650
1839620223
534192319
471017818
119098174
797363902
219658526
329157469
1059837555
948606377
796520729
917221505
21341547
420152482
1259896882
1015383414
1977448017
702715319
2130421632
1287533942
945558700
434591044
1948184312
1619574504
1293817739
754335
834797773
963994869
428157262
55228904
91987363
1295107913
1894849128
626179682
1766125731
2013947302
1423543585
1985784257
195621124
335897492
786906987
992141853
1253118997
808248534
1412294335
365532231
1823631948
1242258705
1068247550
1806569932
382308999
2013806251
93677328
183009663
1485897107
1387495067
183763998
173211232
204006288
611921261
228440136
295993652
1907029174
2123289264
922173334
1525671257
1989752919
198233271
1363971866
37890395
534130763
3395205
1030032248
1787249760
811643740
294842936
5298343
487792040
1537101641
1073545894
146878325
1919410640
939868497
240555653
2102420304
278281956
1628050721
138700654
451493188
1832057009
750621915
679933324
2128050661
510167441
655738941
902740348
2035838698
498008212
1100973619
1252326917
535898607
1635104383
1255722122
1565930855
1274870495
2067365862
1860773791
1280168839
407674255
1250391784
206231085
554552580
1022318777
1146099582
795108233
977255433
1424381538
275675306
1115956087
1875874726
2107732316
1866578003
408324402
2088299329
229261796
1064063343
843556029
117616847
1562071555
1944529649
1369943764
2097970162
1432150384
478182238
1516417370
559537231
398064453
1229707513
1839706070
805738708
332615650
2045937155
1360291288
1354934427
1044553089
7915873
184706212
321450979
283591180
1300662299
49842057
243839848
1019756654
458166460
184655529
1249018451
1522229803
1028211559
1366635298
936817711
825257560
589095414
887304225
109924296
1067277652
256237947
669461527
1465342105
1485945461
361683950
123597165
1818561111
260137457
1483888453
1026011890
1304690547
1491804327
1210718102
1626141526
1775395507
363896753
1675983584
2019235355
1383653408
2134150044
56407236
485188211
1508896199
1084618795
1851823509
298230262
1909876355
293435275
1185534488
2019800651
1360712927
1441772435
541778531
678571385
780234248
903462481
802168550
451311711
1163599938
138573356
1477323601
320806837
1630377683
540558055
1946948364
1258289542
904454809
1475448300
1130041249
140624569
1462114696
1186448485
625812780
823527247
123583633
330152641
1121757510
2033459988
623587916
159808350
1905776992
1984300843
1601580785
300071875
515388580
234331386
1203534356
1317557131
685643097
219650646
1456130487
15483051
540457484
939024522
556041106
339922200
49830416
1460495915
1815370500
1179871665
1601120484
1130001548
218836502
79449616
1953528795
342420135
409602257
927802657
228396476
1033190173
1087611007
2134173468
870007369
541708145
286761695
1385395949
776039531
1490296051
555469432
1461682628
1709946697
2011599919
1477165679
102920533
803140793
2033206786
442842733
852971209
1346219053
110729585
2032842874
799855890
1240731133
104195729
879305506
1046776281
446615864
1288907764
1974578938
675012340
174614289
914706298
661702160
1044621658
1456414443
948463855
282533960
84970326
291276258
838003392
1546652954
2001222956
702119664
876334986
2104143489
1505260457
762058124
399502575
210748019
2108277177
510232160
96107245
760649419
1750963294
200302974
1639954926
650255927
646918839
781379042
477351217
1321931179
955993331
1392057515
1983633340
2000614990
700988310
784613547
135665302
785958636
1075889806
973668694
185127943
929629114
1675788358
1061462929
886288955
1033565168
1823521053
1285791530
1244313187
1784314582
1796023691
1340420432
397480354
1399503337
1540723407
2037435280
2049759264
40158598
671330674
379626833
1362089777
1627324005
1771684349
1198239469
1480455347
325189011
1982853017
1616120649
1111147648
911259175
442305696
1296275591
1840888289
2118094054
210254872
579693596
1004175574
2033775925
1865485127
101005113
1670606859
1514025170
1441425546
2068087213
766044859
834665305
1958038845
668320475
874823903
481885871
1047947308
89430032
2109209877
672148009
1287669502
1442181576
997337021
1123038871
910818578
2108484669
2034298046
1353124274
1257276612
1727702687
1323734680
1467531484
159912635
180426607
1353823761
2025397762
281431720
876946972
1391939284
1722857266
797550538
10500495
410038923
608105735
678820970
1284862826
1089991607
1726768279
1374292859
1051717836
251432640
514478713
346415764
1248769661
1637517584
1257234342
1209770682
1524331982
462874968
319563646
1104551021
1786609649
1787095130
1264463656
1967036256
993435243
1142377771
100984328
1870382216
386833407
1823841595
520449106
397333903
86396870
1128554841
1076154873
1371259697
71062800
655439504
598068908
1122780636
906872145
1112547621
1469196401
8158158
602581557
578947095
1217928841
2126913539
1041822064
1537492487
1083980912
680948065
1177103970
200960920
500500673
23055565
1343338691
601485001
1893437781
1730172099
277842948
266403239
2127506002
364239819
1394958081
1056177227
1735499516
1466020881
1711616732
186084776
441317870
471005229
1298632397
1910514271
479163387
1901213954
341977718
1697092228
1880643845
1383799782
1087101068
817141109
2064747847
116721390
1018102029
417764872
139776955
213957073
1019249874
2033214737
1944129172
1297092822
152134328
1924151526
1661332641
1547092409
832845105
1249348509
865629643
396978189
1435433285
1306947513
867983418
586582034
1069978136
1347146806
340312340
1411955854
896755386
73472537
648271989
1983856454
890613646
565536188
2100577844
1908715676
983301061
92871152
2122672749
2002550935
2126085889
1919318273
1152160109
130736569
1695986151
666009103
1677828979
381347608
1915357612
395974974
778325798
1203307250
1702922487
1646309216
1789889284
625416975
845972374
2130201625
2037372829
1742727761
56190514
538161170
1579100567
946804161
1103697359
1532194764
708036189
2086998420
1625065916
683225290
1942065707
1603668157
455059915
946742168
1734404726
3562418
1612751271
1264750057
384910026
1380625236
1660725031
1163235824
436448838
1216163870
662061393
78854474
1841580845
1508033767
61572451
1731470027
1103277880
117762966
122147549
534894800
1064567127
1225844908
2067089564
1772603316
1165359680
1544671832
308344958
959941739
1000856341
763404873
1906683908
587777419
766967291
1371951531
1852527477
1151877317
605093119
1365768860
167629494
1041541957
434449083
829690887
1120396432
128546280
190241006
1181968883
1860016307
1293518887
1299731849
1982163857
1828413687
216815328
1060525117
1748019603
1989418644
78401150
1145207787
150279954
1038342889
2146064128
913684827
797543149
586357899
1680652118
22011033
291401728
685045788
627104152
1657170589
852675282
1668646110
2091619672
1682366169
641558894
72682304
1872607175
1823527777
1932698612
1018642414
975775979
1767378821
699572453
1192591307
680420290
300108408
1034526304
758821440
1445316195
1184806258
1797164330
1443896675
2098491086
447223831
2030254575
1631659556
469234864
174172655
169221696
1096339017
1831343244
1021896978
617501479
1775479268
556779499
1259060373
1848161573
281903027
935104502
1633376537
1300545441
1910880481
1253271710
2000117895
955988141
1933692000
152742655
1990514445
545029793
1598058851
1027837055
194710475
894471878
978844493
641934306
777242805
463020402
1111169171
951415461
632242098
60024540
635275057
1654139077
677526019
263270678
63434928
1936586392
2111432251
345337955
724207246
1597325140
1645883397
487604080
703113202
1498517644
1443592221
489321554
1651260299
1286623018
1034351347
1101835502
166976425
1229061822
1996307381
1145820919
1870996129
626066538
1608841321
834681652
1577481999
93599771
894706192
65273409
1747738848
1572232211
328544087
1811173777
1361334955
292492690
9028084
2085542201
1889817830
1654911481
425662633
445447384
1005945477
1869254854
934768938
509722129
1008394224
1969120286
1611557631
1175370650
1050698460
