1672504468
138963890
1075252674
715861576
475214902
1558262177
1181622697
1771537498
1225611500
15097737
2097103555
1398991487
637399933
974475479
1914778653
416828154
1313335512
1159938898
536498602
161602781
1550959541
1312045286
2018918234
1301132801
1038402396
2140831443
214267690
947290611
1927088049
513381871
938531953
1452108869
652345762
2013784627
20486797
1127560664
1424563157
1202109494
751614514
502691009
1217207231
701234421
1901682496
1854607164
1675709900
1668977501
123951670
841561764
681432751
660450272
1003164546
84908645
1972495559
874599132
1386041446
863414307
867946927
1600309136
1810704918
647551328
2113691007
601753223
2099660197
618553121
468054202
2120146994
1746113786
1892617359
1174772841
350244652
247824720
244496424
1051479074
2023568
2099103589
579705326
1671001069
75571611
1421267091
204950173
736021884
276947989
289858818
561033795
1151547121
1675900264
1424448102
2019494049
1128725752
1087669372
519561729
1094933111
1689422595
471738279
1713486233
9993149
444401625
1312116371
1902610509
1619174466
1662361023
2951581
1863670891
566356449
4975150
1815290832
1146061776
1675976219
1890862443
419845219
1880926392
479400679
696793208
23301562
1040434474
1848340329
1699201826
317398928
1720350730
680443930
1405068300
92428812
1775377042
947007247
564167091
1341379627
957000397
1008568716
506012350
712127258
480259535
20889725
715078839
196446778
587246175
720053989
2011737610
1733307951
248546561
1755116405
5669522
2129472953
87033437
702462730
5290868
1127467911
403319411
1704492694
1444866840
2123670142
237452977
702451492
68615306
2012830019
1649458740
632782397
1206725998
458975489
1641351113
1712738348
1171102747
2121610648
1733628073
1886181586
170573778
173390600
458751928
34827740
1906698551
707298489
1789944146
1912368073
689287794
1876977583
467347155
694578662
856961846
870666567
251587709
154345038
846853061
489040686
856796531
915468367
354387057
358771623
1548250764
1561113055
817747112
1042118229
1126367755
1988849859
1016245230
712512180
1727547797
1186819008
885902781
38816077
1221646749
645117684
746114566
864107247
410002110
1435402361
593601182
877349265
2129981023
1450563028
1748015832
234085084
1604908067
447385245
723125770
314220950
1362853612
1077512827
672992573
763620728
491142234
1490739685
1805738958
1617509989
1332105896
674500540
182538522
912170045
1861319548
1068441303
950986123
935482649
1713558987
1697100689
1799589896
2123561097
985019402
245707430
853426715
967516778
1696270459
453958899
1201601862
1153694878
901344145
1924727633
1467915828
116714109
854756812
2140908401
880334838
1345899047
1484164438
538590148
815925388
668786686
1213090688
998463910
1580956731
926926588
2066905213
384459206
1862409238
1632980553
2081559896
1514515486
1609058002
919095650
1760222917
315001069
1886612428
1309009728
768959969
940730643
315220958
1670304114
717974628
1783136786
1787018223
1572731440
1776561539
519869413
771146839
1113242329
1058459561
1587072228
1782029015
124066601
438052490
1215502098
1050993190
357474056
1599961305
765918780
1990454609
1534037553
132950618
1452028963
305649555
1893173535
1767030033
44778336
1054699615
388506354
985508979
1369920573
2058810468
1703483607
1005573711
1698345043
1128731399
634651602
70730809
1899878239
1747893931
1129190370
1339466819
1382439298
1253256972
1777519309
450457749
156766514
2134993365
2050419054
922685294
1977964326
1436972959
1055635912
1282509642
1742622514
801325800
902056027
1787400850
1856025415
1290562381
625426181
1078462341
1201889201
181426140
2084036052
752750596
1310157540
571204007
823481405
1062552131
171614290
1952671776
254535302
1554053589
1058445100
2032054611
2004511338
1215211614
2019564329
1907446744
2137896908
1850045007
1196936055
1046049172
985071001
792074921
1847374972
1887127028
431992124
1555916740
1030205761
1057418305
486895433
84611314
1238844446
423447837
837361911
401518338
994651844
1660843316
1464070469
1166266135
1466031444
1718605771
572836076
376992896
1603176734
429863766
1592204510
1475257415
189826862
1582617770
1177818775
1386762917
481183295
15406128
31354190
181074619
1902533157
463346314
1736991359
785255270
1520764620
76403144
869866585
612125418
499850982
1707228496
1013643756
1494502826
1220588164
330230577
513285313
539135961
2048836348
1086121389
916128857
1504529434
1515985155
360849720
832303202
1705812017
1943467490
2010121977
945091286
277167137
2025528105
976445477
458241757
1780577614
1439791791
47749468
418349237
813072763
124152613
1288215822
1425198181
624003595
847960670
291358289
2118506421
2068548834
621588866
484308087
460201147
522941566
1570429476
1376330005
2027471001
938930984
1737179725
712290555
497259353
1533163567
574928884
1442350640
1810330705
452973341
271312469
121088814
86067308
1711104260
168838282
504416545
376693376
292990895
1792632367
1801891557
916994490
493109389
2093249847
888017264
414174575
567355065
1372325351
874375723
1090296632
795271179
103222080
970283985
1734202163
1840401805
1682574540
83977869
1226081724
110019776
1526328509
888928781
562993117
1797640978
1010017595
649060425
1361261590
1178855878
1153476970
1737954966
1471846773
798625689
1392362876
241357616
1291735078
1338129075
1129374880
1705909654
1905484140
354216583
432801729
848297124
1149487762
536023809
1818581109
736206278
228941966
1353672001
820184147
1455023690
1463691777
199029008
196468824
2026684895
1996669986
1206486419
528261672
1210447928
237858649
1681738643
800919247
1709705423
332880684
45798475
1951063039
1624615763
1383927550
932954271
1183041769
1141928042
1287170854
1615843498
1990225167
289174968
4383659
1661322628
1025381246
233325625
867510982
1845565393
1688349315
183719111
2044594401
1884818139
62920358
1893780739
943820911
591182031
956745020
1181679560
125437026
1757664267
743901335
458317710
1803462742
547480726
2082933473
1039906644
1480434997
1118491594
34351038
620122203
586851444
2024576205
909297172
591235103
1538415186
1934678418
824560728
258442520
1632760164
365426396
442161631
1529870917
102760887
505081990
1276168009
1046581798
1096264021
85429381
80777711
1221701047
1843093648
824679046
1680018757
1499072742
1372159773
1615468583
391495738
705111122
586476529
425846776
1325233326
1173327974
302939334
87046850
1764563077
1841354520
2021725268
441640158
2099797040
1507001784
807066554
394475023
889389054
909827441
899557013
18073415
1956409240
1995821034
103502796
2037186951
1070038433
1946596444
714382349
602573543
1298185538
2086542122
70558478
1689681276
644169597
657035007
2115528052
1969402923
1830362981
270983738
2056449773
1447442411
2112338258
1930691393
1889082569
2064651650
1290209530
548665475
311643026
32114936
1458492916
1211200039
50188351
1267418508
1059537426
153691147
1157121811
2129575859
2100287591
1871504161
584665754
1250989481
1810562635
655224232
793187109
307248584
1312259240
761231513
129167859
995138573
1032215252
38133984
295097336
997069862
1968825378
36696257
914237865
1111551260
585361732
1225880891
1143666196
2043854649
289597282
1193854547
1163789509
1349134708
1347545694
173427673
1331226920
1300349637
2044931834
1915892674
403855470
1708010821
423633259
1197042579
2015259406
1735892499
1958274092
2144427265
583547424
843005696
35077602
878644761
1840075559
2003902980
915341018
606829776
967970592
1500702751
1832710667
2111636788
1397073752
2122307949
1158007687
413379613
1323959010
358069733
586807286
507702282
1658419370
484255472
276111308
2062274840
44782646
699744567
1111833771
2060042052
288153418
922624215
2056985669
871700843
1765629912
2092063271
1750345604
1458221823
1948482603
518202974
2065051599
768969547
2018905725
1750278618
733122687
1268495829
1725102919
1891130374
1681875443
901578281
101716459
121199081
1409280563
1760135829
605454554
1685391872
1674927021
650237200
237652791
639277144
562795604
525806210
1561901360
472297625
1397507053
1180047624
416877249
1000369009
490785799
217876204
1518571983
408353750
986845752
1389994061
11148720
1719968439
511006242
1736251639
1463615166
45398037
490346273
1565331625
166597119
1899626836
1177983807
772051673
1437535060
705427180
1422288873
1675187852
1344704325
1985084477
53510414
759122037
309898454
1451017467
1939169661
726775703
303902828
282471812
944651908
1822474811
690825562
1931497660
1064985224
701974282
1503982451
1575991467
290742273
820113969
1621389504
781088546
237961947
1787986623
533231735
1415945754
412554648
1970766795
2121372934
1834843521
1498470999
1318593611
1672444350
1551981413
2077715648
1982342805
855515232
1869401661
561634860
1159418060
4389825
1506286768
834409224
695215387
1290300780
1899394448
1397189669
646799584
1327902267
1687931943
1466913553
801808124
321536841
1704875500
442311099
854768576
973337606
854865748
678051724
947226893
542225621
29039075
118336856
67186324
1581020489
48568857
2049529129
289052073
1917970518
463680341
1448470134
1922360344
1969967110
135395710
470092083
1112784242
2034790158
1867281753
1759583826
1215208778
1407730048
1079013732
2017016902
1729266889
636405584
311844353
436551818
1609743191
1166710101
1114603542
409486436
1708935723
1143642617
527823292
1776122047
577179458
576392149
1678167528
866231532
346879020
2141847869
167218018
121755716
1964331331
302613728
591847799
929631926
189920238
311645904
541732104
1405129016
1719375952
1620745836
1274662270
1301159194
109667773
1586506624
1737711012
1719410964
605733077
704830906
2128897400
167185152
1848473523
509237044
1943307199
278169334
1085629194
1473991079
1144400866
1432508214
1468355301
1311618884
1554263930
1285202984
1614232612
2146111729
67351262
1804152850
310273986
609083367
1061798219
2029649938
82345555
188976841
1183325484
192013328
1775483465
773552848
1911424292
233732895
1478383754
1892838044
400918047
1179373630
254591441
196741599
1457542964
1340220635
1670732678
454460182
625245201
991604331
1766079066
32025483
129323668
1232828030
30653564
196674930
889497232
340927550
805758297
1951295451
223093841
888103853
2140272293
1406419325
1080117181
1768272110
32488526
844057826
2002005005
1510872280
589412222
255439405
542762262
844003663
452181004
2000305226
36740650
2122913682
307281760
661985851
967034366
2073360826
694011334
1096358034
1158705208
724664899
1293032964
2048202441
1065592449
2098791262
1852014244
1288686290
839411467
1844802889
547621968
1919528648
1465591352
580110494
616102826
1320112709
2090982774
1205515049
1575552114
486261389
2049518712
2027733118
339082967
2086259363
2003163153
646364728
600761566
822713871
572241906
1294772901
1919071905
1730947115
2019437800
1064621221
1631665908
937546601
1015928835
1336196504
78749244
1855340302
1033515746
626371212
1627385303
351623450
1206481706
96004481
1671736159
1149980832
1301519530
1099804626
1636242221
1203554595
980054096
1975325189
1142330310
835733601
474206269
1743091876
1658447472
1046448175
890381129
1430035729
629911642
762335281
347173303
114093902
1699881883
1363102138
1450290407
1778631127
1070958793
336322505
257518691
550860448
687945955
1464000397
646864929
212198466
466497581
1948384460
1312003092
2102739803
1004455407
144573541
1930581344
2146785717
980307142
257303965
1742393945
491270967
1303752140
485291427
1921306696
1933663783
1247626708
120996351
2047757685
800024943
1484098490
1350564444
431172422
407573635
1686886949
688691113
958434083
227349256
5207862
1605299012
439547723
471705444
1406199824
1751550815
426961599
263171583
1896124356
210059295
262473652
728947851
467363260
2004867598
1220218818
1771115400
342675377
994041866
1557295535
1590302085
1115038218
1457569573
242843381
451653060
660650369
674015803
859226695
200053671
1362706917
1817660778
427402927
1367914779
1275476142
866950650
1839620223
534192319
471017818
119098174
797363902
219658526
329157469
1059837555
948606377
796520729
917221505
21341547
420152482
1259896882
1015383414
1977448017
702715319
2130421632
1287533942
945558700
434591044
1948184312
1619574504
1293817739
754335
834797773
963994869
428157262
55228904
91987363
1295107913
1894849128
626179682
1766125731
2013947302
1423543585
1985784257
195621124
335897492
786906987
992141853
1253118997
808248534
1412294335
365532231
1823631948
1242258705
1068247550
1806569932
382308999
2013806251
93677328
183009663
1485897107
1387495067
183763998
173211232
204006288
611921261
228440136
295993652
1907029174
2123289264
922173334
1525671257
1989752919
198233271
1363971866
37890395
534130763
3395205
1030032248
1787249760
811643740
294842936
5298343
487792040
1537101641
1073545894
146878325
1919410640
939868497
240555653
2102420304
278281956
1628050721
138700654
451493188
1832057009
750621915
679933324
2128050661
510167441
655738941
902740348
2035838698
498008212
1100973619
1252326917
535898607
1635104383
1255722122
1565930855
1274870495
2067365862
1860773791
1280168839
407674255
1250391784
206231085
554552580
1022318777
1146099582
795108233
977255433
1424381538
275675306
1115956087
1875874726
2107732316
1866578003
408324402
2088299329
229261796
1064063343
843556029
117616847
1562071555
1944529649
1369943764
2097970162
1432150384
478182238
1516417370
559537231
398064453
1229707513
1839706070
805738708
332615650
2045937155
1360291288
1354934427
1044553089
7915873
184706212
321450979
283591180
1300662299
49842057
243839848
1019756654
458166460
184655529
1249018451
1522229803
1028211559
1366635298
936817711
825257560
589095414
887304225
109924296
1067277652
256237947
669461527
1465342105
1485945461
361683950
123597165
1818561111
260137457
1483888453
1026011890
1304690547
1491804327
1210718102
1626141526
1775395507
363896753
1675983584
2019235355
1383653408
2134150044
56407236
485188211
1508896199
1084618795
1851823509
298230262
1909876355
293435275
1185534488
2019800651
1360712927
1441772435
541778531
678571385
780234248
903462481
802168550
451311711
1163599938
138573356
1477323601
320806837
1630377683
540558055
1946948364
1258289542
904454809
1475448300
1130041249
140624569
1462114696
1186448485
625812780
823527247
123583633
330152641
1121757510
2033459988
623587916
159808350
1905776992
1984300843
1601580785
300071875
515388580
234331386
1203534356
1317557131
685643097
219650646
1456130487
15483051
540457484
939024522
556041106
339922200
49830416
1460495915
1815370500
1179871665
1601120484
1130001548
218836502
79449616
1953528795
342420135
409602257
927802657
228396476
1033190173
1087611007
2134173468
870007369
541708145
286761695
1385395949
776039531
1490296051
555469432
1461682628
1709946697
2011599919
1477165679
102920533
803140793
2033206786
442842733
852971209
1346219053
110729585
2032842874
799855890
1240731133
104195729
879305506
1046776281
446615864
1288907764
1974578938
675012340
174614289
914706298
661702160
1044621658
1456414443
948463855
282533960
84970326
291276258
838003392
1546652954
2001222956
702119664
876334986
2104143489
1505260457
762058124
399502575
210748019
2108277177
510232160
96107245
760649419
1750963294
200302974
1639954926
650255927
646918839
781379042
477351217
1321931179
955993331
1392057515
1983633340
2000614990
700988310
784613547
135665302
785958636
1075889806
973668694
185127943
929629114
1675788358
1061462929
886288955
1033565168
1823521053
1285791530
1244313187
1784314582
1796023691
1340420432
397480354
1399503337
1540723407
2037435280
2049759264
40158598
671330674
379626833
1362089777
1627324005
1771684349
1198239469
1480455347
325189011
1982853017
1616120649
1111147648
911259175
442305696
1296275591
1840888289
2118094054
210254872
579693596
1004175574
2033775925
1865485127
101005113
1670606859
1514025170
1441425546
2068087213
766044859
834665305
1958038845
668320475
874823903
481885871
1047947308
89430032
2109209877
672148009
1287669502
1442181576
997337021
1123038871
910818578
2108484669
2034298046
1353124274
1257276612
1727702687
1323734680
1467531484
159912635
180426607
1353823761
2025397762
281431720
876946972
1391939284
1722857266
797550538
10500495
410038923
608105735
678820970
1284862826
1089991607
1726768279
1374292859
1051717836
251432640
514478713
346415764
1248769661
1637517584
1257234342
1209770682
1524331982
462874968
319563646
1104551021
1786609649
1787095130
1264463656
1967036256
993435243
1142377771
100984328
1870382216
386833407
1823841595
520449106
397333903
86396870
1128554841
1076154873
1371259697
71062800
655439504
598068908
1122780636
906872145
1112547621
1469196401
8158158
602581557
578947095
1217928841
2126913539
1041822064
1537492487
1083980912
680948065
1177103970
200960920
500500673
23055565
1343338691
601485001
1893437781
1730172099
277842948
266403239
2127506002
364239819
1394958081
1056177227
1735499516
1466020881
1711616732
186084776
441317870
471005229
1298632397
1910514271
479163387
1901213954
341977718
1697092228
1880643845
1383799782
1087101068
817141109
2064747847
116721390
1018102029
417764872
139776955
213957073
1019249874
2033214737
1944129172
1297092822
152134328
1924151526
1661332641
1547092409
832845105
1249348509
865629643
396978189
1435433285
1306947513
867983418
586582034
1069978136
1347146806
340312340
1411955854
896755386
73472537
648271989
1983856454
890613646
565536188
2100577844
1908715676
983301061
92871152
2122672749
2002550935
2126085889
1919318273
1152160109
130736569
1695986151
666009103
1677828979
381347608
1915357612
395974974
778325798
1203307250
1702922487
1646309216
1789889284
625416975
845972374
2130201625
2037372829
1742727761
56190514
538161170
1579100567
946804161
1103697359
1532194764
708036189
2086998420
1625065916
683225290
1942065707
1603668157
455059915
946742168
1734404726
3562418
1612751271
1264750057
384910026
1380625236
1660725031
1163235824
436448838
1216163870
662061393
78854474
1841580845
1508033767
61572451
1731470027
1103277880
117762966
122147549
534894800
1064567127
1225844908
2067089564
1772603316
1165359680
1544671832
308344958
959941739
1000856341
763404873
1906683908
587777419
766967291
1371951531
1852527477
1151877317
605093119
1365768860
167629494
1041541957
434449083
829690887
1120396432
128546280
190241006
1181968883
1860016307
1293518887
1299731849
1982163857
1828413687
216815328
1060525117
1748019603
1989418644
78401150
1145207787
150279954
1038342889
2146064128
913684827
797543149
586357899
1680652118
22011033
291401728
685045788
627104152
1657170589
852675282
1668646110
2091619672
1682366169
641558894
72682304
1872607175
1823527777
1932698612
1018642414
975775979
1767378821
699572453
1192591307
680420290
300108408
1034526304
758821440
1445316195
1184806258
1797164330
1443896675
2098491086
447223831
2030254575
1631659556
469234864
174172655
169221696
1096339017
1831343244
1021896978
617501479
1775479268
556779499
1259060373
1848161573
281903027
935104502
1633376537
1300545441
1910880481
1253271710
2000117895
955988141
1933692000
152742655
1990514445
545029793
1598058851
1027837055
194710475
894471878
978844493
641934306
777242805
463020402
1111169171
951415461
632242098
60024540
635275057
1654139077
677526019
263270678
63434928
1936586392
2111432251
345337955
724207246
1597325140
1645883397
487604080
703113202
1498517644
1443592221
489321554
1651260299
1286623018
1034351347
1101835502
166976425
1229061822
1996307381
1145820919
1870996129
626066538
1608841321
834681652
1577481999
93599771
894706192
65273409
1747738848
1572232211
328544087
1811173777
1361334955
292492690
9028084
2085542201
1889817830
1654911481
425662633
445447384
1005945477
1869254854
934768938
509722129
1008394224
1969120286
1611557631
1175370650
1050698460
1460381364
173707921
774210941
2086447903
1782549242
1608892593
1516446254
1876149013
356115137
1581719663
1476404214
1928347348
1910263750
1140094343
1142198655
55272792
1149122427
1080257209
1945090622
656550261
1505919842
243054358
1662495738
1227691049
1177823297
24734219
88601625
999459935
1636291851
1263972275
2050158395
949189567
1437680196
676885689
888153822
1072745790
138294634
257116429
801411156
494409772
1838836092
130331722
275273472
1601616195
1270426065
1417472128
1656888987
272064844
350245689
1454495962
928615105
1856165531
1697550320
443627196
936372932
727889969
468361415
1024974558
1727349904
2104653266
141463185
1630024652
906359186
1579143382
159426693
1794513008
504405524
297721327
2051629437
1305816680
792131099
1742981882
1436148402
1067404572
1197114429
559090819
337393052
706519768
831155664
687638741
13532082
1759770769
396320624
1711082403
55914317
1332693557
291488724
524275733
210184467
2018838629
481445351
351647652
1501379633
1387804537
1930791034
1660806326
1034833898
287712911
1958527653
938979687
1593529591
603175105
534477921
882194346
1670579677
1731592350
1441285165
2007972729
290628471
124957181
548127822
304160553
1884727951
944448446
2015242956
1940642268
129658355
159248033
317434353
339842822
30603014
798879705
691490475
1531982647
39200594
474797861
1045305325
1074034492
762510772
856349330
2013014180
208556716
1459524435
400008453
1090751062
982620464
2131600804
384552579
843109545
274745627
509509761
1391237367
578906180
246754064
188202166
446665489
39912684
317860521
605913522
357347038
657703344
636516536
1156226743
1349193819
21015535
1195427337
1823991680
1066320860
121978182
439018805
1922670190
2134992362
647575521
1234710978
387517167
1738326583
69847794
371634323
2122879162
912957340
646379950
484905275
156711059
1225286131
731659339
344913225
1671951620
771572024
662773747
130381494
1128919062
1320477091
766898030
137662157
522187262
787913565
1333089494
198695294
1854234425
1455067676
637714099
1629420967
1442576390
1285289620
716648297
1830093558
876132555
786496092
54244233
851528070
1699453432
700624184
1336433345
1856164491
1925910315
2068092685
53594069
1450378287
692181061
716367816
1580759781
1821100123
2036844907
200174163
1958762280
411548521
988087728
1144368126
610243815
694838505
451952155
1247957915
176775824
1894528545
385763887
893424122
1577138455
1261896443
1679920214
1631382689
2113424513
1231889998
184523225
1302374210
940570841
2110433540
1222983247
994164910
1413328179
1915164308
1710532726
846604312
1588780783
1599893985
1046778475
1400059415
2011442506
2034866203
396943894
474202674
582221060
848896049
1722160589
758996884
595940946
2107924476
1652421006
25595754
1222337271
1184857572
1656978443
1188278136
269263922
1841501668
343168699
1209834764
1804451560
1566151946
56516026
1070296091
1333832607
1767048753
1916900403
775129742
1219459090
816195230
27705510
1083417949
703577785
424649404
1557620623
1285798845
1273545453
1132297564
2044795729
1869486399
1092738392
1549733088
1895082153
167592016
587107012
1404576948
1355870152
856370935
1098594968
1699038851
2066205699
755562880
1117707150
2122721725
1825858971
304056109
1742286830
1595275726
1079185851
814262273
263987308
1106891361
1897680222
967565093
1531540765
1307817197
105880290
657602570
292631113
3192372
379605322
1385369505
1552925460
127203827
1552961521
2140032472
1531780776
761348026
848919759
482892096
312903229
767641810
1238454977
1430610379
742879888
916830300
1734666488
337683070
364622379
666368692
1151945343
628609687
1773260053
902141917
1596174781
1157317171
62475466
1702055071
1814919741
355106579
1705247443
47041415
1740476085
1110689255
174245243
1145953958
1103238080
1706026019
1907301984
1952157839
41434467
72721566
572316002
1279889444
1503331945
1315195890
49236097
1090514786
1652878960
413858476
1756883478
657340656
1042468163
1382659883
1559482573
491159296
392493406
1621958040
45730720
59929500
1977064619
1750978163
106970915
1570057056
714183771
281216158
568527367
1817421851
1987242177
328345703
1622096042
2028676645
401067269
46928396
1161082441
1904399215
1362124286
1210318538
847430353
867519599
1624177014
456830183
1524860255
519161530
1839490066
936859180
1010320826
84499825
411333572
1056051546
144429325
240914544
659546062
251400240
1810971600
1373729833
532616399
232015319
1043668036
372374928
560361023
518280430
253567925
961428292
565208827
1414650367
718343859
1927333113
477485257
1565774212
647369064
2101662272
2022604395
24745671
473340154
1714610814
961604852
1483660980
1799110639
1372938424
392228879
1943539964
1613852968
1051774941
47456556
1277340921
278021126
580072955
1509356240
1321689162
952447884
2069717263
1839969592
1206015809
883661908
257694771
473182528
1602005767
37544237
950667786
1020296332
684913301
904846410
895417079
709658973
1378186564
462544245
1671263825
714363896
114171236
896718601
1106592775
2057711200
363087922
10884068
2105167757
1640428843
288905194
537757064
1002301435
1610594356
1490204948
924535051
1303080301
548737110
1808196959
1560775072
1021919638
1262719078
1598319309
1972587424
135531762
135748963
729950186
1030948842
845407936
2108136750
1493493087
369188113
675016999
1607664324
1265906714
1781609774
1517891876
1628994636
1792493843
1475575985
1121939831
2081399037
2013333050
2124241267
1544509746
1356054350
901292670
700106399
1904791460
562005981
113397823
779227451
1824725059
1711717133
604331227
1960256822
1847466096
1334281414
843722016
545390384
1294934516
189731455
914578497
1969951515
1797395779
33001563
1604077642
1167804008
1661996200
1249087837
495896345
636452383
1183003226
361745747
613210002
580029324
1717800098
1514502672
1280135723
1475107910
2076508653
1393533547
106851713
1753750065
957767032
711182941
1566523239
657749480
2045464355
262761607
1203139864
1192915223
452493062
2117718361
1015383091
102405194
3236276
471977085
1270209202
1665232476
1721064922
1766105547
154201212
756584500
2127851295
767411214
1336613825
1698167745
134430239
469265900
1025792007
63455244
1862799447
1132643721
1817205309
673082831
1843826662
1236244900
1330832311
1741807369
1499006507
386488527
787238944
1951499570
356723240
1802622035
2053904764
359959517
127115472
1176630318
2025191993
1848180394
795252217
31909557
457281247
775619864
799320772
1793895072
326303961
933751011
115677324
1352095969
997206255
1978476772
337256042
666927917
504075955
33599056
1903172817
1834908267
1775406425
1254695677
73913146
415161721
1058711599
430636387
70300109
965132715
790595904
197415581
2141763033
668304249
2045595976
789531602
700213807
355393575
1565151467
1499534579
1804999
1891455428
285801942
117482323
1096067749
1283008197
2095959095
1433323791
1949936114
452551403
1466922847
1705625284
139976022
1094845624
812837313
213889168
1510007346
1871548912
644525555
1580307455
689197979
1435121459
1777723036
683477364
2103425709
1675835364
1473008966
656155868
2031228939
890676785
8206799
2033033938
634648566
294008741
3032614
1730716315
1577016938
2098991709
1016556459
1379469405
404059464
335995658
937611041
544035486
1430841283
1750448354
757924655
793364981
1474513618
1402450210
226188788
16227949
690088022
2003911824
699705313
646030083
1532263541
25230631
1302185951
1416008832
915907417
1310392750
1301559123
1550555983
1604401491
1304591737
1133788650
1033934781
1256099798
2861461
265920538
1660159263
338857120
1203531579
56711101
1769698403
806496285
814635756
415579736
133526255
69602319
641768524
149754204
759690341
498196700
849459517
1405720424
2030460241
874690149
560422727
1298985426
1790597566
1870815477
453060901
1193669901
1327733320
1757652638
179974903
214184453
866268788
182836365
480104992
378944403
521693485
1683636571
435655505
143908240
342649209
1250291261
559487976
476175464
1319893580
1201256500
625929669
2079583921
1699453200
1475389186
1337820697
1582429794
202595687
1898243424
733931572
1993193253
1621575253
1186992473
1039379506
801824925
797161463
1219354410
1016009379
1663430251
1402190775
1496114371
2042374655
1923884260
1032267294
330546512
2067792500
1374916503
1580837773
479796828
1851091968
753247706
1681053328
329537989
685347979
1233022880
1804927175
2023168677
667969026
2007522863
1773928453
1401900598
1853232468
1248020059
441409423
745128327
2049844984
1238570886
1964482737
918370715
754517490
1219189864
267001438
649408497
995590476
1299268733
979955009
915899328
526701588
413309134
1395696156
230309908
1166556840
929265836
559847897
1851904820
14805068
217291425
1727589849
682774095
77330640
1354034654
2084674693
1930563108
454571065
378600469
528207787
356932402
1617171355
345206876
1275303117
224205197
1564396740
1542304556
873613694
412503568
694089641
1853568703
1328402896
1220791229
119394190
576615404
1451101138
1285951030
1505881240
2010949035
990372202
1520686309
80756812
570478403
55976756
158087452
1924513058
2140651449
2088650561
231600475
371768270
469374700
588532877
1988939626
814581577
1863835995
65661175
231494669
1258656903
939274870
643998238
1952746544
645359925
1972401134
1026054125
764754115
401532891
329671615
2050705146
1907414131
193137003
893593700
1280616792
273893815
1464072104
1336593548
431981268
1241101514
1329761350
373148181
1472701989
1701529620
842522881
2061234867
1542985598
1657104458
1777587214
1608646774
1888599128
888760469
400437996
385113718
694023365
1045797921
210031204
1720077490
1810552037
611564095
2049749106
1713773535
371494579
95402461
459883587
1652111371
369296276
1923955691
841221272
801277544
1017573557
23498974
1174425725
342791899
1725028594
2016948607
256543118
1120530545
1526569417
2034130332
581693671
1267684897
775407153
982131667
1652798615
1469430518
2027929588
1862829820
1042024360
1690997977
326910267
944289818
1257287864
698404846
1039692279
1717171452
203032570
1408988556
1493643495
1044253842
62782452
363733405
1067752816
1237208178
706525304
645297762
1106673137
963068422
1765828307
485758906
849715106
200038330
1753443804
1625122259
1182169997
1258758771
947069129
1062615938
974104943
1989093489
606130267
1301015211
785899660
1863418132
1999420057
1825591939
1433105936
54968979
1087096847
779265783
1099222821
1149879300
1142999188
19491989
239603830
1849524492
664789752
1346276967
665109266
283134411
1832035873
1514824372
483172742
1437996029
992462983
1665342739
549271153
1939532112
580475029
1523376096
1781141954
1186605297
676907659
419557966
902539781
528844069
97666257
188162069
583813048
1184763105
967427852
1683035870
187158757
2110427041
1702527859
426762587
1812467885
219833963
1773039554
330093504
502968375
1457591779
1844917876
986141117
748104161
689897212
504000208
1297375314
481945676
1084475238
673267762
115603982
123596887
1350175422
535161948
1026136668
1879019491
632828206
1214298737
315348891
1817591311
34242941
1998384761
2004750068
2144669982
1553428973
284029007
1809654220
1773262936
2057068561
2139747724
128747663
1367176692
1837181952
1114888780
2115280853
379595516
1618888989
1265172519
861541193
555880579
1938440282
977145175
679477466
1141132056
1512307124
1705614134
872667899
2145135330
772429223
1188016790
1815242993
806672164
1038917904
1672509413
803858499
444863229
1956538420
466029071
70642517
1866123333
458293147
199390181
1085816377
147991451
1314278961
1053613583
527586968
785684302
171302454
1389128161
1341564881
2109742736
218789688
2021042347
1103391144
1731096812
1579172833
1976059043
1728748494
204118408
1016592186
1396507839
1010790573
2055510090
921533604
1814649072
352889671
730588376
133194495
423532188
449228061
591487642
622922369
1535044439
739479093
1937201331
441174374
1267066061
575401985
612476828
508710574
1916966867
574735917
727500263
1790525566
1678127061
311113427
1222214752
1506702457
2039861922
1426333160
375810995
1288886113
289640085
283837437
62936070
2104289157
636727108
793524446
90000004
1060259296
1242752508
681487646
1683181666
630313299
1420966740
1472899349
1071487673
540549153
2048301334
1683964501
1049259728
1817784553
111216770
1776759991
1460826472
1789343832
2087873418
535557576
1148562641
1980251692
1961890736
1524373636
1121654158
104047174
1808211073
1184590228
60852683
297454533
1978114674
150852688
1357713829
1073383534
832340334
893411847
1703696833
105823426
218827548
627700858
646372580
119645235
164181712
1695632308
1937429788
275398482
1324908651
1250772612
2064742314
1265298421
1786330188
1065821307
1098066466
1600737277
442711295
72236976
1704784451
103438720
1256827204
1765637134
400893253
1087458230
1916489822
1758607083
13358117
601346509
504535282
1717054950
707169935
723362831
197272161
1353542515
843008066
361453873
901691175
632954206
636852355
79116178
1883726819
554111022
1344414600
1522573359
1619932329
294997418
975826988
2062643625
367234394
533127791
18598697
1624061598
151281278
419491951
564036180
2067771100
30615386
577394297
521633961
535150668
146965600
1228803897
1258513499
344237761
434862764
2101521565
705691634
1336553940
586992124
1342543989
1415670118
323235295
1896655011
612601070
1845808654
1369103693
907598488
674151995
1284263670
1274832882
1207279786
1302862367
751410832
1358561064
1722354318
1315447013
1278848517
1752969704
1892841310
1800482478
140636725
2039806910
881802727
1399150224
236561023
1316665492
1353188142
942252657
505735784
1940180266
137312999
1921405902
115931913
2033968010
386523325
1961740567
1255588055
1294121813
488408914
392368077
421471048
1695688701
1695230445
1172881880
906766117
1270101115
340845245
38130986
875587172
86202908
1838613465
1016223897
2126009818
572932544
267890473
215087194
1889598036
1621078615
1157339851
247850172
1413775233
1294652850
21772427
1529707146
1181137213
408295752
1343964066
289241620
1702417565
1832372980
681609698
2123888613
1380578033
229356495
1149286846
139860503
1499457610
1490132091
177991489
227561134
1576334999
2016604954
1243785031
1554861170
442053851
1511675505
1769948364
184168239
985270472
779804567
432018412
251562058
2074457418
453790839
1781269204
1108110983
862086591
977749622
1397352603
417020508
662638955
2078962301
393425474
2043216988
160835148
1542712320
35593843
1660292759
885360763
213585333
1887853893
314212115
82706639
984155277
1869073285
524760490
348347134
1491538001
708928730
1333617606
123858920
1140947142
1585179664
50832690
1594737981
1218965221
1158943673
309340924
49231195
408812629
726361432
711870150
340291282
1119786906
607603491
501126431
515015578
643197334
13935542
1400376342
856782667
1901789435
1714588457
939489307
738461064
1436178094
1464249797
1086808198
780232447
25694879
272942157
904091367
1166642021
1858121821
954924058
613896354
929603394
2113867731
923237278
978834590
375196712
1649598711
1690704740
715487995
621901969
150824583
1216614426
1136917548
794021918
1230549968
389810242
1650804585
984855755
2104398699
442810244
1723316820
1393093145
1907060042
662641370
25841944
1932754921
935583527
929933311
951913295
646221701
1884857369
1565809649
1575825095
1851241453
341563280
407176037
78954517
1991161991
2097880778
794442512
465580312
101221713
2011056938
1602497860
895243631
1094123258
1992308102
398564569
2078979014
1949223153
841374813
1654812186
1194832650
600951207
169969908
1220674594
386222481
1105553436
3124258
1338135776
1751775137
1887981627
756461777
1180116584
1591739432
1098025057
1587292622
1670693950
941703400
1537689752
317652814
1407283713
1638911465
181226105
862297925
386671449
1275349363
707122380
785236018
1206844729
508861885
1626610831
714173267
1703694536
80078391
884143176
776885482
466300872
1989696612
780009740
1804436648
1593988101
520507720
413414777
626621037
2112247152
1511439835
66430011
1635457454
305659587
1604119763
1953110269
1712943300
1095547581
2134336374
427757578
1482219030
1262202089
1134879958
119971400
321563171
1643741843
1746582231
1035736438
1199952731
1826660622
1919879614
1976838214
145477846
1762092578
609364306
1949914494
1208597031
1129872026
215845624
1835218069
1094635531
1727285459
1901648080
582609337
2032945046
1358284196
388235958
1598404699
306348129
375088684
2026162277
1788567159
1637290774
1013558587
1908538559
1958853945
509816782
1507637142
847106735
1709769514
1186814117
619502702
1539124080
1332291963
234111632
1004738
1134722810
1442708664
1130876765
1350568434
1130443085
78028648
930370245
884607517
660637985
815831643
95408065
1048873944
266752694
401756194
1423962628
145431323
42839705
913769754
1158989910
1951378264
725140051
1668806693
1311531759
1572246787
1231092559
350862228
44265841
622732991
1683154191
278377473
623737729
670393353
1721086137
1754614494
2020961787
704045574
1832643142
803848384
1588653092
345797480
1619680028
1684061157
1394671424
1886432722
2085817352
671150404
2031864046
2128657057
1584920159
1043370308
1932551674
162576562
564693353
1096599785
1734823349
1795785912
1447462013
1779089190
271035255
983132556
2057466664
894772985
1653525910
1631069153
501903831
1527004049
187631080
187063326
183368786
1776284172
532860806
1803048814
1312861681
1927532230
1541997888
1251195385
451198986
1426378286
1232368795
2036119145
322264947
1017436821
51212060
886958300
2114036606
1786035409
535260565
1414014971
1417640952
806295820
249663879
1327623968
1701068805
1903189789
811209473
55488989
1282710191
998840553
242552315
1466078977
627641077
775413121
1121644143
1940502759
555461703
516158383
1044214496
1006660689
1942536670
129099643
895296187
117317969
1146536464
946508247
1004276269
1113089422
585060008
1539536834
379620745
2002700960
198349007
629284625
1182841280
1899417812
384990766
1994050754
1954906801
1667700957
845407659
49975468
986296286
1473048737
825388589
2107940429
1266067848
1380850292
476615165
162798696
240027334
271668187
291898340
1135323521
388986156
1438434804
2081831768
1393262425
404040579
519408128
785315612
783661324
374625441
983664619
1412945949
1557466721
735598783
1797936716
1404033827
543021937
1318154025
101957839
592997405
156966664
1575006576
1418385995
117423445
693590776
651752639
594038610
856389472
891779973
865706797
1148287812
2027103494
1254692953
439238969
1961451614
500471731
843279548
333376095
1285787343
1626940872
708001536
121968314
892403174
117984609
857567097
542856242
1522018437
1400589034
1861010267
1623976276
1993586440
2017976931
1051499204
1264488787
2135400377
1745089980
1916241426
581955339
453995804
660537752
1447662137
1602283617
540157598
554871442
2041522586
354125565
1055343173
737318486
687501660
193646868
216775710
1395503196
315615182
1109178884
1513487805
1173182280
1652035126
888022594
426287666
1365561746
364515222
272390458
1236055029
1416014426
1536879245
1223971758
1013620758
1305637024
1805927098
1467616563
1966174776
1106105587
922416532
358848726
1660977029
816455470
712974291
568836555
1553773956
1400475951
762483423
1770549666
648495499
1078098606
732244903
14499657
103797238
236796381
902522251
530084904
1602358127
1267037474
802475363
690929509
535568252
191870960
1914901267
1549189011
1497507984
1573344717
869321926
1316199112
531966656
1791738458
1675047839
45460038
460710280
240538482
614296593
2014484236
1641014434
1376780016
1637550254
142026285
307394974
222311509
156525942
411192212
459107891
1059048194
941277117
2061466018
178602020
1743752480
604911879
714170272
1935623440
372329499
115875635
1285647777
1945674216
985197561
454363241
330157225
629452371
2129411080
375617263
1090162651
222465915
989913856
957163239
1863480349
219210224
447229846
2005506634
526605199
669541355
14548929
937797411
1128649246
1073597123
1879074528
1042631617
1252199143
1475343360
1647543496
1966369415
1263483153
2019872995
2082245051
401647282
1818063564
919958964
856010523
737141
1549411336
837937956
376354404
492090339
1060403871
1366268260
1449253579
776400572
1585478484
1896483425
634423558
2112083683
418541132
648972487
902397447
1547190379
1722569610
633988327
442338348
827285105
2109331688
2089881844
646170873
1225331193
1962271192
580932276
1626978475
1632851108
1500891240
335505350
1633588249
902818928
1173443306
2009942653
1394909268
86363529
1228727265
696679199
862764101
666722101
445678976
1497187660
631322137
864220108
2146160147
1533719584
263926839
1721246110
20224263
706265187
401047567
2129555951
648663384
1047218440
1207403496
463450928
1628150716
686898323
2096302036
981558309
1022403674
1582406637
1884377237
48363332
1444865642
1131802857
134726862
526109259
1828482056
997490963
1192831360
126677384
347194975
1824153497
990897493
345871475
1210389433
1254824332
2067117585
1230613697
1961089520
320681504
1212686000
462269256
1367899945
272605849
925720184
848567013
959504172
874538572
1830125322
1981907846
309461561
1567018912
2030271179
1754327203
551338121
17514393
132952814
232336530
1015005356
1325784174
359013914
1362200332
1002454024
1349911407
1708071807
65359809
457252092
1627705744
1295973506
270857964
1948387248
361175859
733127220
1168803545
633781708
1658847404
2017370559
1593285880
385902328
1700012233
1427710079
695363889
1119547497
1310497610
302207444
1670885619
1328012003
435160258
1903222149
195533711
1760944432
114752415
1557734043
615914808
1464663823
1118322202
681274618
1921915915
598544298
1977248124
45290231
399447899
190940335
778417451
1568251444
824722043
289781207
1438138355
270524276
675683535
990666941
1698234355
1371047424
2110214438
861248317
1673254868
1633616409
41776672
2108415126
1389354910
237310383
1721875910
1504107326
1795044427
190307071
821287501
765882981
871581689
595719768
1364427280
701346165
641009999
1763875179
892286501
1419427450
1184642975
1717008544
1709208657
475297683
1987532820
237408544
1465964624
1538283527
1608455968
1428695414
252048196
1134227188
914828176
293824868
1095158666
156699438
531135252
669550928
1660806764
178696031
859857999
334610617
944579012
1731439688
930330385
161522644
285302206
1571340384
1925397823
1177588707
843284186
962557151
747113603
405009195
1437854834
587162776
642417739
756335810
2125446303
103390059
37547576
230010852
1237617247
952375752
523835720
185292265
1109075191
1054970972
854843194
622398307
1233667003
1714701193
957008925
30762368
1298657234
1887339310
192285012
1583959440
1311196047
2117682836
614064499
6996585
932756339
1361178102
412005781
223127525
1948340878
1054423520
979463335
1926303534
1157813580
1017010911
8830738
247947179
1969386664
532666458
433239445
930978207
1587637431
1288082639
1553376514
673820786
855300184
362901791
704583154
6473770
102757454
896868167
1590433210
1413953501
867067355
57014061
1420950086
1799823694
1418192164
1832955867
2022951219
1219049394
739895740
854930906
997869280
1897709320
1871941817
1006700018
2145656499
1693844833
1539366477
431412296
477339392
979520260
1719494935
2030715907
1653341046
427311472
246134050
210440553
433785242
348891504
1107308720
2024218453
1762845005
1974376075
2081232514
1036311444
1626716121
1351941030
721783663
1502183692
423506777
1461679403
209630950
1421376057
1211905075
2081572767
280592428
1210077927
1627933953
1819958905
1641490223
2105273345
651995517
1213501511
1988505604
157852915
1640812983
87156007
368293468
2074598225
436047511
1475602188
1951333030
51408869
1302494615
1885081897
1087720313
781727088
1089539279
1809503976
136427132
1513046056
1123699732
346058082
786938466
188121159
280147202
1067530894
1398199086
1908081155
740006151
892205662
1865870852
1392001668
2105707173
1706892809
1549854583
1599036508
1794048816
1918148052
1526151085
82612679
1246266592
1330000468
134021548
401277560
1067598717
1221741861
1183004648
9654348
883762190
1319431781
1522700405
2007461922
1665489863
162155223
48099433
1945637065
1229686117
1446298520
1706234572
1969692268
191020534
1424621777
1214210288
149244059
984030938
616581223
1748280567
630596106
387245627
1126948004
713208785
1633512220
309464824
847230334
2034789780
1377063541
2068972195
1070310780
1386717890
805250737
242258913
761934647
665229011
1907748777
924089870
713328445
1705902194
6292339
12143317
1264653119
1975984607
203163851
541791248
1042711247
352407910
1525822186
1659292470
2100688477
8934644
2046538098
1080152833
722143429
1532566670
1389617658
1569373763
1419872802
619197551
1490862311
342699934
2005915441
148629400
584958848
620366440
813858412
345223977
1544456310
1527186857
2051126171
1550748649
1539330174
1168295642
1379249608
1742494025
1710086890
274477207
2094901935
1088425428
1933769678
2048106764
1097360072
1832824128
980775949
1819503502
1217907150
222909959
1241393617
490296304
842107511
584772280
832996238
700539304
733401681
1417955086
1320905745
1547260093
1763179063
717878407
926963302
1666821587
121143409
318809828
687633581
1500393017
2061303853
250236824
1774870225
2008722140
1338662252
1561156255
1909345256
288538677
1246496735
742637557
2108042179
316920237
965547517
1201952148
807216541
1807655028
1786724429
1640212779
360710684
372642462
910684218
1681616429
1919902555
526379633
252011189
699382209
45717572
373154598
1018192037
733351154
1873547615
932012242
983587978
1500934192
793250734
174766582
914606799
555112342
463305259
13619886
1297749899
423863790
330540123
115813768
1625815939
1137756664
1923468796
1265056720
630485796
136695833
1637699182
1541170014
1818312262
1410118089
2067549647
2070323451
2109500298
2113267220
295994401
980208687
699134726
22058369
1912220929
1682722704
1522992561
557988015
1857489286
290115713
1113100357
173310898
303735599
263366608
597174688
634275723
379180377
75506979
1772032387
155165525
1340563699
255034535
291861358
830779233
1796204549
2110173621
93413674
1716270549
2033013424
55430324
1682054121
181524178
1035639011
233705199
203582547
800376292
1916427903
1726575108
1358364307
1626433541
2016690821
323981016
1799744439
172942773
587347625
249435480
807218496
966528002
324942459
431767235
1121693527
1665506159
686801771
1413554886
348801744
335522672
1376244859
442215419
2051793221
1261774635
497645743
1586363694
1443298813
1533284755
1820068893
1646881360
186177399
1589013148
1225972821
1544541707
1067963042
1095179994
1868522723
720223833
1268122767
308386700
969659313
2075341263
1274914702
1294601773
359624851
249124582
812624284
1046426622
1662679468
1161426028
1381949294
891440679
1603641447
1286258868
5731666
2101287191
725138914
1449030480
1487088298
397724160
948428192
1673265697
1986737308
26917365
1070323756
907216702
1122097360
791362832
1627440536
242736479
1099749532
449616201
170594095
227180587
1744217974
530218946
476305169
409358610
1576645568
2138984637
1570784639
811111214
882941668
1026942438
2097370082
888673334
980745981
675025349
190220166
320350631
1072749509
1138648359
1993616329
912003169
1165565724
916456437
1819219872
140179436
1707819269
1299176760
382915916
660085154
1748792961
553510011
887265741
1345527288
1083728957
1363570910
1754885898
512890877
1355071899
1178186889
1324002091
90529919
57645680
1273888526
979203253
1038391661
1948913875
1169423420
1358742293
874179736
160588131
1204874974
1786182905
1326153855
2121331411
1457919129
1466333292
1681667033
609612241
1849249208
194268539
210921555
255275571
1081534280
1556448843
1339004528
297621542
1163851093
1851895405
1652693441
194554335
1028413848
1743223360
252200015
154818726
574942965
1290591676
2103732601
1744366385
501850321
830428689
1904954516
1706725295
469127947
1083624724
1680573059
1927047076
402474368
1214756444
389175670
104239928
1409024983
600097225
359515499
343075615
9062420
1698520027
640697157
1172913513
1402931784
145906950
1367467848
283861984
1889130310
1619667863
438680711
316589627
762775892
394929664
2060956013
1264626213
1225358354
1818426881
823867861
1694486301
754567957
356957272
1474049729
1157042325
1571713716
1863225399
1261282253
833255051
315838976
1620797752
1176330666
324901396
1171834131
1817027823
1497814910
427282267
1962934773
717799110
711144252
1704581435
189983326
1149824963
2021171062
952759218
1544754627
1934643427
69901783
622629333
1605586661
893769644
169631986
212670970
1250726916
1643681716
1369713296
674956984
1359423467
483511901
1508212035
1675262444
2104309654
537059053
2000163840
1128660137
206603228
1350495102
1555942405
22054353
2068294213
119603009
1726635788
110793891
1269427972
1600323203
1063553109
666698951
1387482982
1133454892
1289328285
845585995
2027224537
1458960271
1058256966
1130467805
955158339
280486614
1805424790
167098159
763998515
1166153177
1842360603
720824521
1703212231
1695040795
1849484659
1909815459
898052250
1257943416
1931869813
818862815
1377546425
1511021953
929656706
499490749
963861508
1993209815
1166189700
203860843
979181059
308034337
1049446838
858921948
1766994609
2107703804
1989389754
574669300
240706770
1647330896
741767459
1004705286
666000425
436644414
1725529807
221729008
2131685210
1427530818
2131544468
882253812
537990586
1915930633
1701116627
1915537011
1279468938
483289685
267544112
95846799
329015852
1433733813
299707642
1308196911
1741768150
1349154480
19635212
1361279111
1309374637
2009024966
1935948412
1550081407
1508872214
530232223
407303045
27388991
966876638
2132832853
249118000
951078200
1412880023
233178820
1833332012
1950870610
1625805
1386964991
1718923973
1281094743
1870254676
1986468086
1376941542
51786880
1272718251
1676649184
1359983791
867002753
878320017
1379619003
80798217
40211006
1241160321
2016746629
1590292413
602548887
399495204
1997595459
629937879
1366371842
1982944664
879055879
169966394
1248341039
1112234699
2003298406
1051728001
1113860504
1242779749
623168327
247471599
965550777
462152765
1624413142
1017337657
1734871016
1153578678
229837801
454390121
2031898695
1609456804
535188338
2072109701
703133478
404451319
1514918467
1305682365
803946524
1365030278
1935620244
22834718
1200491294
667192475
192801113
301348685
1779427174
48615871
1353076687
745804030
1291395621
1976245014
993275630
109462750
290914131
470205124
1126800408
2025785147
1623783802
1356638209
332691620
1508198850
818611365
867879959
1432824903
1521744843
1272331278
800259722
679943561
2076277802
17806352
468080157
2099112521
1218297646
1135272633
144429986
1519646332
767216159
193045857
725239371
1513020190
1484441478
554000737
358812172
1593904229
844914868
829017296
573220989
723216367
305317450
1929859198
1055907987
1813516300
600986915
1923787946
1098857556
2122731759
1048635577
1899117278
655191672
977429731
1916923631
1123271829
929058604
987737629
111060814
1073488590
359900313
878276974
1266534448
1085139684
243813516
603492278
1639140421
602625688
49912859
336571641
1431642984
623133848
1059788008
1736960434
405509398
2115695996
1402993087
1006496314
1892000294
354366995
981744425
793152223
106000625
1636936097
1770581955
2022924256
612724278
552156911
863178238
723785093
1625645502
1223078551
1602062067
744696302
160734588
1845875583
1348188580
1799875009
301017623
1398101440
2136446651
1732660607
2021235288
1048751011
1322137393
279261039
1016963359
577646832
1285757353
761480006
932013827
120018130
1554632229
1038014453
1756954227
1177730536
913455061
222194857
1729887448
1776633299
945979950
1208049302
852228203
400558369
1952745604
1012962791
98950304
1153450536
665354152
399967927
404068328
654317155
2132628534
277819969
1703068167
1307282280
557081008
572547878
1884929112
1842838361
1334027884
669459292
1962856491
741176466
1707473745
1572327070
1918907002
473445158
1794521927
1501310802
102594810
593018230
561876456
954823013
993576599
367138412
1967785804
1092526904
1520588949
485656308
1492494831
1924657277
1139973464
1477639718
54993598
695557983
637438350
612074606
1268105861
374883814
307429319
454650098
1044343106
122802162
1195826564
604333203
1695129232
967249918
1077778362
1342167512
321077073
1180373172
1935185742
882953529
2135196185
781278693
1250091942
1955498341
1873805597
623197243
293671001
1218816781
400370872
1433644465
548972851
455364471
2129202448
1186411201
1067439077
1249824662
1561295015
1374868397
1704474760
458154474
1497670559
752817676
1062487677
1045316144
1720067594
2140266039
240000008
2041144667
1173155563
27702102
776614549
1160868100
808980795
2026706491
968882793
535302745
502420086
1262553795
1754119526
902790958
548714612
155608729
1358155429
530433413
1342019930
278110859
1780258075
755831297
1652979256
1337249187
1213985771
1003166167
2090066863
128989801
2048482311
1662650809
121772192
140998671
1556311829
1294927756
168700773
185442730
308312208
977681569
64665573
1277195002
1512984314
567085659
392265149
1119620192
1469876617
940979761
1275228921
680548399
1471413174
469765203
958659258
1104187601
1225596500
464154866
293953140
292098624
1467321033
236536355
421088425
1368319697
1899187165
542860617
1509318368
1308015346
1837788373
1678019142
1493458076
2146100582
508217063
1558123649
1275811936
2021201377
2125209308
1668077085
993337921
1447602277
461573198
121083194
2128150676
1932986373
590848397
939326286
889690326
1816444897
1403481152
1183643467
2108543521
723318538
1420179822
382148298
2091638235
1171883339
925008916
1453472955
332415037
615313641
984008449
1825873113
613930575
1492225512
1236513114
1889742511
1365943241
1214238774
1410335948
211797514
514357404
1871909147
332880708
495024432
1657411872
923729105
1434350719
399618550
592690355
690348223
1583262017
553750228
1413666761
855958192
935898527
1357821348
2027841531
1860907443
663810656
212772921
328737436
1647819105
2038646034
942668012
992560970
1127675501
684926875
211020563
194430627
2095262824
422818078
708788031
1819688323
755698786
1203812464
1329616547
1679427892
490679535
1729235097
124634599
1181027758
1165013467
678384827
447210872
2020971659
1614283354
1805032220
1901329542
1327707149
321359228
2114102463
1656444586
1969178334
2005264850
451628950
814255656
985456703
1136555825
1025276219
1179887330
1084335001
1448094297
1888675362
756539676
56309436
945004178
2086156223
1735737328
1435683713
1667907673
1860371927
469227823
685437492
391273106
916438695
558925503
2005556461
573987268
312771397
1185779962
895346496
279390213
694740900
717041182
137171415
1146369850
1531296838
1122628118
135442028
409089410
155031800
1219777029
1857183707
2043707162
1976316706
1913493143
841227692
1914989281
1501746823
129427757
1435413306
1214635102
598655581
2120850798
1605908209
1515094276
532292653
1463981022
2089081544
845064051
502277336
836944393
1124454264
1197018237
1553985575
1261625679
195904439
937798766
236770149
331346467
1346888176
391801949
1551123497
1056588235
288025464
1379956555
822597731
1129253156
1147462188
176860906
1258680914
435391847
1391496009
1857336495
408758997
849920570
1224947123
941051651
166417944
1166545020
1786115702
668695280
2003489413
763086318
1865713517
1409991340
2024711997
2061617957
200306458
113998498
245480776
1547194634
505800447
1796604273
456299222
793825911
1029077180
1278896953
1923079068
29055721
1455757859
1034276334
464447568
699770220
744129181
873206565
1549690790
1969076304
1814258216
1716108734
988137676
1452890270
237320367
844143441
68492940
2103033884
106651134
2093204937
2017168193
306957592
59719787
115165322
1854152227
565520235
1911769595
162967801
1359346146
793363128
1441864754
1134941566
822418849
750138965
21734252
1286866417
1449909186
765863433
12589334
852116328
587456090
1826847551
420741415
1575593766
1132254173
658061782
272253560
1200747114
613612018
378904694
1146468403
483296564
685862286
1206188191
598461886
392530865
1771708426
362747833
555498666
983570924
1156110961
1997363420
2118512491
1978529810
600018738
2140246743
1117912579
2049927924
758626529
1130501914
754560604
1346082619
809865817
1175302019
774192737
1942119990
1833363801
1046446297
995383456
299492172
1425350991
2141851860
782788736
2111213278
1200556403
1381250622
356260495
824781181
1743998455
911759162
1808352105
752625769
761638934
1779380948
583671931
1361657672
1772144044
1701584511
1264101948
383286925
684602777
2018662553
1729369544
1494468594
1046480924
356078633
1289104936
732361078
1402524931
137004745
1031853250
680392274
131372957
1814641986
644121904
1331929360
1048408960
1000382400
9226893
644923767
1912141562
1817578998
1397549536
526296848
1449476299
1981221468
1887954521
1074136695
1535322331
1004572821
1457423620
72441460
875751726
1039309516
1566910054
1922232651
1395388149
708531342
507110081
650429432
845536087
1538963331
1330821707
976909044
1206121669
1974943611
161354756
107046981
827842363
170581649
751970748
592500277
1988160648
2036637
1118797126
1290153299
1983258105
859267999
216806346
1371096788
1863840820
1674229966
1443538248
592108899
566055834
862964654
366857902
1961443983
1571495996
873967983
464389768
269548436
265447666
1795211475
1246457480
1471569335
1622671438
1407812237
1578616316
303030154
1578393886
183103416
895530431
1419070886
185140053
2014327557
561740537
20914510
726111908
778546883
1392011298
442469081
305293201
688065898
1034577980
871349035
1551030552
1401435882
685309371
975042901
127920217
1149699139
1244591337
393367883
797426966
343565169
1864937218
272614756
1751377406
1296069886
575644910
1182287645
1479173302
1471175342
453874883
1664313356
1338019251
1015615421
1685227866
2064131160
1794162304
