1672504468
138963890
1075252674
715861576
475214902
1558262177
1181622697
1771537498
1225611500
15097737
2097103555
1398991487
637399933
974475479
1914778653
416828154
1313335512
1159938898
536498602
161602781
1550959541
1312045286
2018918234
1301132801
1038402396
2140831443
214267690
947290611
1927088049
513381871
938531953
1452108869
652345762
2013784627
20486797
1127560664
1424563157
1202109494
751614514
502691009
1217207231
701234421
1901682496
1854607164
1675709900
1668977501
123951670
841561764
681432751
660450272
1003164546
84908645
1972495559
874599132
1386041446
863414307
867946927
1600309136
1810704918
647551328
2113691007
601753223
2099660197
618553121
468054202
2120146994
1746113786
1892617359
1174772841
350244652
247824720
244496424
1051479074
2023568
2099103589
579705326
1671001069
75571611
1421267091
204950173
736021884
276947989
289858818
561033795
1151547121
1675900264
1424448102
2019494049
1128725752
1087669372
519561729
1094933111
1689422595
471738279
1713486233
9993149
444401625
1312116371
1902610509
1619174466
1662361023
2951581
1863670891
566356449
4975150
1815290832
1146061776
1675976219
1890862443
419845219
1880926392
479400679
696793208
23301562
1040434474
1848340329
1699201826
317398928
1720350730
680443930
1405068300
92428812
1775377042
947007247
564167091
1341379627
957000397
1008568716
506012350
712127258
480259535
20889725
715078839
196446778
587246175
720053989
2011737610
1733307951
248546561
1755116405
5669522
2129472953
87033437
702462730
5290868
1127467911
403319411
1704492694
1444866840
2123670142
237452977
702451492
68615306
2012830019
1649458740
632782397
1206725998
458975489
1641351113
1712738348
1171102747
2121610648
1733628073
1886181586
170573778
173390600
458751928
34827740
1906698551
707298489
1789944146
1912368073
689287794
1876977583
467347155
694578662
856961846
870666567
251587709
154345038
846853061
489040686
856796531
915468367
354387057
358771623
1548250764
1561113055
817747112
1042118229
1126367755
1988849859
1016245230
712512180
1727547797
1186819008
885902781
38816077
1221646749
645117684
746114566
864107247
410002110
1435402361
593601182
877349265
2129981023
1450563028
1748015832
234085084
1604908067
447385245
723125770
314220950
1362853612
1077512827
672992573
763620728
491142234
1490739685
1805738958
1617509989
1332105896
674500540
182538522
912170045
1861319548
1068441303
950986123
935482649
1713558987
1697100689
1799589896
2123561097
985019402
245707430
853426715
967516778
1696270459
453958899
1201601862
1153694878
901344145
1924727633
1467915828
116714109
854756812
2140908401
880334838
1345899047
1484164438
538590148
815925388
668786686
1213090688
998463910
1580956731
926926588
2066905213
384459206
1862409238
1632980553
2081559896
1514515486
1609058002
919095650
1760222917
315001069
1886612428
1309009728
768959969
940730643
315220958
1670304114
717974628
1783136786
1787018223
1572731440
1776561539
519869413
771146839
1113242329
1058459561
1587072228
1782029015
124066601
438052490
1215502098
1050993190
357474056
1599961305
765918780
1990454609
1534037553
132950618
1452028963
305649555
1893173535
1767030033
44778336
1054699615
388506354
985508979
1369920573
2058810468
1703483607
1005573711
1698345043
1128731399
634651602
70730809
1899878239
1747893931
1129190370
1339466819
1382439298
1253256972
1777519309
450457749
156766514
2134993365
2050419054
922685294
1977964326
1436972959
1055635912
1282509642
1742622514
801325800
902056027
1787400850
1856025415
1290562381
625426181
1078462341
1201889201
181426140
2084036052
752750596
1310157540
571204007
823481405
1062552131
171614290
1952671776
254535302
1554053589
1058445100
2032054611
2004511338
1215211614
2019564329
1907446744
2137896908
1850045007
1196936055
1046049172
985071001
792074921
1847374972
1887127028
431992124
1555916740
1030205761
1057418305
486895433
84611314
1238844446
423447837
837361911
401518338
994651844
1660843316
1464070469
1166266135
1466031444
1718605771
572836076
376992896
1603176734
429863766
1592204510
1475257415
189826862
1582617770
1177818775
1386762917
481183295
15406128
31354190
181074619
1902533157
463346314
1736991359
785255270
1520764620
76403144
869866585
612125418
499850982
1707228496
1013643756
1494502826
1220588164
330230577
513285313
539135961
2048836348
1086121389
916128857
1504529434
1515985155
360849720
832303202
1705812017
1943467490
2010121977
945091286
277167137
2025528105
976445477
458241757
1780577614
1439791791
47749468
418349237
813072763
124152613
1288215822
1425198181
624003595
847960670
291358289
2118506421
2068548834
621588866
484308087
460201147
522941566
1570429476
1376330005
2027471001
938930984
1737179725
712290555
497259353
1533163567
574928884
1442350640
1810330705
452973341
271312469
121088814
86067308
1711104260
168838282
504416545
376693376
292990895
1792632367
1801891557
916994490
493109389
2093249847
888017264
414174575
567355065
1372325351
874375723
1090296632
795271179
103222080
970283985
1734202163
1840401805
1682574540
83977869
1226081724
110019776
1526328509
888928781
562993117
1797640978
1010017595
649060425
1361261590
1178855878
1153476970
1737954966
1471846773
798625689
1392362876
241357616
1291735078
1338129075
1129374880
1705909654
1905484140
354216583
432801729
848297124
1149487762
536023809
1818581109
736206278
228941966
1353672001
820184147
1455023690
1463691777
199029008
196468824
2026684895
1996669986
1206486419
528261672
1210447928
237858649
1681738643
800919247
1709705423
332880684
45798475
1951063039
1624615763
1383927550
932954271
1183041769
1141928042
1287170854
1615843498
1990225167
289174968
4383659
1661322628
1025381246
233325625
867510982
1845565393
1688349315
183719111
2044594401
1884818139
62920358
1893780739
943820911
591182031
956745020
1181679560
125437026
1757664267
743901335
458317710
1803462742
547480726
2082933473
1039906644
1480434997
1118491594
34351038
620122203
586851444
2024576205
909297172
591235103
1538415186
1934678418
824560728
258442520
1632760164
365426396
442161631
1529870917
102760887
505081990
1276168009
1046581798
1096264021
85429381
80777711
1221701047
1843093648
824679046
1680018757
1499072742
1372159773
1615468583
391495738
705111122
586476529
425846776
1325233326
1173327974
302939334
87046850
1764563077
1841354520
2021725268
441640158
2099797040
1507001784
807066554
394475023
889389054
909827441
899557013
18073415
1956409240
1995821034
103502796
2037186951
1070038433
1946596444
714382349
602573543
1298185538
2086542122
70558478
1689681276
644169597
657035007
2115528052
1969402923
1830362981
270983738
2056449773
1447442411
2112338258
1930691393
1889082569
2064651650
1290209530
548665475
311643026
32114936
1458492916
1211200039
50188351
1267418508
1059537426
153691147
1157121811
2129575859
2100287591
1871504161
584665754
1250989481
1810562635
655224232
793187109
307248584
1312259240
761231513
129167859
995138573
1032215252
38133984
295097336
997069862
1968825378
36696257
914237865
1111551260
585361732
1225880891
1143666196
2043854649
289597282
1193854547
1163789509
1349134708
1347545694
173427673
1331226920
1300349637
2044931834
1915892674
403855470
1708010821
423633259
1197042579
2015259406
1735892499
1958274092
2144427265
583547424
843005696
35077602
878644761
1840075559
2003902980
915341018
606829776
967970592
1500702751
1832710667
2111636788
1397073752
2122307949
1158007687
413379613
1323959010
358069733
586807286
507702282
1658419370
484255472
276111308
2062274840
44782646
699744567
1111833771
2060042052
288153418
922624215
2056985669
871700843
1765629912
2092063271
1750345604
1458221823
1948482603
518202974
2065051599
768969547
2018905725
1750278618
733122687
1268495829
1725102919
1891130374
1681875443
901578281
101716459
121199081
1409280563
1760135829
605454554
1685391872
1674927021
650237200
237652791
639277144
562795604
525806210
1561901360
472297625
1397507053
1180047624
416877249
1000369009
490785799
217876204
1518571983
408353750
986845752
1389994061
11148720
1719968439
511006242
1736251639
1463615166
45398037
490346273
1565331625
166597119
1899626836
1177983807
772051673
1437535060
705427180
1422288873
1675187852
1344704325
1985084477
53510414
759122037
309898454
1451017467
1939169661
726775703
303902828
282471812
944651908
1822474811
690825562
1931497660
1064985224
701974282
1503982451
1575991467
290742273
820113969
1621389504
781088546
237961947
1787986623
533231735
1415945754
412554648
1970766795
2121372934
1834843521
1498470999
1318593611
1672444350
1551981413
2077715648
1982342805
855515232
1869401661
561634860
1159418060
4389825
1506286768
834409224
695215387
1290300780
1899394448
1397189669
646799584
1327902267
1687931943
1466913553
801808124
321536841
1704875500
442311099
854768576
973337606
854865748
678051724
947226893
542225621
29039075
118336856
67186324
1581020489
48568857
2049529129
289052073
1917970518
463680341
1448470134
1922360344
1969967110
135395710
470092083
1112784242
2034790158
1867281753
1759583826
1215208778
1407730048
1079013732
2017016902
1729266889
636405584
311844353
436551818
1609743191
1166710101
1114603542
409486436
1708935723
1143642617
527823292
1776122047
577179458
576392149
1678167528
866231532
346879020
2141847869
167218018
121755716
1964331331
302613728
591847799
929631926
189920238
311645904
541732104
1405129016
1719375952
1620745836
1274662270
1301159194
109667773
1586506624
1737711012
1719410964
605733077
704830906
2128897400
167185152
1848473523
509237044
1943307199
278169334
1085629194
1473991079
1144400866
1432508214
1468355301
1311618884
1554263930
1285202984
1614232612
2146111729
67351262
1804152850
310273986
609083367
1061798219
2029649938
82345555
188976841
1183325484
192013328
1775483465
773552848
1911424292
233732895
1478383754
1892838044
400918047
1179373630
254591441
196741599
1457542964
1340220635
1670732678
454460182
625245201
991604331
1766079066
32025483
129323668
1232828030
30653564
196674930
889497232
340927550
805758297
1951295451
223093841
888103853
2140272293
1406419325
1080117181
1768272110
32488526
844057826
2002005005
1510872280
589412222
255439405
542762262
844003663
452181004
2000305226
36740650
2122913682
307281760
661985851
967034366
2073360826
694011334
1096358034
1158705208
724664899
1293032964
2048202441
1065592449
2098791262
1852014244
1288686290
839411467
1844802889
547621968
1919528648
1465591352
580110494
616102826
1320112709
2090982774
1205515049
1575552114
486261389
2049518712
2027733118
339082967
2086259363
2003163153
646364728
600761566
822713871
572241906
1294772901
1919071905
1730947115
2019437800
1064621221
1631665908
937546601
1015928835
1336196504
78749244
1855340302
1033515746
626371212
1627385303
351623450
1206481706
96004481
1671736159
1149980832
1301519530
1099804626
1636242221
1203554595
980054096
1975325189
1142330310
835733601
474206269
1743091876
1658447472
1046448175
890381129
1430035729
629911642
762335281
347173303
114093902
1699881883
1363102138
1450290407
1778631127
1070958793
336322505
257518691
550860448
687945955
1464000397
646864929
212198466
466497581
1948384460
1312003092
2102739803
1004455407
144573541
1930581344
2146785717
980307142
257303965
1742393945
491270967
1303752140
485291427
1921306696
1933663783
1247626708
120996351
2047757685
800024943
1484098490
1350564444
431172422
407573635
1686886949
688691113
958434083
227349256
5207862
1605299012
439547723
471705444
1406199824
1751550815
426961599
263171583
1896124356
210059295
262473652
728947851
467363260
2004867598
1220218818
1771115400
342675377
994041866
1557295535
1590302085
1115038218
1457569573
242843381
451653060
660650369
674015803
859226695
200053671
1362706917
1817660778
427402927
1367914779
1275476142
866950650
1839620223
534192319
471017818
119098174
797363902
219658526
329157469
1059837555
948606377
796520729
917221505
21341547
420152482
1259896882
1015383414
1977448017
702715319
2130421632
1287533942
945558700
434591044
1948184312
1619574504
1293817739
754335
834797773
963994869
428157262
55228904
91987363
1295107913
1894849128
626179682
1766125731
2013947302
1423543585
1985784257
195621124
335897492
786906987
992141853
1253118997
808248534
1412294335
365532231
1823631948
1242258705
1068247550
1806569932
382308999
2013806251
93677328
183009663
1485897107
1387495067
183763998
173211232
204006288
611921261
228440136
295993652
1907029174
2123289264
922173334
1525671257
1989752919
198233271
1363971866
37890395
534130763
3395205
1030032248
1787249760
811643740
294842936
5298343
487792040
1537101641
1073545894
146878325
1919410640
939868497
240555653
2102420304
278281956
1628050721
138700654
451493188
1832057009
750621915
679933324
2128050661
510167441
655738941
902740348
2035838698
498008212
1100973619
1252326917
535898607
1635104383
1255722122
1565930855
1274870495
2067365862
1860773791
1280168839
407674255
1250391784
206231085
554552580
1022318777
1146099582
795108233
977255433
1424381538
275675306
1115956087
1875874726
2107732316
1866578003
408324402
2088299329
229261796
1064063343
843556029
117616847
1562071555
1944529649
1369943764
2097970162
1432150384
478182238
1516417370
559537231
398064453
1229707513
1839706070
805738708
332615650
2045937155
1360291288
1354934427
1044553089
7915873
184706212
321450979
283591180
1300662299
49842057
243839848
1019756654
458166460
184655529
1249018451
1522229803
1028211559
1366635298
936817711
825257560
589095414
887304225
109924296
1067277652
256237947
669461527
1465342105
1485945461
361683950
123597165
1818561111
260137457
1483888453
1026011890
1304690547
1491804327
1210718102
1626141526
1775395507
363896753
1675983584
2019235355
1383653408
2134150044
56407236
485188211
1508896199
1084618795
1851823509
298230262
1909876355
293435275
1185534488
2019800651
1360712927
1441772435
541778531
678571385
780234248
903462481
802168550
451311711
1163599938
138573356
1477323601
320806837
1630377683
540558055
1946948364
1258289542
904454809
1475448300
1130041249
140624569
1462114696
1186448485
625812780
823527247
123583633
330152641
1121757510
2033459988
623587916
159808350
1905776992
1984300843
1601580785
300071875
515388580
234331386
1203534356
1317557131
685643097
219650646
1456130487
15483051
540457484
939024522
556041106
339922200
49830416
1460495915
1815370500
1179871665
1601120484
1130001548
218836502
79449616
1953528795
342420135
409602257
927802657
228396476
1033190173
1087611007
2134173468
870007369
541708145
286761695
1385395949
776039531
1490296051
555469432
1461682628
1709946697
2011599919
1477165679
102920533
803140793
2033206786
442842733
852971209
1346219053
110729585
2032842874
799855890
1240731133
104195729
879305506
1046776281
446615864
1288907764
1974578938
675012340
174614289
914706298
661702160
1044621658
1456414443
948463855
282533960
84970326
291276258
838003392
1546652954
2001222956
702119664
876334986
2104143489
1505260457
762058124
399502575
210748019
2108277177
510232160
96107245
760649419
1750963294
200302974
1639954926
650255927
646918839
781379042
477351217
1321931179
955993331
1392057515
1983633340
2000614990
700988310
784613547
135665302
785958636
1075889806
973668694
185127943
929629114
1675788358
1061462929
886288955
1033565168
1823521053
1285791530
1244313187
1784314582
1796023691
1340420432
397480354
1399503337
1540723407
2037435280
2049759264
40158598
671330674
379626833
1362089777
1627324005
1771684349
1198239469
1480455347
325189011
1982853017
1616120649
1111147648
911259175
442305696
1296275591
1840888289
2118094054
210254872
579693596
1004175574
2033775925
1865485127
101005113
1670606859
1514025170
1441425546
2068087213
766044859
834665305
1958038845
668320475
874823903
481885871
1047947308
89430032
2109209877
672148009
1287669502
1442181576
997337021
1123038871
910818578
2108484669
2034298046
1353124274
1257276612
1727702687
1323734680
1467531484
159912635
180426607
1353823761
2025397762
281431720
876946972
1391939284
1722857266
797550538
10500495
410038923
608105735
678820970
1284862826
1089991607
1726768279
1374292859
1051717836
251432640
514478713
346415764
1248769661
1637517584
1257234342
1209770682
1524331982
462874968
319563646
1104551021
1786609649
1787095130
1264463656
1967036256
993435243
1142377771
100984328
1870382216
386833407
1823841595
520449106
397333903
86396870
1128554841
1076154873
1371259697
71062800
655439504
598068908
1122780636
906872145
1112547621
1469196401
8158158
602581557
578947095
1217928841
2126913539
1041822064
1537492487
1083980912
680948065
1177103970
200960920
500500673
23055565
1343338691
601485001
1893437781
1730172099
277842948
266403239
2127506002
364239819
1394958081
1056177227
1735499516
1466020881
1711616732
186084776
441317870
471005229
1298632397
1910514271
479163387
1901213954
341977718
1697092228
1880643845
1383799782
1087101068
817141109
2064747847
116721390
1018102029
417764872
139776955
213957073
1019249874
2033214737
1944129172
1297092822
152134328
1924151526
1661332641
1547092409
832845105
1249348509
865629643
396978189
1435433285
1306947513
867983418
586582034
1069978136
1347146806
340312340
1411955854
896755386
73472537
648271989
1983856454
890613646
565536188
2100577844
1908715676
983301061
92871152
2122672749
2002550935
2126085889
1919318273
1152160109
130736569
1695986151
666009103
1677828979
381347608
1915357612
395974974
778325798
1203307250
1702922487
1646309216
1789889284
625416975
845972374
2130201625
2037372829
1742727761
56190514
538161170
1579100567
946804161
1103697359
1532194764
708036189
2086998420
1625065916
683225290
1942065707
1603668157
455059915
946742168
1734404726
3562418
1612751271
1264750057
384910026
1380625236
1660725031
1163235824
436448838
1216163870
662061393
78854474
1841580845
1508033767
61572451
1731470027
1103277880
117762966
122147549
534894800
1064567127
1225844908
2067089564
1772603316
1165359680
1544671832
308344958
959941739
1000856341
763404873
1906683908
587777419
766967291
1371951531
1852527477
1151877317
605093119
1365768860
167629494
1041541957
434449083
829690887
1120396432
128546280
190241006
1181968883
1860016307
1293518887
1299731849
1982163857
1828413687
216815328
1060525117
1748019603
1989418644
78401150
1145207787
150279954
1038342889
2146064128
913684827
797543149
586357899
1680652118
22011033
291401728
685045788
627104152
1657170589
852675282
1668646110
2091619672
1682366169
641558894
72682304
1872607175
1823527777
1932698612
1018642414
975775979
1767378821
699572453
1192591307
680420290
300108408
1034526304
758821440
1445316195
1184806258
1797164330
1443896675
2098491086
447223831
2030254575
1631659556
469234864
174172655
169221696
1096339017
1831343244
1021896978
617501479
1775479268
556779499
1259060373
1848161573
281903027
935104502
1633376537
1300545441
1910880481
1253271710
2000117895
955988141
1933692000
152742655
1990514445
545029793
1598058851
1027837055
194710475
894471878
978844493
641934306
777242805
463020402
1111169171
951415461
632242098
60024540
635275057
1654139077
677526019
263270678
63434928
1936586392
2111432251
345337955
724207246
1597325140
1645883397
487604080
703113202
1498517644
1443592221
489321554
1651260299
1286623018
1034351347
1101835502
166976425
1229061822
1996307381
1145820919
1870996129
626066538
1608841321
834681652
1577481999
93599771
894706192
65273409
1747738848
1572232211
328544087
1811173777
1361334955
292492690
9028084
2085542201
1889817830
1654911481
425662633
445447384
1005945477
1869254854
934768938
509722129
1008394224
1969120286
1611557631
1175370650
1050698460
1460381364
173707921
774210941
2086447903
1782549242
1608892593
1516446254
1876149013
356115137
1581719663
1476404214
1928347348
1910263750
1140094343
1142198655
55272792
1149122427
1080257209
1945090622
656550261
1505919842
243054358
1662495738
1227691049
1177823297
24734219
88601625
999459935
1636291851
1263972275
2050158395
949189567
1437680196
676885689
888153822
1072745790
138294634
257116429
801411156
494409772
1838836092
130331722
275273472
1601616195
1270426065
1417472128
1656888987
272064844
350245689
1454495962
928615105
1856165531
1697550320
443627196
936372932
727889969
468361415
1024974558
1727349904
2104653266
141463185
1630024652
906359186
1579143382
159426693
1794513008
504405524
297721327
2051629437
1305816680
792131099
1742981882
1436148402
1067404572
1197114429
559090819
337393052
706519768
831155664
687638741
13532082
1759770769
396320624
1711082403
55914317
1332693557
291488724
524275733
210184467
2018838629
481445351
351647652
1501379633
1387804537
1930791034
1660806326
1034833898
287712911
1958527653
938979687
1593529591
603175105
534477921
882194346
1670579677
1731592350
1441285165
2007972729
290628471
124957181
548127822
304160553
1884727951
944448446
2015242956
1940642268
129658355
159248033
317434353
339842822
30603014
798879705
691490475
1531982647
39200594
474797861
1045305325
1074034492
762510772
856349330
2013014180
208556716
1459524435
400008453
1090751062
982620464
2131600804
384552579
843109545
274745627
509509761
1391237367
578906180
246754064
188202166
446665489
39912684
317860521
605913522
357347038
657703344
636516536
1156226743
1349193819
21015535
1195427337
1823991680
1066320860
121978182
439018805
1922670190
2134992362
647575521
1234710978
387517167
1738326583
69847794
371634323
2122879162
912957340
646379950
484905275
156711059
1225286131
731659339
344913225
1671951620
771572024
662773747
130381494
1128919062
1320477091
766898030
137662157
522187262
787913565
1333089494
198695294
1854234425
1455067676
637714099
1629420967
1442576390
1285289620
716648297
1830093558
876132555
786496092
54244233
851528070
1699453432
700624184
1336433345
1856164491
1925910315
2068092685
53594069
1450378287
692181061
716367816
1580759781
1821100123
2036844907
200174163
1958762280
411548521
988087728
1144368126
610243815
694838505
451952155
1247957915
176775824
1894528545
385763887
893424122
1577138455
1261896443
1679920214
1631382689
2113424513
1231889998
184523225
1302374210
940570841
2110433540
1222983247
994164910
1413328179
1915164308
1710532726
846604312
1588780783
1599893985
1046778475
1400059415
2011442506
2034866203
396943894
474202674
582221060
848896049
1722160589
758996884
595940946
2107924476
1652421006
25595754
1222337271
1184857572
1656978443
1188278136
269263922
1841501668
343168699
1209834764
1804451560
1566151946
56516026
1070296091
1333832607
1767048753
1916900403
775129742
1219459090
816195230
27705510
1083417949
703577785
424649404
1557620623
1285798845
1273545453
1132297564
2044795729
1869486399
1092738392
1549733088
1895082153
167592016
587107012
1404576948
1355870152
856370935
1098594968
1699038851
2066205699
755562880
1117707150
2122721725
1825858971
304056109
1742286830
1595275726
1079185851
814262273
263987308
1106891361
1897680222
967565093
1531540765
1307817197
105880290
657602570
292631113
3192372
379605322
1385369505
1552925460
127203827
1552961521
2140032472
1531780776
761348026
848919759
482892096
312903229
767641810
1238454977
1430610379
742879888
916830300
1734666488
337683070
364622379
666368692
1151945343
628609687
1773260053
902141917
1596174781
1157317171
62475466
1702055071
1814919741
355106579
1705247443
47041415
1740476085
1110689255
174245243
1145953958
1103238080
1706026019
1907301984
1952157839
41434467
72721566
572316002
1279889444
1503331945
1315195890
49236097
1090514786
1652878960
413858476
1756883478
657340656
1042468163
1382659883
1559482573
491159296
392493406
1621958040
45730720
59929500
1977064619
1750978163
106970915
1570057056
714183771
281216158
568527367
1817421851
1987242177
328345703
1622096042
2028676645
401067269
46928396
1161082441
1904399215
1362124286
1210318538
847430353
867519599
1624177014
456830183
1524860255
519161530
1839490066
936859180
1010320826
84499825
411333572
1056051546
144429325
240914544
659546062
251400240
1810971600
1373729833
532616399
232015319
1043668036
372374928
560361023
518280430
253567925
961428292
565208827
1414650367
718343859
1927333113
477485257
1565774212
647369064
2101662272
2022604395
24745671
473340154
1714610814
961604852
1483660980
1799110639
1372938424
392228879
1943539964
1613852968
1051774941
47456556
1277340921
278021126
580072955
1509356240
1321689162
952447884
2069717263
1839969592
1206015809
883661908
257694771
473182528
1602005767
37544237
950667786
1020296332
684913301
904846410
895417079
709658973
1378186564
462544245
1671263825
714363896
114171236
896718601
1106592775
2057711200
363087922
10884068
2105167757
1640428843
288905194
537757064
1002301435
1610594356
1490204948
924535051
1303080301
548737110
1808196959
1560775072
1021919638
1262719078
1598319309
1972587424
135531762
135748963
729950186
1030948842
845407936
2108136750
1493493087
369188113
675016999
1607664324
1265906714
1781609774
1517891876
1628994636
1792493843
1475575985
1121939831
2081399037
2013333050
2124241267
1544509746
1356054350
901292670
700106399
1904791460
562005981
113397823
779227451
1824725059
1711717133
604331227
1960256822
1847466096
1334281414
843722016
545390384
1294934516
189731455
914578497
1969951515
1797395779
33001563
1604077642
1167804008
1661996200
1249087837
495896345
636452383
1183003226
361745747
613210002
580029324
1717800098
1514502672
1280135723
1475107910
2076508653
1393533547
106851713
1753750065
957767032
711182941
1566523239
657749480
2045464355
262761607
1203139864
1192915223
452493062
2117718361
1015383091
102405194
3236276
471977085
1270209202
1665232476
1721064922
1766105547
154201212
756584500
2127851295
767411214
1336613825
1698167745
134430239
469265900
1025792007
63455244
1862799447
1132643721
1817205309
673082831
1843826662
1236244900
1330832311
1741807369
1499006507
386488527
787238944
1951499570
356723240
1802622035
2053904764
359959517
127115472
1176630318
2025191993
1848180394
795252217
31909557
457281247
775619864
799320772
1793895072
326303961
933751011
115677324
1352095969
997206255
1978476772
337256042
666927917
504075955
33599056
1903172817
1834908267
1775406425
1254695677
73913146
415161721
1058711599
430636387
70300109
965132715
790595904
197415581
2141763033
668304249
2045595976
789531602
700213807
355393575
1565151467
1499534579
1804999
1891455428
285801942
117482323
1096067749
1283008197
2095959095
1433323791
1949936114
452551403
1466922847
1705625284
139976022
1094845624
812837313
213889168
1510007346
1871548912
644525555
1580307455
689197979
1435121459
1777723036
683477364
2103425709
1675835364
1473008966
656155868
2031228939
890676785
8206799
2033033938
634648566
294008741
3032614
1730716315
1577016938
2098991709
1016556459
1379469405
404059464
335995658
937611041
544035486
1430841283
1750448354
757924655
793364981
1474513618
1402450210
226188788
16227949
690088022
2003911824
699705313
646030083
1532263541
25230631
1302185951
1416008832
915907417
1310392750
1301559123
1550555983
1604401491
1304591737
1133788650
1033934781
1256099798
2861461
265920538
1660159263
338857120
1203531579
56711101
1769698403
806496285
814635756
415579736
133526255
69602319
641768524
149754204
759690341
498196700
849459517
1405720424
2030460241
874690149
560422727
1298985426
1790597566
1870815477
453060901
1193669901
1327733320
1757652638
179974903
214184453
866268788
182836365
480104992
378944403
521693485
1683636571
435655505
143908240
342649209
1250291261
559487976
476175464
1319893580
1201256500
625929669
2079583921
1699453200
1475389186
1337820697
1582429794
202595687
1898243424
733931572
1993193253
1621575253
1186992473
1039379506
801824925
797161463
1219354410
1016009379
1663430251
1402190775
1496114371
2042374655
1923884260
1032267294
330546512
2067792500
1374916503
1580837773
479796828
1851091968
753247706
1681053328
329537989
685347979
1233022880
1804927175
2023168677
667969026
2007522863
1773928453
1401900598
1853232468
1248020059
441409423
745128327
2049844984
1238570886
1964482737
918370715
754517490
1219189864
267001438
649408497
995590476
1299268733
979955009
915899328
526701588
413309134
1395696156
230309908
1166556840
929265836
559847897
1851904820
14805068
217291425
1727589849
682774095
77330640
1354034654
2084674693
1930563108
454571065
378600469
528207787
356932402
1617171355
345206876
1275303117
224205197
1564396740
1542304556
873613694
412503568
694089641
1853568703
1328402896
1220791229
119394190
576615404
1451101138
1285951030
1505881240
2010949035
990372202
1520686309
80756812
570478403
55976756
158087452
1924513058
2140651449
2088650561
231600475
371768270
469374700
588532877
1988939626
814581577
1863835995
65661175
231494669
1258656903
939274870
643998238
1952746544
645359925
1972401134
1026054125
764754115
401532891
329671615
2050705146
1907414131
193137003
893593700
1280616792
273893815
1464072104
1336593548
431981268
1241101514
1329761350
373148181
1472701989
1701529620
842522881
2061234867
1542985598
1657104458
1777587214
1608646774
1888599128
888760469
400437996
385113718
694023365
1045797921
210031204
1720077490
1810552037
611564095
2049749106
1713773535
371494579
95402461
459883587
1652111371
369296276
1923955691
841221272
801277544
1017573557
23498974
1174425725
342791899
1725028594
2016948607
256543118
1120530545
1526569417
2034130332
581693671
1267684897
775407153
982131667
1652798615
1469430518
2027929588
1862829820
1042024360
1690997977
326910267
944289818
1257287864
698404846
1039692279
1717171452
203032570
1408988556
1493643495
1044253842
62782452
363733405
1067752816
1237208178
706525304
645297762
1106673137
963068422
1765828307
485758906
849715106
200038330
1753443804
1625122259
1182169997
1258758771
947069129
1062615938
974104943
1989093489
606130267
1301015211
785899660
1863418132
1999420057
1825591939
1433105936
54968979
1087096847
779265783
1099222821
1149879300
1142999188
19491989
239603830
1849524492
664789752
1346276967
665109266
283134411
1832035873
1514824372
483172742
1437996029
992462983
1665342739
549271153
1939532112
580475029
1523376096
1781141954
1186605297
676907659
419557966
902539781
528844069
97666257
188162069
583813048
1184763105
967427852
1683035870
187158757
2110427041
1702527859
426762587
1812467885
219833963
1773039554
330093504
502968375
1457591779
1844917876
986141117
748104161
689897212
504000208
1297375314
481945676
1084475238
673267762
115603982
123596887
1350175422
535161948
1026136668
1879019491
632828206
1214298737
315348891
1817591311
34242941
1998384761
2004750068
2144669982
1553428973
284029007
1809654220
1773262936
2057068561
2139747724
128747663
1367176692
1837181952
1114888780
2115280853
379595516
1618888989
1265172519
861541193
555880579
1938440282
977145175
679477466
1141132056
1512307124
1705614134
872667899
2145135330
772429223
1188016790
1815242993
806672164
1038917904
1672509413
803858499
444863229
1956538420
466029071
70642517
1866123333
458293147
199390181
1085816377
147991451
1314278961
1053613583
527586968
785684302
171302454
1389128161
1341564881
2109742736
218789688
2021042347
1103391144
1731096812
1579172833
1976059043
1728748494
204118408
1016592186
1396507839
1010790573
2055510090
921533604
1814649072
352889671
730588376
133194495
423532188
449228061
591487642
622922369
1535044439
739479093
1937201331
441174374
1267066061
575401985
612476828
508710574
1916966867
574735917
727500263
1790525566
1678127061
311113427
1222214752
1506702457
2039861922
1426333160
375810995
1288886113
289640085
283837437
62936070
2104289157
636727108
793524446
90000004
1060259296
1242752508
681487646
1683181666
630313299
1420966740
1472899349
1071487673
540549153
2048301334
1683964501
1049259728
1817784553
111216770
1776759991
1460826472
1789343832
2087873418
535557576
1148562641
1980251692
1961890736
1524373636
1121654158
104047174
1808211073
1184590228
60852683
297454533
1978114674
150852688
1357713829
1073383534
832340334
893411847
1703696833
105823426
218827548
627700858
646372580
119645235
164181712
1695632308
1937429788
275398482
1324908651
1250772612
2064742314
1265298421
1786330188
1065821307
1098066466
1600737277
442711295
72236976
1704784451
103438720
1256827204
1765637134
400893253
1087458230
1916489822
1758607083
13358117
601346509
504535282
1717054950
707169935
723362831
197272161
1353542515
843008066
361453873
901691175
632954206
636852355
79116178
1883726819
554111022
1344414600
1522573359
1619932329
294997418
975826988
2062643625
367234394
533127791
18598697
1624061598
151281278
419491951
564036180
2067771100
30615386
577394297
521633961
535150668
146965600
1228803897
1258513499
344237761
434862764
2101521565
705691634
1336553940
586992124
1342543989
1415670118
323235295
1896655011
612601070
1845808654
1369103693
907598488
674151995
1284263670
1274832882
1207279786
1302862367
751410832
1358561064
1722354318
1315447013
1278848517
1752969704
1892841310
1800482478
140636725
2039806910
881802727
1399150224
236561023
1316665492
1353188142
942252657
505735784
1940180266
137312999
1921405902
115931913
2033968010
386523325
1961740567
1255588055
1294121813
488408914
392368077
421471048
1695688701
1695230445
1172881880
906766117
1270101115
340845245
38130986
875587172
86202908
1838613465
1016223897
2126009818
572932544
267890473
215087194
1889598036
1621078615
1157339851
247850172
1413775233
1294652850
21772427
1529707146
1181137213
408295752
1343964066
289241620
1702417565
1832372980
681609698
2123888613
1380578033
229356495
1149286846
139860503
1499457610
1490132091
177991489
227561134
1576334999
2016604954
1243785031
1554861170
442053851
1511675505
1769948364
184168239
985270472
779804567
432018412
251562058
2074457418
453790839
1781269204
1108110983
862086591
977749622
1397352603
417020508
662638955
2078962301
393425474
2043216988
160835148
1542712320
35593843
1660292759
885360763
213585333
1887853893
314212115
82706639
984155277
1869073285
524760490
348347134
1491538001
708928730
1333617606
123858920
1140947142
1585179664
50832690
1594737981
1218965221
1158943673
309340924
49231195
408812629
726361432
711870150
340291282
1119786906
607603491
501126431
515015578
643197334
13935542
1400376342
856782667
1901789435
1714588457
939489307
738461064
1436178094
1464249797
1086808198
780232447
25694879
272942157
904091367
1166642021
1858121821
954924058
613896354
