Test1
----------------

1.000000 0.000000 
0.000000 1.000000

0.635789 0.000000 -> w1 \in [0,0.635789]
0.364211 1.000000 -> w2 \in [0.364211,1]

0.473923 0.000000 
0.526077 1.000000 

0.178218 0.000000 
0.821782 1.000000  

0.178218 0.075617 
0.821782 0.924383 

0.178218 0.089623 
0.821782 0.910377 

0.178218 0.152542 
0.821782 0.847458

0.173673 0.152542 
0.826327 0.847458

0.171941 0.152542 
0.828059 0.847458 

w1 = 0.16  
w2 = 0.84



Test2
----------------

1.000000 0.000000 
0.000000 1.000000 

0.461538 0.000000 
0.538462 1.000000 

0.348333 0.000000 
0.651667 1.000000 

0.348333 0.229086 
0.651667 0.770914

0.348333 0.268030 
0.651667 0.731970 

0.312115 0.268030 
0.687885 0.731970 

0.312115 0.273973 
0.687885 0.726027

w1 = 0.3
w2 = 0.7




