c Instance Type c
c
n 700
c w	 v1	 v2
i 965	 468 	 419 
i 153	 849 	 796 
i 888	 858 	 800 
i 878	 521 	 617 
i 743	 841 	 822 
i 114	 742 	 693 
i 332	 765 	 715 
i 760	 575 	 574 
i 968	 503 	 546 
i 478	 117 	 74 
i 880	 214 	 164 
i 711	 444 	 425 
i 551	 658 	 616 
i 13	 846 	 780 
i 835	 829 	 912 
i 545	 303 	 208 
i 282	 531 	 503 
i 804	 757 	 681 
i 246	 311 	 228 
i 253	 948 	 961 
i 369	 314 	 303 
i 745	 538 	 469 
i 360	 899 	 940 
i 187	 271 	 315 
i 995	 424 	 435 
i 212	 349 	 269 
i 685	 375 	 351 
i 413	 696 	 633 
i 637	 804 	 790 
i 580	 884 	 921 
i 809	 499 	 410 
i 291	 898 	 958 
i 177	 150 	 82 
i 357	 780 	 749 
i 709	 534 	 502 
i 977	 140 	 151 
i 275	 231 	 179 
i 933	 574 	 604 
i 714	 742 	 700 
i 584	 239 	 313 
i 22	 850 	 886 
i 907	 901 	 995 
i 950	 724 	 653 
i 704	 868 	 869 
i 181	 289 	 232 
i 214	 596 	 534 
i 350	 202 	 195 
i 870	 417 	 397 
i 581	 999 	 922 
i 725	 369 	 409 
i 558	 256 	 300 
i 446	 861 	 886 
i 137	 836 	 851 
i 988	 968 	 924 
i 190	 529 	 521 
i 735	 721 	 756 
i 837	 893 	 798 
i 182	 420 	 499 
i 182	 778 	 773 
i 473	 882 	 822 
i 636	 615 	 667 
i 481	 368 	 309 
i 297	 927 	 895 
i 262	 554 	 520 
i 732	 807 	 811 
i 419	 331 	 282 
i 300	 933 	 852 
i 648	 958 	 913 
i 399	 867 	 858 
i 267	 404 	 490 
i 834	 585 	 598 
i 125	 373 	 282 
i 44	 558 	 526 
i 542	 865 	 886 
i 325	 272 	 239 
i 573	 737 	 788 
i 498	 966 	 877 
i 451	 162 	 203 
i 302	 409 	 330 
i 632	 816 	 790 
i 166	 755 	 696 
i 462	 371 	 336 
i 965	 414 	 388 
i 814	 720 	 803 
i 995	 370 	 318 
i 700	 672 	 734 
i 663	 457 	 419 
i 721	 508 	 560 
i 57	 247 	 159 
i 850	 341 	 380 
i 576	 671 	 743 
i 868	 854 	 818 
i 210	 258 	 215 
i 895	 590 	 510 
i 188	 514 	 433 
i 818	 728 	 787 
i 209	 562 	 554 
i 656	 839 	 775 
i 809	 627 	 574 
i 69	 685 	 602 
i 699	 414 	 447 
i 535	 292 	 298 
i 701	 580 	 628 
i 240	 837 	 864 
i 694	 928 	 993 
i 389	 127 	 156 
i 897	 838 	 908 
i 716	 360 	 362 
i 298	 523 	 486 
i 943	 736 	 713 
i 285	 815 	 732 
i 489	 518 	 542 
i 17	 993 	 957 
i 833	 765 	 777 
i 753	 445 	 396 
i 772	 291 	 320 
i 589	 865 	 873 
i 869	 735 	 686 
i 334	 299 	 310 
i 37	 584 	 584 
i 829	 929 	 986 
i 288	 117 	 71 
i 281	 670 	 628 
i 18	 957 	 882 
i 393	 568 	 643 
i 596	 796 	 826 
i 444	 481 	 428 
i 147	 964 	 885 
i 359	 306 	 294 
i 891	 801 	 796 
i 812	 356 	 317 
i 820	 165 	 184 
i 450	 409 	 484 
i 402	 668 	 747 
i 916	 779 	 736 
i 688	 671 	 747 
i 106	 360 	 325 
i 66	 574 	 568 
i 285	 671 	 737 
i 62	 176 	 221 
i 338	 602 	 609 
i 399	 878 	 849 
i 735	 520 	 581 
i 363	 412 	 353 
i 115	 319 	 244 
i 745	 576 	 638 
i 27	 473 	 556 
i 548	 764 	 860 
i 178	 298 	 251 
i 252	 150 	 116 
i 805	 794 	 827 
i 668	 383 	 296 
i 129	 701 	 761 
i 468	 529 	 462 
i 702	 715 	 671 
i 225	 826 	 731 
i 632	 660 	 570 
i 368	 588 	 608 
i 578	 573 	 628 
i 622	 813 	 719 
i 392	 218 	 285 
i 698	 812 	 812 
i 362	 872 	 898 
i 833	 697 	 616 
i 513	 844 	 904 
i 318	 205 	 110 
i 935	 228 	 259 
i 472	 275 	 180 
i 992	 809 	 830 
i 783	 612 	 557 
i 903	 639 	 663 
i 693	 493 	 456 
i 550	 940 	 976 
i 210	 613 	 615 
i 36	 702 	 607 
i 142	 526 	 494 
i 274	 549 	 504 
i 459	 246 	 296 
i 244	 271 	 319 
i 808	 809 	 814 
i 403	 123 	 109 
i 833	 674 	 598 
i 767	 957 	 991 
i 333	 673 	 749 
i 997	 241 	 324 
i 465	 265 	 177 
i 958	 571 	 537 
i 111	 819 	 877 
i 291	 598 	 505 
i 77	 370 	 438 
i 91	 838 	 787 
i 724	 332 	 248 
i 677	 441 	 510 
i 310	 151 	 87 
i 457	 936 	 871 
i 631	 864 	 892 
i 149	 917 	 937 
i 945	 325 	 367 
i 493	 140 	 40 
i 784	 173 	 88 
i 603	 924 	 858 
i 852	 255 	 333 
i 224	 327 	 341 
i 270	 192 	 268 
i 198	 352 	 319 
i 46	 511 	 604 
i 952	 193 	 116 
i 194	 727 	 639 
i 227	 471 	 482 
i 297	 474 	 442 
i 212	 545 	 633 
i 374	 697 	 756 
i 617	 603 	 506 
i 709	 222 	 179 
i 981	 117 	 114 
i 431	 419 	 425 
i 524	 392 	 388 
i 218	 497 	 532 
i 623	 553 	 634 
i 33	 158 	 98 
i 522	 461 	 443 
i 181	 411 	 468 
i 735	 229 	 210 
i 861	 246 	 168 
i 868	 503 	 422 
i 215	 936 	 941 
i 531	 520 	 430 
i 965	 951 	 904 
i 463	 665 	 743 
i 516	 581 	 665 
i 910	 761 	 750 
i 248	 239 	 264 
i 381	 939 	 911 
i 534	 411 	 355 
i 975	 512 	 430 
i 904	 597 	 558 
i 365	 176 	 243 
i 310	 221 	 281 
i 933	 459 	 412 
i 463	 363 	 419 
i 194	 296 	 334 
i 339	 692 	 780 
i 271	 360 	 324 
i 608	 682 	 753 
i 61	 880 	 946 
i 607	 962 	 1009 
i 681	 346 	 266 
i 805	 203 	 185 
i 198	 918 	 886 
i 481	 266 	 327 
i 689	 963 	 1062 
i 344	 691 	 658 
i 624	 639 	 660 
i 268	 925 	 868 
i 134	 797 	 752 
i 92	 647 	 724 
i 357	 412 	 425 
i 460	 501 	 475 
i 368	 866 	 879 
i 543	 282 	 192 
i 502	 999 	 1047 
i 155	 999 	 915 
i 748	 411 	 452 
i 665	 953 	 1048 
i 437	 258 	 179 
i 42	 505 	 445 
i 381	 404 	 415 
i 820	 908 	 811 
i 670	 350 	 327 
i 863	 856 	 941 
i 862	 902 	 888 
i 862	 671 	 688 
i 200	 745 	 711 
i 148	 486 	 585 
i 313	 464 	 451 
i 757	 561 	 556 
i 88	 740 	 811 
i 984	 347 	 382 
i 254	 362 	 331 
i 94	 706 	 648 
i 983	 643 	 557 
i 613	 138 	 225 
i 327	 659 	 586 
i 749	 956 	 912 
i 148	 956 	 975 
i 654	 455 	 425 
i 363	 880 	 868 
i 628	 755 	 740 
i 911	 469 	 504 
i 581	 779 	 833 
i 180	 968 	 1019 
i 211	 145 	 118 
i 827	 977 	 1016 
i 778	 209 	 197 
i 729	 461 	 479 
i 117	 992 	 941 
i 982	 417 	 438 
i 707	 809 	 756 
i 112	 299 	 228 
i 863	 903 	 948 
i 828	 700 	 781 
i 866	 483 	 407 
i 841	 811 	 900 
i 952	 540 	 585 
i 347	 936 	 926 
i 339	 573 	 587 
i 683	 792 	 802 
i 470	 445 	 397 
i 681	 655 	 629 
i 572	 787 	 734 
i 236	 547 	 459 
i 654	 466 	 552 
i 442	 573 	 627 
i 925	 526 	 570 
i 853	 282 	 196 
i 374	 686 	 668 
i 141	 305 	 223 
i 517	 798 	 810 
i 130	 141 	 89 
i 890	 473 	 536 
i 381	 683 	 593 
i 781	 741 	 782 
i 302	 680 	 609 
i 768	 478 	 392 
i 961	 233 	 318 
i 609	 297 	 257 
i 828	 661 	 649 
i 601	 745 	 836 
i 636	 357 	 274 
i 44	 574 	 669 
i 687	 411 	 383 
i 397	 458 	 386 
i 38	 198 	 186 
i 450	 330 	 272 
i 588	 396 	 330 
i 797	 332 	 388 
i 417	 600 	 622 
i 131	 993 	 935 
i 407	 956 	 1025 
i 928	 146 	 224 
i 267	 128 	 143 
i 658	 448 	 542 
i 756	 574 	 476 
i 4	 969 	 961 
i 324	 268 	 178 
i 573	 422 	 491 
i 124	 229 	 182 
i 116	 772 	 751 
i 68	 960 	 1020 
i 108	 824 	 870 
i 127	 726 	 825 
i 506	 351 	 382 
i 29	 329 	 311 
i 993	 340 	 323 
i 171	 751 	 799 
i 521	 796 	 758 
i 654	 662 	 649 
i 398	 898 	 908 
i 353	 361 	 385 
i 156	 187 	 232 
i 848	 838 	 908 
i 119	 838 	 810 
i 364	 533 	 510 
i 622	 901 	 877 
i 343	 383 	 393 
i 114	 153 	 67 
i 733	 432 	 477 
i 619	 822 	 747 
i 901	 425 	 420 
i 987	 977 	 1003 
i 805	 735 	 731 
i 623	 606 	 626 
i 99	 928 	 1021 
i 988	 385 	 402 
i 295	 725 	 810 
i 343	 328 	 236 
i 705	 394 	 449 
i 505	 152 	 131 
i 858	 265 	 224 
i 833	 691 	 648 
i 536	 366 	 284 
i 94	 795 	 837 
i 14	 441 	 503 
i 322	 410 	 470 
i 14	 931 	 850 
i 258	 869 	 856 
i 576	 907 	 835 
i 623	 709 	 738 
i 797	 172 	 173 
i 450	 437 	 405 
i 737	 690 	 765 
i 508	 771 	 865 
i 879	 516 	 612 
i 216	 350 	 311 
i 139	 173 	 136 
i 991	 258 	 273 
i 887	 649 	 579 
i 561	 777 	 832 
i 630	 465 	 479 
i 997	 917 	 821 
i 650	 331 	 383 
i 393	 221 	 174 
i 849	 195 	 124 
i 119	 181 	 153 
i 189	 453 	 453 
i 355	 736 	 734 
i 960	 360 	 336 
i 710	 496 	 584 
i 109	 297 	 311 
i 16	 806 	 819 
i 263	 827 	 770 
i 388	 614 	 636 
i 483	 853 	 845 
i 562	 984 	 999 
i 946	 417 	 470 
i 650	 863 	 787 
i 930	 413 	 329 
i 364	 751 	 809 
i 573	 699 	 779 
i 356	 319 	 402 
i 162	 825 	 760 
i 728	 131 	 144 
i 564	 675 	 584 
i 546	 195 	 217 
i 891	 710 	 721 
i 738	 503 	 444 
i 79	 612 	 539 
i 799	 685 	 685 
i 462	 500 	 414 
i 696	 412 	 398 
i 500	 337 	 355 
i 522	 497 	 461 
i 157	 111 	 187 
i 253	 155 	 141 
i 927	 698 	 662 
i 369	 305 	 217 
i 933	 489 	 416 
i 580	 612 	 699 
i 18	 169 	 148 
i 357	 236 	 155 
i 612	 619 	 638 
i 47	 257 	 180 
i 47	 542 	 496 
i 97	 440 	 445 
i 758	 823 	 813 
i 976	 221 	 285 
i 403	 275 	 326 
i 966	 398 	 365 
i 33	 344 	 314 
i 174	 699 	 741 
i 746	 784 	 748 
i 910	 424 	 397 
i 396	 529 	 512 
i 767	 773 	 775 
i 568	 353 	 307 
i 692	 757 	 706 
i 877	 600 	 629 
i 201	 384 	 407 
i 463	 683 	 712 
i 126	 998 	 1062 
i 883	 741 	 754 
i 236	 139 	 134 
i 707	 466 	 541 
i 453	 836 	 864 
i 725	 403 	 345 
i 452	 644 	 724 
i 3	 864 	 920 
i 310	 552 	 648 
i 953	 212 	 200 
i 951	 789 	 802 
i 660	 632 	 622 
i 692	 248 	 285 
i 93	 675 	 654 
i 908	 564 	 633 
i 238	 246 	 260 
i 837	 433 	 337 
i 685	 347 	 252 
i 182	 152 	 119 
i 296	 135 	 92 
i 59	 530 	 478 
i 645	 147 	 227 
i 800	 549 	 567 
i 434	 272 	 308 
i 944	 624 	 642 
i 97	 489 	 555 
i 460	 998 	 1031 
i 726	 131 	 101 
i 772	 155 	 161 
i 800	 455 	 521 
i 272	 712 	 789 
i 313	 926 	 932 
i 805	 838 	 804 
i 987	 476 	 529 
i 565	 196 	 238 
i 990	 723 	 784 
i 988	 573 	 526 
i 13	 278 	 377 
i 63	 592 	 645 
i 450	 178 	 191 
i 127	 916 	 984 
i 45	 818 	 748 
i 863	 403 	 494 
i 274	 700 	 789 
i 371	 493 	 494 
i 60	 237 	 237 
i 580	 957 	 954 
i 768	 307 	 307 
i 310	 304 	 316 
i 386	 987 	 889 
i 292	 604 	 532 
i 88	 461 	 397 
i 417	 597 	 506 
i 80	 560 	 524 
i 510	 511 	 549 
i 653	 965 	 1015 
i 605	 520 	 486 
i 826	 955 	 875 
i 44	 511 	 492 
i 30	 123 	 182 
i 584	 135 	 52 
i 979	 260 	 195 
i 526	 424 	 442 
i 32	 466 	 500 
i 482	 752 	 688 
i 443	 479 	 545 
i 903	 258 	 245 
i 853	 553 	 505 
i 304	 642 	 603 
i 319	 118 	 85 
i 347	 825 	 909 
i 515	 903 	 983 
i 868	 170 	 155 
i 269	 696 	 687 
i 990	 404 	 492 
i 405	 565 	 542 
i 571	 417 	 374 
i 69	 807 	 735 
i 667	 153 	 142 
i 675	 428 	 481 
i 479	 728 	 650 
i 370	 660 	 685 
i 437	 572 	 571 
i 96	 953 	 1005 
i 425	 473 	 523 
i 936	 421 	 352 
i 281	 764 	 810 
i 65	 132 	 191 
i 113	 258 	 251 
i 470	 656 	 584 
i 165	 447 	 470 
i 782	 547 	 644 
i 302	 216 	 201 
i 250	 656 	 660 
i 656	 447 	 536 
i 7	 229 	 305 
i 740	 371 	 303 
i 764	 131 	 76 
i 930	 841 	 809 
i 544	 366 	 428 
i 922	 491 	 586 
i 414	 153 	 204 
i 532	 144 	 56 
i 147	 523 	 485 
i 524	 986 	 1079 
i 657	 940 	 1034 
i 949	 836 	 878 
i 972	 983 	 978 
i 794	 297 	 278 
i 82	 601 	 691 
i 510	 434 	 509 
i 557	 413 	 370 
i 594	 199 	 263 
i 58	 253 	 346 
i 44	 528 	 526 
i 975	 499 	 428 
i 792	 475 	 394 
i 773	 220 	 134 
i 983	 645 	 718 
i 535	 119 	 208 
i 899	 966 	 957 
i 240	 855 	 757 
i 339	 223 	 244 
i 499	 952 	 985 
i 968	 923 	 965 
i 406	 470 	 507 
i 815	 603 	 598 
i 938	 690 	 640 
i 539	 754 	 700 
i 549	 634 	 687 
i 511	 587 	 620 
i 348	 993 	 1074 
i 474	 117 	 66 
i 421	 658 	 707 
i 335	 362 	 404 
i 739	 993 	 916 
i 293	 714 	 800 
i 945	 251 	 325 
i 668	 474 	 456 
i 258	 682 	 774 
i 793	 477 	 471 
i 787	 183 	 246 
i 794	 990 	 948 
i 411	 321 	 364 
i 693	 984 	 894 
i 687	 730 	 787 
i 366	 836 	 752 
i 524	 778 	 683 
i 932	 665 	 704 
i 575	 142 	 232 
i 987	 996 	 1045 
i 69	 526 	 532 
i 59	 366 	 331 
i 295	 628 	 675 
i 277	 375 	 361 
i 973	 420 	 344 
i 789	 233 	 230 
i 540	 306 	 208 
i 164	 331 	 419 
i 199	 951 	 954 
i 195	 910 	 911 
i 663	 686 	 700 
i 950	 273 	 299 
i 532	 565 	 650 
i 829	 334 	 274 
i 178	 720 	 655 
i 315	 827 	 920 
i 535	 370 	 371 
i 783	 380 	 414 
i 728	 329 	 402 
i 628	 789 	 701 
i 275	 350 	 395 
i 458	 861 	 896 
i 969	 535 	 476 
i 221	 470 	 377 
i 906	 652 	 595 
i 712	 810 	 816 
i 5	 781 	 694 
i 307	 343 	 412 
i 553	 938 	 953 
i 317	 822 	 763 
i 586	 879 	 875 
i 430	 636 	 723 
i 906	 349 	 430 
i 312	 536 	 461 
i 920	 571 	 478 
i 708	 763 	 812 
i 462	 347 	 397 
i 723	 406 	 317 
i 654	 273 	 295 
i 455	 787 	 872 
i 320	 970 	 972 
i 911	 509 	 597 
i 181	 455 	 525 
i 658	 373 	 305 
i 177	 489 	 405 
i 910	 521 	 579 
i 177	 297 	 247 
i 509	 966 	 1061 
i 691	 130 	 156 
i 452	 675 	 592 
i 419	 612 	 593 
i 866	 181 	 144 
i 254	 132 	 131 
i 549	 889 	 820 
i 974	 145 	 111 
i 437	 219 	 167 
i 646	 924 	 908 
i 608	 261 	 346 
i 631	 241 	 265 
i 266	 803 	 717 
i 829	 880 	 878 
i 908	 353 	 324 
i 932	 635 	 657 
i 808	 189 	 121 
i 846	 329 	 256 
i 969	 625 	 639 
i 883	 842 	 785 
i 53	 326 	 391 
i 199	 264 	 255 
i 977	 816 	 860 
i 842	 880 	 890 
i 115	 428 	 420 
i 705	 747 	 726 
i 794	 402 	 342 
i 40	 545 	 454 
i 618	 667 	 570 
i 441	 287 	 367 
i 684	 482 	 572 
i 856	 328 	 258 
i 649	 736 	 662 
i 515	 491 	 585 
i 873	 983 	 900 
i 588	 506 	 564 
i 916	 857 	 874 
i 405	 149 	 174 
i 31	 194 	 143 
i 229	 210 	 247 
i 646	 124 	 98 
i 891	 973 	 918 
i 595	 220 	 295 
c
c
W 181637
c end of file