40635.000000 39093.000000 
40428.000000 39231.000000 
39485.000000 39992.000000 
39314.000000 40022.000000 
39226.000000 40079.000000 
38660.000000 40563.000000 
38444.000000 40591.000000 
38416.000000 40601.000000 
38058.000000 40850.000000 
37690.000000 41011.000000 
37652.000000 41042.000000 
37417.000000 41054.000000 
37100.000000 41177.000000 
36979.000000 41209.000000 
36744.000000 41221.000000 
36614.000000 41273.000000 
36493.000000 41305.000000 
36446.000000 41319.000000 
36325.000000 41351.000000 
35991.000000 41385.000000 
35953.000000 41416.000000 
35832.000000 41448.000000 
35668.000000 41483.000000 
35547.000000 41515.000000 
35156.000000 41570.000000 
34988.000000 41588.000000 
34753.000000 41600.000000 
34652.000000 41622.000000 
34417.000000 41634.000000 
34311.000000 41636.000000 
33920.000000 41691.000000 
33416.000000 41743.000000 
33181.000000 41755.000000 
