42864.000000 34214.000000 
42795.000000 34365.000000 
42785.000000 34680.000000 
42750.000000 34851.000000 
42696.000000 35441.000000 
42625.000000 35555.000000 
42581.000000 35663.000000 
42538.000000 35807.000000 
42501.000000 35878.000000 
42490.000000 35957.000000 
42455.000000 35960.000000 
42446.000000 36020.000000 
42440.000000 36022.000000 
42436.000000 36301.000000 
42365.000000 36536.000000 
42298.000000 36554.000000 
42290.000000 36667.000000 
42268.000000 36822.000000 
42255.000000 36838.000000 
42220.000000 36983.000000 
42206.000000 37095.000000 
42137.000000 37136.000000 
42135.000000 37209.000000 
42123.000000 37248.000000 
42052.000000 37362.000000 
41981.000000 37459.000000 
41940.000000 37484.000000 
41914.000000 37598.000000 
41857.000000 37637.000000 
41817.000000 37659.000000 
41786.000000 37751.000000 
41722.000000 37821.000000 
41694.000000 37831.000000 
41651.000000 37879.000000 
41623.000000 37945.000000 
41580.000000 37993.000000 
41522.000000 38079.000000 
41459.000000 38128.000000 
41428.000000 38220.000000 
41388.000000 38242.000000 
41357.000000 38334.000000 
41264.000000 38412.000000 
41221.000000 38460.000000 
41150.000000 38574.000000 
41036.000000 38641.000000 
40936.000000 38656.000000 
40918.000000 38716.000000 
40914.000000 38749.000000 
40887.000000 38808.000000 
40843.000000 38854.000000 
40737.000000 38887.000000 
40723.000000 39000.000000 
40652.000000 39058.000000 
40635.000000 39093.000000 
40516.000000 39138.000000 
40459.000000 39139.000000 
40428.000000 39231.000000 
40311.000000 39257.000000 
40218.000000 39336.000000 
40144.000000 39345.000000 
40109.000000 39447.000000 
40019.000000 39450.000000 
40002.000000 39483.000000 
39959.000000 39485.000000 
39952.000000 39513.000000 
39931.000000 39597.000000 
39877.000000 39651.000000 
39835.000000 39655.000000 
39774.000000 39729.000000 
39706.000000 39742.000000 
39678.000000 39752.000000 
39658.000000 39796.000000 
39652.000000 39820.000000 
39567.000000 39867.000000 
39521.000000 39884.000000 
39485.000000 39992.000000 
39314.000000 40022.000000 
39261.000000 40027.000000 
39250.000000 40038.000000 
39226.000000 40079.000000 
39198.000000 40089.000000 
39148.000000 40111.000000 
39113.000000 40139.000000 
39008.000000 40182.000000 
38992.000000 40241.000000 
38937.000000 40272.000000 
38876.000000 40308.000000 
38844.000000 40311.000000 
38785.000000 40379.000000 
38739.000000 40396.000000 
38669.000000 40446.000000 
38660.000000 40563.000000 
38444.000000 40591.000000 
38416.000000 40601.000000 
38257.000000 40602.000000 
38226.000000 40694.000000 
38191.000000 40733.000000 
38058.000000 40850.000000 
37740.000000 40859.000000 
37702.000000 40890.000000 
37690.000000 41011.000000 
37652.000000 41042.000000 
37417.000000 41054.000000 
37100.000000 41177.000000 
36998.000000 41184.000000 
36979.000000 41209.000000 
36744.000000 41221.000000 
36614.000000 41273.000000 
36493.000000 41305.000000 
36446.000000 41319.000000 
36325.000000 41351.000000 
35991.000000 41385.000000 
35953.000000 41416.000000 
35832.000000 41448.000000 
35668.000000 41483.000000 
35547.000000 41515.000000 
35156.000000 41570.000000 
34988.000000 41588.000000 
34753.000000 41600.000000 
34652.000000 41622.000000 
34417.000000 41634.000000 
34311.000000 41636.000000 
33920.000000 41691.000000 
33416.000000 41743.000000 
33181.000000 41755.000000 
