40428.000000 39231.000000 
38416.000000 40601.000000 
35041.000000 41433.000000 
37417.000000 41054.000000 
37690.000000 41011.000000 
36744.000000 41221.000000 
38660.000000 40563.000000 
40635.000000 39093.000000 
35276.000000 41421.000000 
36979.000000 41209.000000 
39314.000000 40022.000000 
39485.000000 39992.000000 
36325.000000 41351.000000 
37652.000000 41042.000000 
35588.000000 41389.000000 
37100.000000 41177.000000 
38058.000000 40850.000000 
34933.000000 41510.000000 
36446.000000 41319.000000 
35540.000000 41405.000000 
38444.000000 40591.000000 
39226.000000 40079.000000 
