38531.000000 39683.000000 
38276.000000 39776.000000 
38057.000000 39885.000000 
37817.000000 40011.000000 
37429.000000 40202.000000 
37082.000000 40257.000000 
36944.000000 40304.000000 
36821.000000 40355.000000 
36650.000000 40364.000000 
36540.000000 40398.000000 
36512.000000 40411.000000 
36389.000000 40462.000000 
36175.000000 40531.000000 
36037.000000 40578.000000 
35743.000000 40638.000000 
35605.000000 40685.000000 
35490.000000 40699.000000 
35270.000000 40721.000000 
35267.000000 40722.000000 
35106.000000 40797.000000 
34997.000000 40838.000000 
34493.000000 40858.000000 
34300.000000 40925.000000 
34190.000000 40962.000000 
34063.000000 40994.000000 
33579.000000 41013.000000 
33470.000000 41054.000000 
33141.000000 41059.000000 
32663.000000 41178.000000 
