<?xml version="1.0" encoding="UTF-8"?>
<svg xmlns="http://www.w3.org/2000/svg" xmlns:xlink="http://www.w3.org/1999/xlink" width="125.25pt" height="91.5pt" viewBox="0 0 125.25 91.5" version="1.1">
<defs>
<g>
<symbol overflow="visible" id="glyph0-0">
<path style="stroke:none;" d="M 0.40625 1.421875 L 0.40625 -5.640625 L 4.40625 -5.640625 L 4.40625 1.421875 Z M 0.84375 0.96875 L 3.953125 0.96875 L 3.953125 -5.1875 L 0.84375 -5.1875 Z M 0.84375 0.96875 "/>
</symbol>
<symbol overflow="visible" id="glyph0-1">
<path style="stroke:none;" d="M 1 -0.671875 L 2.28125 -0.671875 L 2.28125 -5.109375 L 0.875 -4.828125 L 0.875 -5.546875 L 2.28125 -5.828125 L 3.0625 -5.828125 L 3.0625 -0.671875 L 4.359375 -0.671875 L 4.359375 0 L 1 0 Z M 1 -0.671875 "/>
</symbol>
<symbol overflow="visible" id="glyph0-2">
<path style="stroke:none;" d="M 1.53125 -0.671875 L 4.296875 -0.671875 L 4.296875 0 L 0.59375 0 L 0.59375 -0.671875 C 0.882812 -0.972656 1.289062 -1.382812 1.8125 -1.90625 C 2.332031 -2.4375 2.65625 -2.773438 2.78125 -2.921875 C 3.039062 -3.203125 3.21875 -3.441406 3.3125 -3.640625 C 3.414062 -3.835938 3.46875 -4.03125 3.46875 -4.21875 C 3.46875 -4.53125 3.359375 -4.785156 3.140625 -4.984375 C 2.921875 -5.179688 2.640625 -5.28125 2.296875 -5.28125 C 2.046875 -5.28125 1.78125 -5.234375 1.5 -5.140625 C 1.226562 -5.054688 0.9375 -4.925781 0.625 -4.75 L 0.625 -5.546875 C 0.945312 -5.679688 1.242188 -5.78125 1.515625 -5.84375 C 1.796875 -5.90625 2.050781 -5.9375 2.28125 -5.9375 C 2.882812 -5.9375 3.363281 -5.785156 3.71875 -5.484375 C 4.082031 -5.179688 4.265625 -4.78125 4.265625 -4.28125 C 4.265625 -4.039062 4.21875 -3.8125 4.125 -3.59375 C 4.03125 -3.375 3.867188 -3.117188 3.640625 -2.828125 C 3.566406 -2.753906 3.351562 -2.535156 3 -2.171875 C 2.65625 -1.816406 2.164062 -1.316406 1.53125 -0.671875 Z M 1.53125 -0.671875 "/>
</symbol>
<symbol overflow="visible" id="glyph0-3">
<path style="stroke:none;" d="M 3.25 -3.140625 C 3.625 -3.066406 3.914062 -2.898438 4.125 -2.640625 C 4.34375 -2.390625 4.453125 -2.078125 4.453125 -1.703125 C 4.453125 -1.117188 4.253906 -0.671875 3.859375 -0.359375 C 3.460938 -0.046875 2.898438 0.109375 2.171875 0.109375 C 1.921875 0.109375 1.664062 0.0820312 1.40625 0.03125 C 1.15625 -0.0078125 0.890625 -0.078125 0.609375 -0.171875 L 0.609375 -0.9375 C 0.828125 -0.8125 1.066406 -0.710938 1.328125 -0.640625 C 1.585938 -0.578125 1.859375 -0.546875 2.140625 -0.546875 C 2.640625 -0.546875 3.019531 -0.644531 3.28125 -0.84375 C 3.539062 -1.039062 3.671875 -1.328125 3.671875 -1.703125 C 3.671875 -2.046875 3.546875 -2.3125 3.296875 -2.5 C 3.054688 -2.695312 2.722656 -2.796875 2.296875 -2.796875 L 1.625 -2.796875 L 1.625 -3.4375 L 2.328125 -3.4375 C 2.710938 -3.4375 3.007812 -3.515625 3.21875 -3.671875 C 3.425781 -3.828125 3.53125 -4.050781 3.53125 -4.34375 C 3.53125 -4.644531 3.421875 -4.875 3.203125 -5.03125 C 2.992188 -5.195312 2.691406 -5.28125 2.296875 -5.28125 C 2.078125 -5.28125 1.84375 -5.253906 1.59375 -5.203125 C 1.351562 -5.160156 1.082031 -5.085938 0.78125 -4.984375 L 0.78125 -5.6875 C 1.082031 -5.769531 1.363281 -5.832031 1.625 -5.875 C 1.882812 -5.914062 2.132812 -5.9375 2.375 -5.9375 C 2.96875 -5.9375 3.4375 -5.800781 3.78125 -5.53125 C 4.132812 -5.257812 4.3125 -4.890625 4.3125 -4.421875 C 4.3125 -4.097656 4.21875 -3.828125 4.03125 -3.609375 C 3.851562 -3.390625 3.59375 -3.234375 3.25 -3.140625 Z M 3.25 -3.140625 "/>
</symbol>
<symbol overflow="visible" id="glyph0-4">
<path style="stroke:none;" d="M 3.03125 -5.140625 L 1.03125 -2.03125 L 3.03125 -2.03125 Z M 2.8125 -5.828125 L 3.8125 -5.828125 L 3.8125 -2.03125 L 4.640625 -2.03125 L 4.640625 -1.375 L 3.8125 -1.375 L 3.8125 0 L 3.03125 0 L 3.03125 -1.375 L 0.390625 -1.375 L 0.390625 -2.140625 Z M 2.8125 -5.828125 "/>
</symbol>
<symbol overflow="visible" id="glyph0-5">
<path style="stroke:none;" d="M 0.859375 -5.828125 L 3.96875 -5.828125 L 3.96875 -5.171875 L 1.59375 -5.171875 L 1.59375 -3.734375 C 1.707031 -3.773438 1.820312 -3.804688 1.9375 -3.828125 C 2.050781 -3.847656 2.164062 -3.859375 2.28125 -3.859375 C 2.925781 -3.859375 3.4375 -3.675781 3.8125 -3.3125 C 4.195312 -2.957031 4.390625 -2.476562 4.390625 -1.875 C 4.390625 -1.25 4.191406 -0.757812 3.796875 -0.40625 C 3.410156 -0.0625 2.863281 0.109375 2.15625 0.109375 C 1.90625 0.109375 1.65625 0.0859375 1.40625 0.046875 C 1.15625 0.00390625 0.894531 -0.0546875 0.625 -0.140625 L 0.625 -0.9375 C 0.851562 -0.800781 1.09375 -0.703125 1.34375 -0.640625 C 1.59375 -0.578125 1.859375 -0.546875 2.140625 -0.546875 C 2.585938 -0.546875 2.941406 -0.664062 3.203125 -0.90625 C 3.472656 -1.144531 3.609375 -1.46875 3.609375 -1.875 C 3.609375 -2.28125 3.472656 -2.597656 3.203125 -2.828125 C 2.941406 -3.066406 2.585938 -3.1875 2.140625 -3.1875 C 1.929688 -3.1875 1.71875 -3.160156 1.5 -3.109375 C 1.289062 -3.066406 1.078125 -3 0.859375 -2.90625 Z M 0.859375 -5.828125 "/>
</symbol>
<symbol overflow="visible" id="glyph0-6">
<path style="stroke:none;" d="M 2.546875 -5.3125 C 2.140625 -5.3125 1.832031 -5.109375 1.625 -4.703125 C 1.425781 -4.304688 1.328125 -3.707031 1.328125 -2.90625 C 1.328125 -2.113281 1.425781 -1.515625 1.625 -1.109375 C 1.832031 -0.710938 2.140625 -0.515625 2.546875 -0.515625 C 2.953125 -0.515625 3.253906 -0.710938 3.453125 -1.109375 C 3.660156 -1.515625 3.765625 -2.113281 3.765625 -2.90625 C 3.765625 -3.707031 3.660156 -4.304688 3.453125 -4.703125 C 3.253906 -5.109375 2.953125 -5.3125 2.546875 -5.3125 Z M 2.546875 -5.9375 C 3.203125 -5.9375 3.703125 -5.675781 4.046875 -5.15625 C 4.390625 -4.644531 4.5625 -3.894531 4.5625 -2.90625 C 4.5625 -1.925781 4.390625 -1.175781 4.046875 -0.65625 C 3.703125 -0.144531 3.203125 0.109375 2.546875 0.109375 C 1.890625 0.109375 1.390625 -0.144531 1.046875 -0.65625 C 0.703125 -1.175781 0.53125 -1.925781 0.53125 -2.90625 C 0.53125 -3.894531 0.703125 -4.644531 1.046875 -5.15625 C 1.390625 -5.675781 1.890625 -5.9375 2.546875 -5.9375 Z M 2.546875 -5.9375 "/>
</symbol>
<symbol overflow="visible" id="glyph0-7">
<path style="stroke:none;" d="M 2.640625 -3.234375 C 2.285156 -3.234375 2.003906 -3.109375 1.796875 -2.859375 C 1.585938 -2.617188 1.484375 -2.289062 1.484375 -1.875 C 1.484375 -1.457031 1.585938 -1.125 1.796875 -0.875 C 2.003906 -0.632812 2.285156 -0.515625 2.640625 -0.515625 C 2.992188 -0.515625 3.273438 -0.632812 3.484375 -0.875 C 3.691406 -1.125 3.796875 -1.457031 3.796875 -1.875 C 3.796875 -2.289062 3.691406 -2.617188 3.484375 -2.859375 C 3.273438 -3.109375 2.992188 -3.234375 2.640625 -3.234375 Z M 4.203125 -5.703125 L 4.203125 -4.984375 C 4.003906 -5.078125 3.804688 -5.148438 3.609375 -5.203125 C 3.410156 -5.253906 3.210938 -5.28125 3.015625 -5.28125 C 2.492188 -5.28125 2.09375 -5.101562 1.8125 -4.75 C 1.539062 -4.394531 1.382812 -3.863281 1.34375 -3.15625 C 1.5 -3.382812 1.691406 -3.554688 1.921875 -3.671875 C 2.148438 -3.796875 2.40625 -3.859375 2.6875 -3.859375 C 3.269531 -3.859375 3.734375 -3.679688 4.078125 -3.328125 C 4.421875 -2.972656 4.59375 -2.488281 4.59375 -1.875 C 4.59375 -1.269531 4.414062 -0.785156 4.0625 -0.421875 C 3.707031 -0.0664062 3.234375 0.109375 2.640625 0.109375 C 1.960938 0.109375 1.445312 -0.144531 1.09375 -0.65625 C 0.738281 -1.175781 0.5625 -1.925781 0.5625 -2.90625 C 0.5625 -3.832031 0.78125 -4.566406 1.21875 -5.109375 C 1.65625 -5.660156 2.242188 -5.9375 2.984375 -5.9375 C 3.179688 -5.9375 3.378906 -5.914062 3.578125 -5.875 C 3.773438 -5.84375 3.984375 -5.785156 4.203125 -5.703125 Z M 4.203125 -5.703125 "/>
</symbol>
<symbol overflow="visible" id="glyph0-8">
<path style="stroke:none;" d="M 0.265625 -5.828125 L 1.0625 -5.828125 L 2.296875 -0.90625 L 3.515625 -5.828125 L 4.40625 -5.828125 L 5.625 -0.90625 L 6.84375 -5.828125 L 7.65625 -5.828125 L 6.1875 0 L 5.1875 0 L 3.96875 -5.0625 L 2.71875 0 L 1.734375 0 Z M 0.265625 -5.828125 "/>
</symbol>
<symbol overflow="visible" id="glyph0-9">
<path style="stroke:none;" d="M 4.28125 -5.640625 L 4.28125 -4.875 C 3.976562 -5.019531 3.691406 -5.125 3.421875 -5.1875 C 3.160156 -5.257812 2.910156 -5.296875 2.671875 -5.296875 C 2.234375 -5.296875 1.898438 -5.210938 1.671875 -5.046875 C 1.441406 -4.878906 1.328125 -4.644531 1.328125 -4.34375 C 1.328125 -4.082031 1.398438 -3.882812 1.546875 -3.75 C 1.703125 -3.625 2 -3.519531 2.4375 -3.4375 L 2.90625 -3.34375 C 3.5 -3.226562 3.9375 -3.03125 4.21875 -2.75 C 4.5 -2.46875 4.640625 -2.085938 4.640625 -1.609375 C 4.640625 -1.046875 4.445312 -0.617188 4.0625 -0.328125 C 3.6875 -0.0351562 3.132812 0.109375 2.40625 0.109375 C 2.125 0.109375 1.828125 0.078125 1.515625 0.015625 C 1.203125 -0.046875 0.878906 -0.140625 0.546875 -0.265625 L 0.546875 -1.078125 C 0.867188 -0.890625 1.179688 -0.75 1.484375 -0.65625 C 1.796875 -0.570312 2.101562 -0.53125 2.40625 -0.53125 C 2.851562 -0.53125 3.195312 -0.617188 3.4375 -0.796875 C 3.6875 -0.972656 3.8125 -1.222656 3.8125 -1.546875 C 3.8125 -1.835938 3.722656 -2.0625 3.546875 -2.21875 C 3.367188 -2.382812 3.082031 -2.507812 2.6875 -2.59375 L 2.203125 -2.6875 C 1.609375 -2.800781 1.179688 -2.984375 0.921875 -3.234375 C 0.660156 -3.484375 0.53125 -3.832031 0.53125 -4.28125 C 0.53125 -4.789062 0.710938 -5.191406 1.078125 -5.484375 C 1.441406 -5.785156 1.941406 -5.9375 2.578125 -5.9375 C 2.847656 -5.9375 3.125 -5.910156 3.40625 -5.859375 C 3.695312 -5.816406 3.988281 -5.742188 4.28125 -5.640625 Z M 4.28125 -5.640625 "/>
</symbol>
<symbol overflow="visible" id="glyph0-10">
<path style="stroke:none;" d="M 3.6875 -5.015625 L 3.6875 -2.84375 L 5.859375 -2.84375 L 5.859375 -2.171875 L 3.6875 -2.171875 L 3.6875 0 L 3.03125 0 L 3.03125 -2.171875 L 0.84375 -2.171875 L 0.84375 -2.84375 L 3.03125 -2.84375 L 3.03125 -5.015625 Z M 3.6875 -5.015625 "/>
</symbol>
<symbol overflow="visible" id="glyph0-11">
<path style="stroke:none;" d="M 1.578125 -5.1875 L 1.578125 -3 L 2.5625 -3 C 2.9375 -3 3.222656 -3.09375 3.421875 -3.28125 C 3.617188 -3.46875 3.71875 -3.738281 3.71875 -4.09375 C 3.71875 -4.4375 3.617188 -4.703125 3.421875 -4.890625 C 3.222656 -5.085938 2.9375 -5.1875 2.5625 -5.1875 Z M 0.78125 -5.828125 L 2.5625 -5.828125 C 3.21875 -5.828125 3.710938 -5.679688 4.046875 -5.390625 C 4.378906 -5.097656 4.546875 -4.664062 4.546875 -4.09375 C 4.546875 -3.519531 4.378906 -3.082031 4.046875 -2.78125 C 3.710938 -2.488281 3.21875 -2.34375 2.5625 -2.34375 L 1.578125 -2.34375 L 1.578125 0 L 0.78125 0 Z M 0.78125 -5.828125 "/>
</symbol>
<symbol overflow="visible" id="glyph0-12">
<path style="stroke:none;" d="M 0.78125 -5.828125 L 1.578125 -5.828125 L 1.578125 -0.671875 L 4.421875 -0.671875 L 4.421875 0 L 0.78125 0 Z M 0.78125 -5.828125 "/>
</symbol>
<symbol overflow="visible" id="glyph1-0">
<path style="stroke:none;" d="M 0.40625 1.421875 L 0.40625 -5.640625 L 4.40625 -5.640625 L 4.40625 1.421875 Z M 0.84375 0.96875 L 3.953125 0.96875 L 3.953125 -5.1875 L 0.84375 -5.1875 Z M 0.84375 0.96875 "/>
</symbol>
<symbol overflow="visible" id="glyph1-1">
<path style="stroke:none;" d="M 4.796875 -5.65625 L 4.796875 -4.421875 C 4.472656 -4.554688 4.160156 -4.660156 3.859375 -4.734375 C 3.554688 -4.804688 3.269531 -4.84375 3 -4.84375 C 2.632812 -4.84375 2.363281 -4.789062 2.1875 -4.6875 C 2.019531 -4.59375 1.9375 -4.441406 1.9375 -4.234375 C 1.9375 -4.078125 1.992188 -3.957031 2.109375 -3.875 C 2.222656 -3.789062 2.4375 -3.71875 2.75 -3.65625 L 3.390625 -3.515625 C 4.035156 -3.390625 4.492188 -3.191406 4.765625 -2.921875 C 5.035156 -2.660156 5.171875 -2.285156 5.171875 -1.796875 C 5.171875 -1.148438 4.976562 -0.671875 4.59375 -0.359375 C 4.21875 -0.046875 3.640625 0.109375 2.859375 0.109375 C 2.484375 0.109375 2.109375 0.0703125 1.734375 0 C 1.367188 -0.0625 1 -0.164062 0.625 -0.3125 L 0.625 -1.578125 C 1 -1.378906 1.359375 -1.226562 1.703125 -1.125 C 2.054688 -1.03125 2.394531 -0.984375 2.71875 -0.984375 C 3.039062 -0.984375 3.289062 -1.035156 3.46875 -1.140625 C 3.644531 -1.253906 3.734375 -1.410156 3.734375 -1.609375 C 3.734375 -1.796875 3.671875 -1.9375 3.546875 -2.03125 C 3.429688 -2.132812 3.195312 -2.222656 2.84375 -2.296875 L 2.265625 -2.421875 C 1.679688 -2.546875 1.253906 -2.742188 0.984375 -3.015625 C 0.710938 -3.296875 0.578125 -3.664062 0.578125 -4.125 C 0.578125 -4.707031 0.765625 -5.15625 1.140625 -5.46875 C 1.515625 -5.78125 2.050781 -5.9375 2.75 -5.9375 C 3.070312 -5.9375 3.398438 -5.910156 3.734375 -5.859375 C 4.078125 -5.816406 4.429688 -5.75 4.796875 -5.65625 Z M 4.796875 -5.65625 "/>
</symbol>
<symbol overflow="visible" id="glyph1-2">
<path style="stroke:none;" d="M 2.203125 -5.625 L 2.203125 -4.375 L 3.640625 -4.375 L 3.640625 -3.375 L 2.203125 -3.375 L 2.203125 -1.515625 C 2.203125 -1.316406 2.238281 -1.179688 2.3125 -1.109375 C 2.394531 -1.035156 2.554688 -1 2.796875 -1 L 3.515625 -1 L 3.515625 0 L 2.328125 0 C 1.773438 0 1.378906 -0.113281 1.140625 -0.34375 C 0.910156 -0.570312 0.796875 -0.960938 0.796875 -1.515625 L 0.796875 -3.375 L 0.109375 -3.375 L 0.109375 -4.375 L 0.796875 -4.375 L 0.796875 -5.625 Z M 2.203125 -5.625 "/>
</symbol>
<symbol overflow="visible" id="glyph1-3">
<path style="stroke:none;" d="M 5.046875 -2.203125 L 5.046875 -1.796875 L 1.765625 -1.796875 C 1.804688 -1.472656 1.925781 -1.226562 2.125 -1.0625 C 2.332031 -0.894531 2.617188 -0.8125 2.984375 -0.8125 C 3.273438 -0.8125 3.570312 -0.851562 3.875 -0.9375 C 4.1875 -1.03125 4.503906 -1.164062 4.828125 -1.34375 L 4.828125 -0.265625 C 4.503906 -0.140625 4.175781 -0.046875 3.84375 0.015625 C 3.507812 0.078125 3.175781 0.109375 2.84375 0.109375 C 2.050781 0.109375 1.4375 -0.0859375 1 -0.484375 C 0.5625 -0.890625 0.34375 -1.457031 0.34375 -2.1875 C 0.34375 -2.894531 0.554688 -3.453125 0.984375 -3.859375 C 1.421875 -4.273438 2.015625 -4.484375 2.765625 -4.484375 C 3.453125 -4.484375 4.003906 -4.273438 4.421875 -3.859375 C 4.835938 -3.441406 5.046875 -2.890625 5.046875 -2.203125 Z M 3.609375 -2.671875 C 3.609375 -2.929688 3.53125 -3.140625 3.375 -3.296875 C 3.21875 -3.460938 3.015625 -3.546875 2.765625 -3.546875 C 2.492188 -3.546875 2.269531 -3.46875 2.09375 -3.3125 C 1.925781 -3.164062 1.820312 -2.953125 1.78125 -2.671875 Z M 3.609375 -2.671875 "/>
</symbol>
<symbol overflow="visible" id="glyph1-4">
<path style="stroke:none;" d="M 2.078125 -0.640625 L 2.078125 1.671875 L 0.671875 1.671875 L 0.671875 -4.375 L 2.078125 -4.375 L 2.078125 -3.734375 C 2.265625 -3.992188 2.472656 -4.179688 2.703125 -4.296875 C 2.941406 -4.421875 3.210938 -4.484375 3.515625 -4.484375 C 4.054688 -4.484375 4.5 -4.269531 4.84375 -3.84375 C 5.195312 -3.414062 5.375 -2.863281 5.375 -2.1875 C 5.375 -1.507812 5.195312 -0.957031 4.84375 -0.53125 C 4.5 -0.101562 4.054688 0.109375 3.515625 0.109375 C 3.210938 0.109375 2.941406 0.0507812 2.703125 -0.0625 C 2.472656 -0.1875 2.265625 -0.378906 2.078125 -0.640625 Z M 3 -3.46875 C 2.695312 -3.46875 2.46875 -3.359375 2.3125 -3.140625 C 2.15625 -2.921875 2.078125 -2.601562 2.078125 -2.1875 C 2.078125 -1.769531 2.15625 -1.453125 2.3125 -1.234375 C 2.46875 -1.015625 2.695312 -0.90625 3 -0.90625 C 3.300781 -0.90625 3.53125 -1.015625 3.6875 -1.234375 C 3.84375 -1.453125 3.921875 -1.769531 3.921875 -2.1875 C 3.921875 -2.601562 3.84375 -2.921875 3.6875 -3.140625 C 3.53125 -3.359375 3.300781 -3.46875 3 -3.46875 Z M 3 -3.46875 "/>
</symbol>
<symbol overflow="visible" id="glyph1-5">
<path style="stroke:none;" d="M 4.09375 -4.234375 L 4.09375 -3.171875 C 3.789062 -3.296875 3.5 -3.390625 3.21875 -3.453125 C 2.945312 -3.515625 2.6875 -3.546875 2.4375 -3.546875 C 2.164062 -3.546875 1.96875 -3.515625 1.84375 -3.453125 C 1.71875 -3.390625 1.65625 -3.285156 1.65625 -3.140625 C 1.65625 -3.035156 1.703125 -2.953125 1.796875 -2.890625 C 1.890625 -2.828125 2.066406 -2.78125 2.328125 -2.75 L 2.5625 -2.71875 C 3.28125 -2.625 3.765625 -2.472656 4.015625 -2.265625 C 4.265625 -2.054688 4.390625 -1.734375 4.390625 -1.296875 C 4.390625 -0.828125 4.21875 -0.472656 3.875 -0.234375 C 3.53125 -0.00390625 3.015625 0.109375 2.328125 0.109375 C 2.035156 0.109375 1.734375 0.0820312 1.421875 0.03125 C 1.117188 -0.0078125 0.804688 -0.0703125 0.484375 -0.15625 L 0.484375 -1.21875 C 0.765625 -1.082031 1.050781 -0.976562 1.34375 -0.90625 C 1.632812 -0.84375 1.929688 -0.8125 2.234375 -0.8125 C 2.503906 -0.8125 2.707031 -0.847656 2.84375 -0.921875 C 2.988281 -1.003906 3.0625 -1.117188 3.0625 -1.265625 C 3.0625 -1.390625 3.007812 -1.484375 2.90625 -1.546875 C 2.8125 -1.609375 2.625 -1.65625 2.34375 -1.6875 L 2.09375 -1.71875 C 1.476562 -1.800781 1.046875 -1.945312 0.796875 -2.15625 C 0.546875 -2.363281 0.421875 -2.679688 0.421875 -3.109375 C 0.421875 -3.578125 0.578125 -3.921875 0.890625 -4.140625 C 1.210938 -4.367188 1.703125 -4.484375 2.359375 -4.484375 C 2.609375 -4.484375 2.875 -4.460938 3.15625 -4.421875 C 3.445312 -4.378906 3.757812 -4.316406 4.09375 -4.234375 Z M 4.09375 -4.234375 "/>
</symbol>
<symbol overflow="visible" id="glyph2-0">
<path style="stroke:none;" d="M 1.421875 -0.40625 L -5.640625 -0.40625 L -5.640625 -4.40625 L 1.421875 -4.40625 Z M 0.96875 -0.84375 L 0.96875 -3.953125 L -5.1875 -3.953125 L -5.1875 -0.84375 Z M 0.96875 -0.84375 "/>
</symbol>
<symbol overflow="visible" id="glyph2-1">
<path style="stroke:none;" d="M -1.0625 -4.28125 L -1.0625 -1.921875 L 0 -1.546875 L 0 -0.046875 L -5.828125 -2.203125 L -5.828125 -4 L 0 -6.15625 L 0 -4.640625 Z M -2.140625 -2.296875 L -2.140625 -3.890625 L -4.46875 -3.09375 Z M -2.140625 -2.296875 "/>
</symbol>
<symbol overflow="visible" id="glyph2-2">
<path style="stroke:none;" d="M -4.375 -0.125 L -4.375 -1.515625 L -1.359375 -2.609375 L -4.375 -3.703125 L -4.375 -5.09375 L 0 -3.375 L 0 -1.84375 Z M -4.375 -0.125 "/>
</symbol>
<symbol overflow="visible" id="glyph2-3">
<path style="stroke:none;" d="M -2.203125 -5.046875 L -1.796875 -5.046875 L -1.796875 -1.765625 C -1.472656 -1.804688 -1.226562 -1.925781 -1.0625 -2.125 C -0.894531 -2.332031 -0.8125 -2.617188 -0.8125 -2.984375 C -0.8125 -3.273438 -0.851562 -3.570312 -0.9375 -3.875 C -1.03125 -4.1875 -1.164062 -4.503906 -1.34375 -4.828125 L -0.265625 -4.828125 C -0.140625 -4.503906 -0.046875 -4.175781 0.015625 -3.84375 C 0.078125 -3.507812 0.109375 -3.175781 0.109375 -2.84375 C 0.109375 -2.050781 -0.0859375 -1.4375 -0.484375 -1 C -0.890625 -0.5625 -1.457031 -0.34375 -2.1875 -0.34375 C -2.894531 -0.34375 -3.453125 -0.554688 -3.859375 -0.984375 C -4.273438 -1.421875 -4.484375 -2.015625 -4.484375 -2.765625 C -4.484375 -3.453125 -4.273438 -4.003906 -3.859375 -4.421875 C -3.441406 -4.835938 -2.890625 -5.046875 -2.203125 -5.046875 Z M -2.671875 -3.609375 C -2.929688 -3.609375 -3.140625 -3.53125 -3.296875 -3.375 C -3.460938 -3.21875 -3.546875 -3.015625 -3.546875 -2.765625 C -3.546875 -2.492188 -3.46875 -2.269531 -3.3125 -2.09375 C -3.164062 -1.925781 -2.953125 -1.820312 -2.671875 -1.78125 Z M -2.671875 -3.609375 "/>
</symbol>
<symbol overflow="visible" id="glyph2-4">
<path style="stroke:none;" d="M -3.1875 -3.921875 C -3.238281 -3.796875 -3.28125 -3.671875 -3.3125 -3.546875 C -3.34375 -3.429688 -3.359375 -3.3125 -3.359375 -3.1875 C -3.359375 -2.832031 -3.238281 -2.554688 -3 -2.359375 C -2.769531 -2.171875 -2.441406 -2.078125 -2.015625 -2.078125 L 0 -2.078125 L 0 -0.671875 L -4.375 -0.671875 L -4.375 -2.078125 L -3.65625 -2.078125 C -3.945312 -2.253906 -4.15625 -2.457031 -4.28125 -2.6875 C -4.414062 -2.925781 -4.484375 -3.207031 -4.484375 -3.53125 C -4.484375 -3.570312 -4.476562 -3.617188 -4.46875 -3.671875 C -4.46875 -3.734375 -4.460938 -3.816406 -4.453125 -3.921875 Z M -3.1875 -3.921875 "/>
</symbol>
<symbol overflow="visible" id="glyph2-5">
<path style="stroke:none;" d="M -1.96875 -2.640625 C -1.96875 -2.347656 -1.914062 -2.125 -1.8125 -1.96875 C -1.71875 -1.820312 -1.578125 -1.75 -1.390625 -1.75 C -1.210938 -1.75 -1.070312 -1.804688 -0.96875 -1.921875 C -0.863281 -2.046875 -0.8125 -2.210938 -0.8125 -2.421875 C -0.8125 -2.691406 -0.90625 -2.914062 -1.09375 -3.09375 C -1.289062 -3.269531 -1.53125 -3.359375 -1.8125 -3.359375 L -1.96875 -3.359375 Z M -2.5 -4.765625 L 0 -4.765625 L 0 -3.359375 L -0.65625 -3.359375 C -0.382812 -3.171875 -0.1875 -2.957031 -0.0625 -2.71875 C 0.0507812 -2.488281 0.109375 -2.207031 0.109375 -1.875 C 0.109375 -1.414062 -0.0195312 -1.046875 -0.28125 -0.765625 C -0.550781 -0.484375 -0.894531 -0.34375 -1.3125 -0.34375 C -1.820312 -0.34375 -2.195312 -0.519531 -2.4375 -0.875 C -2.675781 -1.226562 -2.796875 -1.78125 -2.796875 -2.53125 L -2.796875 -3.359375 L -2.90625 -3.359375 C -3.132812 -3.359375 -3.296875 -3.269531 -3.390625 -3.09375 C -3.492188 -2.925781 -3.546875 -2.65625 -3.546875 -2.28125 C -3.546875 -1.976562 -3.515625 -1.695312 -3.453125 -1.4375 C -3.398438 -1.1875 -3.3125 -0.953125 -3.1875 -0.734375 L -4.265625 -0.734375 C -4.335938 -1.023438 -4.390625 -1.320312 -4.421875 -1.625 C -4.460938 -1.925781 -4.484375 -2.226562 -4.484375 -2.53125 C -4.484375 -3.320312 -4.328125 -3.890625 -4.015625 -4.234375 C -3.703125 -4.585938 -3.195312 -4.765625 -2.5 -4.765625 Z M -2.5 -4.765625 "/>
</symbol>
<symbol overflow="visible" id="glyph2-6">
<path style="stroke:none;" d="M -0.75 -3.65625 C -0.488281 -3.457031 -0.296875 -3.242188 -0.171875 -3.015625 C -0.0546875 -2.785156 0 -2.515625 0 -2.203125 C 0 -1.671875 -0.207031 -1.226562 -0.625 -0.875 C -1.050781 -0.53125 -1.585938 -0.359375 -2.234375 -0.359375 C -2.890625 -0.359375 -3.425781 -0.53125 -3.84375 -0.875 C -4.257812 -1.226562 -4.46875 -1.671875 -4.46875 -2.203125 C -4.46875 -2.515625 -4.40625 -2.785156 -4.28125 -3.015625 C -4.164062 -3.242188 -3.984375 -3.457031 -3.734375 -3.65625 L -4.375 -3.65625 L -4.375 -5.0625 L -0.4375 -5.0625 C 0.257812 -5.0625 0.796875 -4.835938 1.171875 -4.390625 C 1.546875 -3.941406 1.734375 -3.296875 1.734375 -2.453125 C 1.734375 -2.179688 1.710938 -1.914062 1.671875 -1.65625 C 1.628906 -1.40625 1.5625 -1.148438 1.46875 -0.890625 L 0.390625 -0.890625 C 0.523438 -1.140625 0.625 -1.378906 0.6875 -1.609375 C 0.757812 -1.847656 0.796875 -2.085938 0.796875 -2.328125 C 0.796875 -2.785156 0.695312 -3.117188 0.5 -3.328125 C 0.300781 -3.546875 -0.0078125 -3.65625 -0.4375 -3.65625 Z M -3.46875 -2.734375 C -3.46875 -2.441406 -3.359375 -2.210938 -3.140625 -2.046875 C -2.929688 -1.890625 -2.628906 -1.8125 -2.234375 -1.8125 C -1.835938 -1.8125 -1.535156 -1.890625 -1.328125 -2.046875 C -1.117188 -2.203125 -1.015625 -2.429688 -1.015625 -2.734375 C -1.015625 -3.023438 -1.117188 -3.25 -1.328125 -3.40625 C -1.546875 -3.570312 -1.847656 -3.65625 -2.234375 -3.65625 C -2.628906 -3.65625 -2.929688 -3.570312 -3.140625 -3.40625 C -3.359375 -3.25 -3.46875 -3.023438 -3.46875 -2.734375 Z M -3.46875 -2.734375 "/>
</symbol>
<symbol overflow="visible" id="glyph2-7">
<path style="stroke:none;" d=""/>
</symbol>
<symbol overflow="visible" id="glyph2-8">
<path style="stroke:none;" d="M -0.640625 -2.078125 L 1.671875 -2.078125 L 1.671875 -0.671875 L -4.375 -0.671875 L -4.375 -2.078125 L -3.734375 -2.078125 C -3.992188 -2.265625 -4.179688 -2.472656 -4.296875 -2.703125 C -4.421875 -2.941406 -4.484375 -3.210938 -4.484375 -3.515625 C -4.484375 -4.054688 -4.269531 -4.5 -3.84375 -4.84375 C -3.414062 -5.195312 -2.863281 -5.375 -2.1875 -5.375 C -1.507812 -5.375 -0.957031 -5.195312 -0.53125 -4.84375 C -0.101562 -4.5 0.109375 -4.054688 0.109375 -3.515625 C 0.109375 -3.210938 0.0507812 -2.941406 -0.0625 -2.703125 C -0.1875 -2.472656 -0.378906 -2.265625 -0.640625 -2.078125 Z M -3.46875 -3 C -3.46875 -2.695312 -3.359375 -2.46875 -3.140625 -2.3125 C -2.921875 -2.15625 -2.601562 -2.078125 -2.1875 -2.078125 C -1.769531 -2.078125 -1.453125 -2.15625 -1.234375 -2.3125 C -1.015625 -2.46875 -0.90625 -2.695312 -0.90625 -3 C -0.90625 -3.300781 -1.015625 -3.53125 -1.234375 -3.6875 C -1.453125 -3.84375 -1.769531 -3.921875 -2.1875 -3.921875 C -2.601562 -3.921875 -2.921875 -3.84375 -3.140625 -3.6875 C -3.359375 -3.53125 -3.46875 -3.300781 -3.46875 -3 Z M -3.46875 -3 "/>
</symbol>
<symbol overflow="visible" id="glyph2-9">
<path style="stroke:none;" d="M 1.0625 -3.015625 L 1.0625 -1.859375 C 0.414062 -1.460938 -0.195312 -1.164062 -0.78125 -0.96875 C -1.363281 -0.78125 -1.9375 -0.6875 -2.5 -0.6875 C -3.070312 -0.6875 -3.648438 -0.78125 -4.234375 -0.96875 C -4.816406 -1.164062 -5.429688 -1.460938 -6.078125 -1.859375 L -6.078125 -3.015625 C -5.453125 -2.679688 -4.84375 -2.429688 -4.25 -2.265625 C -3.664062 -2.097656 -3.085938 -2.015625 -2.515625 -2.015625 C -1.941406 -2.015625 -1.359375 -2.097656 -0.765625 -2.265625 C -0.171875 -2.429688 0.4375 -2.679688 1.0625 -3.015625 Z M 1.0625 -3.015625 "/>
</symbol>
<symbol overflow="visible" id="glyph2-10">
<path style="stroke:none;" d="M -2.40625 -6.203125 C -2.40625 -6.015625 -2.320312 -5.867188 -2.15625 -5.765625 C -2 -5.671875 -1.773438 -5.625 -1.484375 -5.625 C -1.179688 -5.625 -0.945312 -5.671875 -0.78125 -5.765625 C -0.625 -5.867188 -0.546875 -6.015625 -0.546875 -6.203125 C -0.546875 -6.390625 -0.625 -6.53125 -0.78125 -6.625 C -0.945312 -6.726562 -1.179688 -6.78125 -1.484375 -6.78125 C -1.773438 -6.78125 -2 -6.726562 -2.15625 -6.625 C -2.320312 -6.53125 -2.40625 -6.390625 -2.40625 -6.203125 Z M -3.0625 -6.203125 C -3.0625 -6.679688 -2.921875 -7.0625 -2.640625 -7.34375 C -2.359375 -7.625 -1.972656 -7.765625 -1.484375 -7.765625 C -0.992188 -7.765625 -0.601562 -7.625 -0.3125 -7.34375 C -0.03125 -7.0625 0.109375 -6.679688 0.109375 -6.203125 C 0.109375 -5.710938 -0.03125 -5.328125 -0.3125 -5.046875 C -0.601562 -4.773438 -0.992188 -4.640625 -1.484375 -4.640625 C -1.972656 -4.640625 -2.359375 -4.773438 -2.640625 -5.046875 C -2.921875 -5.328125 -3.0625 -5.710938 -3.0625 -6.203125 Z M 0.109375 -2.625 L 0.109375 -1.75 L -5.9375 -5.40625 L -5.9375 -6.265625 Z M -5.9375 -1.8125 C -5.9375 -2.300781 -5.796875 -2.679688 -5.515625 -2.953125 C -5.234375 -3.234375 -4.847656 -3.375 -4.359375 -3.375 C -3.859375 -3.375 -3.46875 -3.234375 -3.1875 -2.953125 C -2.90625 -2.679688 -2.765625 -2.300781 -2.765625 -1.8125 C -2.765625 -1.332031 -2.90625 -0.953125 -3.1875 -0.671875 C -3.46875 -0.398438 -3.859375 -0.265625 -4.359375 -0.265625 C -4.847656 -0.265625 -5.234375 -0.398438 -5.515625 -0.671875 C -5.796875 -0.953125 -5.9375 -1.332031 -5.9375 -1.8125 Z M -5.28125 -1.8125 C -5.28125 -1.625 -5.195312 -1.476562 -5.03125 -1.375 C -4.875 -1.28125 -4.648438 -1.234375 -4.359375 -1.234375 C -4.054688 -1.234375 -3.820312 -1.28125 -3.65625 -1.375 C -3.5 -1.476562 -3.421875 -1.625 -3.421875 -1.8125 C -3.421875 -2 -3.5 -2.144531 -3.65625 -2.25 C -3.820312 -2.351562 -4.054688 -2.40625 -4.359375 -2.40625 C -4.648438 -2.40625 -4.875 -2.351562 -5.03125 -2.25 C -5.195312 -2.144531 -5.28125 -2 -5.28125 -1.8125 Z M -5.28125 -1.8125 "/>
</symbol>
<symbol overflow="visible" id="glyph2-11">
<path style="stroke:none;" d="M 1.0625 -0.640625 C 0.4375 -0.972656 -0.171875 -1.222656 -0.765625 -1.390625 C -1.359375 -1.554688 -1.941406 -1.640625 -2.515625 -1.640625 C -3.085938 -1.640625 -3.664062 -1.554688 -4.25 -1.390625 C -4.84375 -1.222656 -5.453125 -0.972656 -6.078125 -0.640625 L -6.078125 -1.796875 C -5.429688 -2.191406 -4.816406 -2.484375 -4.234375 -2.671875 C -3.648438 -2.867188 -3.070312 -2.96875 -2.5 -2.96875 C -1.9375 -2.96875 -1.363281 -2.875 -0.78125 -2.6875 C -0.195312 -2.5 0.414062 -2.203125 1.0625 -1.796875 Z M 1.0625 -0.640625 "/>
</symbol>
<symbol overflow="visible" id="glyph3-0">
<path style="stroke:none;" d="M 0.59375 2.125 L 0.59375 -8.46875 L 6.59375 -8.46875 L 6.59375 2.125 Z M 1.265625 1.453125 L 5.9375 1.453125 L 5.9375 -7.78125 L 1.265625 -7.78125 Z M 1.265625 1.453125 "/>
</symbol>
<symbol overflow="visible" id="glyph3-1">
<path style="stroke:none;" d="M 6.40625 -1.59375 L 2.890625 -1.59375 L 2.328125 0 L 0.0625 0 L 3.296875 -8.75 L 5.984375 -8.75 L 9.234375 0 L 6.96875 0 Z M 3.453125 -3.21875 L 5.84375 -3.21875 L 4.640625 -6.703125 Z M 3.453125 -3.21875 "/>
</symbol>
<symbol overflow="visible" id="glyph3-2">
<path style="stroke:none;" d="M 0.1875 -6.5625 L 2.28125 -6.5625 L 3.921875 -2.03125 L 5.546875 -6.5625 L 7.640625 -6.5625 L 5.0625 0 L 2.765625 0 Z M 0.1875 -6.5625 "/>
</symbol>
<symbol overflow="visible" id="glyph3-3">
<path style="stroke:none;" d="M 7.5625 -3.296875 L 7.5625 -2.703125 L 2.65625 -2.703125 C 2.707031 -2.210938 2.882812 -1.84375 3.1875 -1.59375 C 3.488281 -1.34375 3.914062 -1.21875 4.46875 -1.21875 C 4.90625 -1.21875 5.351562 -1.285156 5.8125 -1.421875 C 6.28125 -1.554688 6.757812 -1.753906 7.25 -2.015625 L 7.25 -0.40625 C 6.75 -0.21875 6.25 -0.078125 5.75 0.015625 C 5.257812 0.117188 4.765625 0.171875 4.265625 0.171875 C 3.078125 0.171875 2.15625 -0.128906 1.5 -0.734375 C 0.84375 -1.335938 0.515625 -2.1875 0.515625 -3.28125 C 0.515625 -4.34375 0.835938 -5.179688 1.484375 -5.796875 C 2.128906 -6.410156 3.019531 -6.71875 4.15625 -6.71875 C 5.1875 -6.71875 6.007812 -6.40625 6.625 -5.78125 C 7.25 -5.164062 7.5625 -4.335938 7.5625 -3.296875 Z M 5.40625 -4 C 5.40625 -4.394531 5.285156 -4.710938 5.046875 -4.953125 C 4.816406 -5.203125 4.515625 -5.328125 4.140625 -5.328125 C 3.734375 -5.328125 3.398438 -5.210938 3.140625 -4.984375 C 2.890625 -4.753906 2.734375 -4.425781 2.671875 -4 Z M 5.40625 -4 "/>
</symbol>
<symbol overflow="visible" id="glyph3-4">
<path style="stroke:none;" d="M 5.890625 -4.78125 C 5.703125 -4.863281 5.515625 -4.925781 5.328125 -4.96875 C 5.148438 -5.007812 4.96875 -5.03125 4.78125 -5.03125 C 4.25 -5.03125 3.835938 -4.851562 3.546875 -4.5 C 3.253906 -4.15625 3.109375 -3.664062 3.109375 -3.03125 L 3.109375 0 L 1.015625 0 L 1.015625 -6.5625 L 3.109375 -6.5625 L 3.109375 -5.484375 C 3.378906 -5.910156 3.6875 -6.222656 4.03125 -6.421875 C 4.382812 -6.617188 4.804688 -6.71875 5.296875 -6.71875 C 5.359375 -6.71875 5.429688 -6.710938 5.515625 -6.703125 C 5.597656 -6.703125 5.71875 -6.691406 5.875 -6.671875 Z M 5.890625 -4.78125 "/>
</symbol>
<symbol overflow="visible" id="glyph3-5">
<path style="stroke:none;" d="M 3.953125 -2.953125 C 3.515625 -2.953125 3.179688 -2.878906 2.953125 -2.734375 C 2.734375 -2.585938 2.625 -2.367188 2.625 -2.078125 C 2.625 -1.804688 2.710938 -1.59375 2.890625 -1.4375 C 3.078125 -1.289062 3.328125 -1.21875 3.640625 -1.21875 C 4.035156 -1.21875 4.367188 -1.359375 4.640625 -1.640625 C 4.910156 -1.929688 5.046875 -2.289062 5.046875 -2.71875 L 5.046875 -2.953125 Z M 7.15625 -3.75 L 7.15625 0 L 5.046875 0 L 5.046875 -0.96875 C 4.765625 -0.570312 4.445312 -0.28125 4.09375 -0.09375 C 3.738281 0.0820312 3.3125 0.171875 2.8125 0.171875 C 2.125 0.171875 1.566406 -0.0234375 1.140625 -0.421875 C 0.722656 -0.816406 0.515625 -1.332031 0.515625 -1.96875 C 0.515625 -2.738281 0.78125 -3.300781 1.3125 -3.65625 C 1.84375 -4.019531 2.671875 -4.203125 3.796875 -4.203125 L 5.046875 -4.203125 L 5.046875 -4.359375 C 5.046875 -4.691406 4.910156 -4.9375 4.640625 -5.09375 C 4.378906 -5.25 3.972656 -5.328125 3.421875 -5.328125 C 2.972656 -5.328125 2.554688 -5.28125 2.171875 -5.1875 C 1.785156 -5.101562 1.425781 -4.96875 1.09375 -4.78125 L 1.09375 -6.390625 C 1.539062 -6.492188 1.988281 -6.570312 2.4375 -6.625 C 2.894531 -6.6875 3.347656 -6.71875 3.796875 -6.71875 C 4.984375 -6.71875 5.835938 -6.484375 6.359375 -6.015625 C 6.890625 -5.554688 7.15625 -4.800781 7.15625 -3.75 Z M 7.15625 -3.75 "/>
</symbol>
<symbol overflow="visible" id="glyph3-6">
<path style="stroke:none;" d="M 5.46875 -1.109375 C 5.1875 -0.734375 4.867188 -0.453125 4.515625 -0.265625 C 4.171875 -0.0859375 3.769531 0 3.3125 0 C 2.507812 0 1.847656 -0.3125 1.328125 -0.9375 C 0.804688 -1.570312 0.546875 -2.378906 0.546875 -3.359375 C 0.546875 -4.335938 0.804688 -5.140625 1.328125 -5.765625 C 1.847656 -6.390625 2.507812 -6.703125 3.3125 -6.703125 C 3.769531 -6.703125 4.171875 -6.613281 4.515625 -6.4375 C 4.867188 -6.257812 5.1875 -5.976562 5.46875 -5.59375 L 5.46875 -6.5625 L 7.578125 -6.5625 L 7.578125 -0.65625 C 7.578125 0.394531 7.242188 1.195312 6.578125 1.75 C 5.910156 2.3125 4.945312 2.59375 3.6875 2.59375 C 3.28125 2.59375 2.882812 2.5625 2.5 2.5 C 2.113281 2.4375 1.726562 2.335938 1.34375 2.203125 L 1.34375 0.578125 C 1.707031 0.785156 2.066406 0.941406 2.421875 1.046875 C 2.773438 1.148438 3.128906 1.203125 3.484375 1.203125 C 4.171875 1.203125 4.671875 1.050781 4.984375 0.75 C 5.304688 0.445312 5.46875 -0.0195312 5.46875 -0.65625 Z M 4.09375 -5.203125 C 3.65625 -5.203125 3.316406 -5.039062 3.078125 -4.71875 C 2.835938 -4.394531 2.71875 -3.941406 2.71875 -3.359375 C 2.71875 -2.753906 2.832031 -2.296875 3.0625 -1.984375 C 3.300781 -1.679688 3.644531 -1.53125 4.09375 -1.53125 C 4.53125 -1.53125 4.867188 -1.6875 5.109375 -2 C 5.347656 -2.320312 5.46875 -2.773438 5.46875 -3.359375 C 5.46875 -3.941406 5.347656 -4.394531 5.109375 -4.71875 C 4.867188 -5.039062 4.53125 -5.203125 4.09375 -5.203125 Z M 4.09375 -5.203125 "/>
</symbol>
<symbol overflow="visible" id="glyph3-7">
<path style="stroke:none;" d=""/>
</symbol>
<symbol overflow="visible" id="glyph3-8">
<path style="stroke:none;" d="M 5.46875 -5.609375 L 5.46875 -9.125 L 7.578125 -9.125 L 7.578125 0 L 5.46875 0 L 5.46875 -0.953125 C 5.1875 -0.566406 4.867188 -0.28125 4.515625 -0.09375 C 4.171875 0.0820312 3.769531 0.171875 3.3125 0.171875 C 2.5 0.171875 1.832031 -0.148438 1.3125 -0.796875 C 0.800781 -1.441406 0.546875 -2.269531 0.546875 -3.28125 C 0.546875 -4.289062 0.800781 -5.113281 1.3125 -5.75 C 1.832031 -6.394531 2.5 -6.71875 3.3125 -6.71875 C 3.757812 -6.71875 4.160156 -6.625 4.515625 -6.4375 C 4.867188 -6.257812 5.1875 -5.984375 5.46875 -5.609375 Z M 4.09375 -1.359375 C 4.539062 -1.359375 4.878906 -1.519531 5.109375 -1.84375 C 5.347656 -2.175781 5.46875 -2.65625 5.46875 -3.28125 C 5.46875 -3.90625 5.347656 -4.378906 5.109375 -4.703125 C 4.878906 -5.035156 4.539062 -5.203125 4.09375 -5.203125 C 3.644531 -5.203125 3.300781 -5.035156 3.0625 -4.703125 C 2.832031 -4.378906 2.71875 -3.90625 2.71875 -3.28125 C 2.71875 -2.65625 2.832031 -2.175781 3.0625 -1.84375 C 3.300781 -1.519531 3.644531 -1.359375 4.09375 -1.359375 Z M 4.09375 -1.359375 "/>
</symbol>
<symbol overflow="visible" id="glyph3-9">
<path style="stroke:none;" d="M 1.015625 -6.5625 L 3.109375 -6.5625 L 3.109375 0 L 1.015625 0 Z M 1.015625 -9.125 L 3.109375 -9.125 L 3.109375 -7.40625 L 1.015625 -7.40625 Z M 1.015625 -9.125 "/>
</symbol>
<symbol overflow="visible" id="glyph3-10">
<path style="stroke:none;" d="M 6.140625 -6.359375 L 6.140625 -4.765625 C 5.691406 -4.953125 5.253906 -5.09375 4.828125 -5.1875 C 4.410156 -5.28125 4.019531 -5.328125 3.65625 -5.328125 C 3.25 -5.328125 2.945312 -5.273438 2.75 -5.171875 C 2.5625 -5.078125 2.46875 -4.925781 2.46875 -4.71875 C 2.46875 -4.550781 2.539062 -4.421875 2.6875 -4.328125 C 2.832031 -4.242188 3.097656 -4.175781 3.484375 -4.125 L 3.84375 -4.078125 C 4.925781 -3.941406 5.648438 -3.71875 6.015625 -3.40625 C 6.390625 -3.09375 6.578125 -2.601562 6.578125 -1.9375 C 6.578125 -1.238281 6.316406 -0.710938 5.796875 -0.359375 C 5.285156 -0.00390625 4.519531 0.171875 3.5 0.171875 C 3.0625 0.171875 2.609375 0.132812 2.140625 0.0625 C 1.679688 0 1.207031 -0.0976562 0.71875 -0.234375 L 0.71875 -1.828125 C 1.132812 -1.628906 1.5625 -1.476562 2 -1.375 C 2.445312 -1.269531 2.894531 -1.21875 3.34375 -1.21875 C 3.757812 -1.21875 4.066406 -1.273438 4.265625 -1.390625 C 4.472656 -1.503906 4.578125 -1.675781 4.578125 -1.90625 C 4.578125 -2.09375 4.503906 -2.226562 4.359375 -2.3125 C 4.222656 -2.40625 3.941406 -2.476562 3.515625 -2.53125 L 3.140625 -2.578125 C 2.210938 -2.691406 1.5625 -2.90625 1.1875 -3.21875 C 0.8125 -3.539062 0.625 -4.023438 0.625 -4.671875 C 0.625 -5.367188 0.859375 -5.882812 1.328125 -6.21875 C 1.804688 -6.550781 2.539062 -6.71875 3.53125 -6.71875 C 3.914062 -6.71875 4.320312 -6.6875 4.75 -6.625 C 5.175781 -6.570312 5.640625 -6.484375 6.140625 -6.359375 Z M 6.140625 -6.359375 "/>
</symbol>
<symbol overflow="visible" id="glyph3-11">
<path style="stroke:none;" d="M 3.296875 -8.421875 L 3.296875 -6.5625 L 5.46875 -6.5625 L 5.46875 -5.0625 L 3.296875 -5.0625 L 3.296875 -2.28125 C 3.296875 -1.976562 3.351562 -1.769531 3.46875 -1.65625 C 3.59375 -1.550781 3.835938 -1.5 4.203125 -1.5 L 5.28125 -1.5 L 5.28125 0 L 3.484375 0 C 2.648438 0 2.0625 -0.171875 1.71875 -0.515625 C 1.375 -0.859375 1.203125 -1.445312 1.203125 -2.28125 L 1.203125 -5.0625 L 0.15625 -5.0625 L 0.15625 -6.5625 L 1.203125 -6.5625 L 1.203125 -8.421875 Z M 3.296875 -8.421875 "/>
</symbol>
<symbol overflow="visible" id="glyph3-12">
<path style="stroke:none;" d="M 7.609375 -4 L 7.609375 0 L 5.5 0 L 5.5 -3.0625 C 5.5 -3.625 5.484375 -4.007812 5.453125 -4.21875 C 5.429688 -4.4375 5.390625 -4.597656 5.328125 -4.703125 C 5.242188 -4.835938 5.128906 -4.941406 4.984375 -5.015625 C 4.847656 -5.097656 4.691406 -5.140625 4.515625 -5.140625 C 4.078125 -5.140625 3.734375 -4.96875 3.484375 -4.625 C 3.234375 -4.289062 3.109375 -3.828125 3.109375 -3.234375 L 3.109375 0 L 1.015625 0 L 1.015625 -6.5625 L 3.109375 -6.5625 L 3.109375 -5.609375 C 3.421875 -5.984375 3.753906 -6.257812 4.109375 -6.4375 C 4.460938 -6.625 4.859375 -6.71875 5.296875 -6.71875 C 6.046875 -6.71875 6.617188 -6.484375 7.015625 -6.015625 C 7.410156 -5.554688 7.609375 -4.882812 7.609375 -4 Z M 7.609375 -4 "/>
</symbol>
<symbol overflow="visible" id="glyph3-13">
<path style="stroke:none;" d="M 6.3125 -6.359375 L 6.3125 -4.640625 C 6.03125 -4.835938 5.742188 -4.984375 5.453125 -5.078125 C 5.160156 -5.171875 4.863281 -5.21875 4.5625 -5.21875 C 3.976562 -5.21875 3.519531 -5.046875 3.1875 -4.703125 C 2.863281 -4.367188 2.703125 -3.894531 2.703125 -3.28125 C 2.703125 -2.664062 2.863281 -2.1875 3.1875 -1.84375 C 3.519531 -1.5 3.976562 -1.328125 4.5625 -1.328125 C 4.882812 -1.328125 5.191406 -1.375 5.484375 -1.46875 C 5.785156 -1.570312 6.0625 -1.71875 6.3125 -1.90625 L 6.3125 -0.1875 C 5.976562 -0.0703125 5.644531 0.015625 5.3125 0.078125 C 4.976562 0.140625 4.640625 0.171875 4.296875 0.171875 C 3.109375 0.171875 2.179688 -0.128906 1.515625 -0.734375 C 0.847656 -1.347656 0.515625 -2.195312 0.515625 -3.28125 C 0.515625 -4.363281 0.847656 -5.207031 1.515625 -5.8125 C 2.179688 -6.414062 3.109375 -6.71875 4.296875 -6.71875 C 4.640625 -6.71875 4.976562 -6.6875 5.3125 -6.625 C 5.644531 -6.570312 5.976562 -6.484375 6.3125 -6.359375 Z M 6.3125 -6.359375 "/>
</symbol>
<symbol overflow="visible" id="glyph3-14">
<path style="stroke:none;" d="M 4.125 -5.21875 C 3.664062 -5.21875 3.3125 -5.050781 3.0625 -4.71875 C 2.820312 -4.382812 2.703125 -3.90625 2.703125 -3.28125 C 2.703125 -2.644531 2.820312 -2.160156 3.0625 -1.828125 C 3.3125 -1.492188 3.664062 -1.328125 4.125 -1.328125 C 4.582031 -1.328125 4.929688 -1.492188 5.171875 -1.828125 C 5.421875 -2.160156 5.546875 -2.644531 5.546875 -3.28125 C 5.546875 -3.90625 5.421875 -4.382812 5.171875 -4.71875 C 4.929688 -5.050781 4.582031 -5.21875 4.125 -5.21875 Z M 4.125 -6.71875 C 5.257812 -6.71875 6.144531 -6.410156 6.78125 -5.796875 C 7.414062 -5.191406 7.734375 -4.351562 7.734375 -3.28125 C 7.734375 -2.195312 7.414062 -1.347656 6.78125 -0.734375 C 6.144531 -0.128906 5.257812 0.171875 4.125 0.171875 C 3 0.171875 2.113281 -0.128906 1.46875 -0.734375 C 0.832031 -1.347656 0.515625 -2.195312 0.515625 -3.28125 C 0.515625 -4.351562 0.832031 -5.191406 1.46875 -5.796875 C 2.113281 -6.410156 3 -6.71875 4.125 -6.71875 Z M 4.125 -6.71875 "/>
</symbol>
<symbol overflow="visible" id="glyph3-15">
<path style="stroke:none;" d="M 3.109375 -0.953125 L 3.109375 2.5 L 1.015625 2.5 L 1.015625 -6.5625 L 3.109375 -6.5625 L 3.109375 -5.609375 C 3.398438 -5.984375 3.71875 -6.257812 4.0625 -6.4375 C 4.414062 -6.625 4.820312 -6.71875 5.28125 -6.71875 C 6.09375 -6.71875 6.753906 -6.394531 7.265625 -5.75 C 7.785156 -5.113281 8.046875 -4.289062 8.046875 -3.28125 C 8.046875 -2.269531 7.785156 -1.441406 7.265625 -0.796875 C 6.753906 -0.148438 6.09375 0.171875 5.28125 0.171875 C 4.820312 0.171875 4.414062 0.0820312 4.0625 -0.09375 C 3.71875 -0.28125 3.398438 -0.566406 3.109375 -0.953125 Z M 4.5 -5.203125 C 4.050781 -5.203125 3.707031 -5.035156 3.46875 -4.703125 C 3.226562 -4.367188 3.109375 -3.894531 3.109375 -3.28125 C 3.109375 -2.65625 3.226562 -2.175781 3.46875 -1.84375 C 3.707031 -1.519531 4.050781 -1.359375 4.5 -1.359375 C 4.945312 -1.359375 5.289062 -1.519531 5.53125 -1.84375 C 5.769531 -2.175781 5.890625 -2.65625 5.890625 -3.28125 C 5.890625 -3.90625 5.769531 -4.378906 5.53125 -4.703125 C 5.289062 -5.035156 4.945312 -5.203125 4.5 -5.203125 Z M 4.5 -5.203125 "/>
</symbol>
<symbol overflow="visible" id="glyph3-16">
<path style="stroke:none;" d="M 7.09375 -5.46875 C 7.351562 -5.875 7.664062 -6.179688 8.03125 -6.390625 C 8.394531 -6.609375 8.796875 -6.71875 9.234375 -6.71875 C 9.992188 -6.71875 10.570312 -6.484375 10.96875 -6.015625 C 11.363281 -5.554688 11.5625 -4.882812 11.5625 -4 L 11.5625 0 L 9.453125 0 L 9.453125 -3.421875 C 9.453125 -3.472656 9.453125 -3.523438 9.453125 -3.578125 C 9.453125 -3.628906 9.453125 -3.707031 9.453125 -3.8125 C 9.453125 -4.28125 9.382812 -4.617188 9.25 -4.828125 C 9.113281 -5.035156 8.894531 -5.140625 8.59375 -5.140625 C 8.195312 -5.140625 7.890625 -4.972656 7.671875 -4.640625 C 7.453125 -4.316406 7.335938 -3.84375 7.328125 -3.21875 L 7.328125 0 L 5.21875 0 L 5.21875 -3.421875 C 5.21875 -4.148438 5.15625 -4.617188 5.03125 -4.828125 C 4.90625 -5.035156 4.679688 -5.140625 4.359375 -5.140625 C 3.960938 -5.140625 3.65625 -4.972656 3.4375 -4.640625 C 3.21875 -4.316406 3.109375 -3.847656 3.109375 -3.234375 L 3.109375 0 L 1 0 L 1 -6.5625 L 3.109375 -6.5625 L 3.109375 -5.609375 C 3.367188 -5.972656 3.664062 -6.25 4 -6.4375 C 4.332031 -6.625 4.695312 -6.71875 5.09375 -6.71875 C 5.550781 -6.71875 5.953125 -6.609375 6.296875 -6.390625 C 6.648438 -6.171875 6.914062 -5.863281 7.09375 -5.46875 Z M 7.09375 -5.46875 "/>
</symbol>
<symbol overflow="visible" id="glyph3-17">
<path style="stroke:none;" d="M 0.9375 -2.5625 L 0.9375 -6.5625 L 3.046875 -6.5625 L 3.046875 -5.90625 C 3.046875 -5.550781 3.039062 -5.101562 3.03125 -4.5625 C 3.03125 -4.03125 3.03125 -3.675781 3.03125 -3.5 C 3.03125 -2.96875 3.046875 -2.582031 3.078125 -2.34375 C 3.109375 -2.113281 3.15625 -1.945312 3.21875 -1.84375 C 3.300781 -1.707031 3.410156 -1.601562 3.546875 -1.53125 C 3.691406 -1.457031 3.851562 -1.421875 4.03125 -1.421875 C 4.46875 -1.421875 4.8125 -1.585938 5.0625 -1.921875 C 5.3125 -2.253906 5.4375 -2.722656 5.4375 -3.328125 L 5.4375 -6.5625 L 7.53125 -6.5625 L 7.53125 0 L 5.4375 0 L 5.4375 -0.953125 C 5.125 -0.566406 4.789062 -0.28125 4.4375 -0.09375 C 4.082031 0.0820312 3.691406 0.171875 3.265625 0.171875 C 2.503906 0.171875 1.925781 -0.0546875 1.53125 -0.515625 C 1.132812 -0.984375 0.9375 -1.664062 0.9375 -2.5625 Z M 0.9375 -2.5625 "/>
</symbol>
<symbol overflow="visible" id="glyph3-18">
<path style="stroke:none;" d="M 4.53125 1.578125 L 2.78125 1.578125 C 2.1875 0.617188 1.742188 -0.289062 1.453125 -1.15625 C 1.171875 -2.03125 1.03125 -2.894531 1.03125 -3.75 C 1.03125 -4.613281 1.171875 -5.484375 1.453125 -6.359375 C 1.742188 -7.234375 2.1875 -8.148438 2.78125 -9.109375 L 4.53125 -9.109375 C 4.03125 -8.179688 3.65625 -7.273438 3.40625 -6.390625 C 3.15625 -5.503906 3.03125 -4.628906 3.03125 -3.765625 C 3.03125 -2.898438 3.148438 -2.023438 3.390625 -1.140625 C 3.640625 -0.253906 4.019531 0.648438 4.53125 1.578125 Z M 4.53125 1.578125 "/>
</symbol>
<symbol overflow="visible" id="glyph3-19">
<path style="stroke:none;" d="M 9.296875 -3.609375 C 9.023438 -3.609375 8.8125 -3.488281 8.65625 -3.25 C 8.5 -3.007812 8.421875 -2.664062 8.421875 -2.21875 C 8.421875 -1.769531 8.492188 -1.425781 8.640625 -1.1875 C 8.796875 -0.945312 9.015625 -0.828125 9.296875 -0.828125 C 9.578125 -0.828125 9.789062 -0.945312 9.9375 -1.1875 C 10.09375 -1.425781 10.171875 -1.769531 10.171875 -2.21875 C 10.171875 -2.664062 10.09375 -3.007812 9.9375 -3.25 C 9.789062 -3.488281 9.578125 -3.609375 9.296875 -3.609375 Z M 9.296875 -4.59375 C 10.023438 -4.59375 10.597656 -4.378906 11.015625 -3.953125 C 11.429688 -3.535156 11.640625 -2.957031 11.640625 -2.21875 C 11.640625 -1.476562 11.429688 -0.894531 11.015625 -0.46875 C 10.597656 -0.0390625 10.023438 0.171875 9.296875 0.171875 C 8.566406 0.171875 7.992188 -0.0390625 7.578125 -0.46875 C 7.160156 -0.894531 6.953125 -1.476562 6.953125 -2.21875 C 6.953125 -2.957031 7.160156 -3.535156 7.578125 -3.953125 C 7.992188 -4.378906 8.566406 -4.59375 9.296875 -4.59375 Z M 3.921875 0.171875 L 2.625 0.171875 L 8.09375 -8.90625 L 9.40625 -8.90625 Z M 2.71875 -8.90625 C 3.445312 -8.90625 4.019531 -8.691406 4.4375 -8.265625 C 4.851562 -7.847656 5.0625 -7.269531 5.0625 -6.53125 C 5.0625 -5.789062 4.851562 -5.207031 4.4375 -4.78125 C 4.019531 -4.351562 3.445312 -4.140625 2.71875 -4.140625 C 2 -4.140625 1.429688 -4.351562 1.015625 -4.78125 C 0.597656 -5.207031 0.390625 -5.789062 0.390625 -6.53125 C 0.390625 -7.269531 0.597656 -7.847656 1.015625 -8.265625 C 1.429688 -8.691406 2 -8.90625 2.71875 -8.90625 Z M 2.71875 -7.921875 C 2.4375 -7.921875 2.21875 -7.800781 2.0625 -7.5625 C 1.914062 -7.320312 1.84375 -6.976562 1.84375 -6.53125 C 1.84375 -6.082031 1.914062 -5.734375 2.0625 -5.484375 C 2.21875 -5.242188 2.4375 -5.125 2.71875 -5.125 C 3 -5.125 3.210938 -5.242188 3.359375 -5.484375 C 3.515625 -5.734375 3.59375 -6.082031 3.59375 -6.53125 C 3.59375 -6.976562 3.515625 -7.320312 3.359375 -7.5625 C 3.210938 -7.800781 3 -7.921875 2.71875 -7.921875 Z M 2.71875 -7.921875 "/>
</symbol>
<symbol overflow="visible" id="glyph3-20">
<path style="stroke:none;" d="M 0.96875 1.578125 C 1.46875 0.648438 1.84375 -0.253906 2.09375 -1.140625 C 2.34375 -2.023438 2.46875 -2.898438 2.46875 -3.765625 C 2.46875 -4.628906 2.34375 -5.503906 2.09375 -6.390625 C 1.84375 -7.273438 1.46875 -8.179688 0.96875 -9.109375 L 2.703125 -9.109375 C 3.296875 -8.148438 3.734375 -7.234375 4.015625 -6.359375 C 4.304688 -5.484375 4.453125 -4.613281 4.453125 -3.75 C 4.453125 -2.894531 4.304688 -2.03125 4.015625 -1.15625 C 3.734375 -0.289062 3.296875 0.617188 2.703125 1.578125 Z M 0.96875 1.578125 "/>
</symbol>
<symbol overflow="visible" id="glyph3-21">
<path style="stroke:none;" d="M 5.328125 -9.125 L 5.328125 -7.734375 L 4.171875 -7.734375 C 3.867188 -7.734375 3.660156 -7.679688 3.546875 -7.578125 C 3.429688 -7.472656 3.375 -7.285156 3.375 -7.015625 L 3.375 -6.5625 L 5.15625 -6.5625 L 5.15625 -5.0625 L 3.375 -5.0625 L 3.375 0 L 1.265625 0 L 1.265625 -5.0625 L 0.234375 -5.0625 L 0.234375 -6.5625 L 1.265625 -6.5625 L 1.265625 -7.015625 C 1.265625 -7.734375 1.460938 -8.265625 1.859375 -8.609375 C 2.265625 -8.953125 2.882812 -9.125 3.71875 -9.125 Z M 5.328125 -9.125 "/>
</symbol>
</g>
<clipPath id="clip1">
  <path d="M 0 0 L 125 0 L 125 91.5 L 0 91.5 Z M 0 0 "/>
</clipPath>
<clipPath id="clip2">
  <path d="M 36.550781 27.417969 L 118.410156 27.417969 L 118.410156 58 L 36.550781 58 Z M 36.550781 27.417969 "/>
</clipPath>
<clipPath id="clip3">
  <path d="M 36.550781 56 L 118.410156 56 L 118.410156 58.359375 L 36.550781 58.359375 Z M 36.550781 56 "/>
</clipPath>
<clipPath id="clip4">
  <path d="M 36.550781 55 L 118.410156 55 L 118.410156 57 L 36.550781 57 Z M 36.550781 55 "/>
</clipPath>
<clipPath id="clip5">
  <path d="M 108 43 L 125.25 43 L 125.25 63 L 108 63 Z M 108 43 "/>
</clipPath>
<clipPath id="clip6">
  <path d="M 26.382812 25 L 59 25 L 59 27 L 26.382812 27 Z M 26.382812 25 "/>
</clipPath>
<clipPath id="clip7">
  <path d="M 32 20.914062 L 52 20.914062 L 52 36 L 32 36 Z M 32 20.914062 "/>
</clipPath>
<clipPath id="clip8">
  <path d="M 26.382812 34 L 59 34 L 59 37 L 26.382812 37 Z M 26.382812 34 "/>
</clipPath>
<clipPath id="clip9">
  <path d="M 26.382812 44 L 59 44 L 59 46 L 26.382812 46 Z M 26.382812 44 "/>
</clipPath>
<clipPath id="clip10">
  <path d="M 4 6 L 125.25 6 L 125.25 18 L 4 18 Z M 4 6 "/>
</clipPath>
</defs>
<g id="surface1857225">
<g clip-path="url(#clip1)" clip-rule="nonzero">
<path style=" stroke:none;fill-rule:nonzero;fill:rgb(100%,100%,100%);fill-opacity:1;" d="M 0.25 0.25 L 125 0.25 L 125 91.25 L 0.25 91.25 Z M 0.25 0.25 "/>
</g>
<path style="fill:none;stroke-width:0.5;stroke-linecap:round;stroke-linejoin:round;stroke:rgb(0%,0%,0%);stroke-opacity:1;stroke-miterlimit:10;" d="M 0.25 0.25 L 125 0.25 L 125 91.25 L 0.25 91.25 Z M 0.25 0.25 "/>
<path style="fill:none;stroke-width:1.1;stroke-linecap:round;stroke-linejoin:round;stroke:rgb(51.764706%,50.980392%,51.764706%);stroke-opacity:1;stroke-miterlimit:10;" d="M 36.550781 27.417969 L 118.410156 27.417969 L 118.410156 58.359375 L 36.550781 58.359375 Z M 36.550781 27.417969 "/>
<path style="fill:none;stroke-width:0.2;stroke-linecap:round;stroke-linejoin:round;stroke:rgb(0%,0%,0%);stroke-opacity:1;stroke-dasharray:0,0.4;stroke-miterlimit:10;" d="M 36.550781 58.359375 L 118.410156 58.359375 M 36.550781 57.84375 L 118.410156 57.84375 M 36.550781 57.328125 L 118.410156 57.328125 M 36.550781 56.8125 L 118.410156 56.8125 M 36.550781 56.296875 L 118.410156 56.296875 M 36.550781 55.78125 L 118.410156 55.78125 M 36.550781 55.265625 L 118.410156 55.265625 M 36.550781 54.75 L 118.410156 54.75 M 36.550781 54.234375 L 118.410156 54.234375 M 36.550781 53.71875 L 118.410156 53.71875 M 36.550781 53.203125 L 118.410156 53.203125 M 36.550781 52.6875 L 118.410156 52.6875 M 36.550781 52.171875 L 118.410156 52.171875 M 36.550781 51.65625 L 118.410156 51.65625 M 36.550781 51.140625 L 118.410156 51.140625 M 36.550781 50.625 L 118.410156 50.625 M 36.550781 50.109375 L 118.410156 50.109375 M 36.550781 49.59375 L 118.410156 49.59375 M 36.550781 49.078125 L 118.410156 49.078125 M 36.550781 48.5625 L 118.410156 48.5625 M 36.550781 48.046875 L 118.410156 48.046875 M 36.550781 47.53125 L 118.410156 47.53125 M 36.550781 47.015625 L 118.410156 47.015625 M 36.550781 46.5 L 118.410156 46.5 M 36.550781 45.984375 L 118.410156 45.984375 M 36.550781 45.46875 L 118.410156 45.46875 M 36.550781 44.953125 L 118.410156 44.953125 M 36.550781 44.4375 L 118.410156 44.4375 M 36.550781 43.921875 L 118.410156 43.921875 M 36.550781 43.40625 L 118.410156 43.40625 M 36.550781 42.890625 L 118.410156 42.890625 M 36.550781 42.375 L 118.410156 42.375 M 36.550781 41.859375 L 118.410156 41.859375 M 36.550781 41.34375 L 118.410156 41.34375 M 36.550781 40.828125 L 118.410156 40.828125 M 36.550781 40.3125 L 118.410156 40.3125 M 36.550781 39.792969 L 118.410156 39.792969 M 36.550781 39.277344 L 118.410156 39.277344 M 36.550781 38.761719 L 118.410156 38.761719 M 36.550781 38.246094 L 118.410156 38.246094 M 36.550781 37.730469 L 118.410156 37.730469 M 36.550781 37.214844 L 118.410156 37.214844 M 36.550781 36.699219 L 118.410156 36.699219 M 36.550781 36.183594 L 118.410156 36.183594 M 36.550781 35.667969 L 118.410156 35.667969 M 36.550781 35.152344 L 118.410156 35.152344 M 36.550781 34.636719 L 118.410156 34.636719 M 36.550781 34.121094 L 118.410156 34.121094 M 36.550781 33.605469 L 118.410156 33.605469 M 36.550781 33.089844 L 118.410156 33.089844 M 36.550781 32.574219 L 118.410156 32.574219 M 36.550781 32.058594 L 118.410156 32.058594 M 36.550781 31.542969 L 118.410156 31.542969 M 36.550781 31.027344 L 118.410156 31.027344 M 36.550781 30.511719 L 118.410156 30.511719 M 36.550781 29.996094 L 118.410156 29.996094 M 36.550781 29.480469 L 118.410156 29.480469 M 36.550781 28.964844 L 118.410156 28.964844 M 36.550781 28.449219 L 118.410156 28.449219 M 36.550781 27.933594 L 118.410156 27.933594 M 36.550781 27.417969 L 118.410156 27.417969 "/>
<path style="fill:none;stroke-width:0.5;stroke-linecap:round;stroke-linejoin:round;stroke:rgb(0%,0%,0%);stroke-opacity:1;stroke-miterlimit:10;" d="M 36.550781 58.359375 L 118.410156 58.359375 M 36.550781 62.609375 L 36.550781 58.359375 M 57.015625 62.609375 L 57.015625 58.359375 M 77.480469 62.609375 L 77.480469 58.359375 M 97.945312 62.609375 L 97.945312 58.359375 M 118.410156 62.609375 L 118.410156 58.359375 "/>
<g style="fill:rgb(0%,0%,0%);fill-opacity:1;">
  <use xlink:href="#glyph0-1" x="33.753906" y="71.507812"/>
</g>
<g style="fill:rgb(0%,0%,0%);fill-opacity:1;">
  <use xlink:href="#glyph0-2" x="54.222656" y="71.507812"/>
</g>
<g style="fill:rgb(0%,0%,0%);fill-opacity:1;">
  <use xlink:href="#glyph0-3" x="74.6875" y="71.507812"/>
</g>
<g style="fill:rgb(0%,0%,0%);fill-opacity:1;">
  <use xlink:href="#glyph0-4" x="95.152344" y="71.507812"/>
</g>
<g style="fill:rgb(0%,0%,0%);fill-opacity:1;">
  <use xlink:href="#glyph0-5" x="115.617188" y="71.507812"/>
</g>
<g style="fill:rgb(0%,0%,0%);fill-opacity:1;">
  <use xlink:href="#glyph1-1" x="64.480469" y="85.070312"/>
  <use xlink:href="#glyph1-2" x="70.242188" y="85.070312"/>
  <use xlink:href="#glyph1-3" x="74.066406" y="85.070312"/>
  <use xlink:href="#glyph1-4" x="79.492188" y="85.070312"/>
  <use xlink:href="#glyph1-5" x="85.21875" y="85.070312"/>
</g>
<path style="fill:none;stroke-width:0.5;stroke-linecap:round;stroke-linejoin:round;stroke:rgb(0%,0%,0%);stroke-opacity:1;stroke-miterlimit:10;" d="M 36.550781 58.359375 L 36.550781 27.417969 M 32.300781 58.359375 L 36.550781 58.359375 M 32.300781 57.84375 L 36.550781 57.84375 M 32.300781 57.328125 L 36.550781 57.328125 M 32.300781 56.8125 L 36.550781 56.8125 M 32.300781 56.296875 L 36.550781 56.296875 M 32.300781 55.78125 L 36.550781 55.78125 M 32.300781 55.265625 L 36.550781 55.265625 M 32.300781 54.75 L 36.550781 54.75 M 32.300781 54.234375 L 36.550781 54.234375 M 32.300781 53.71875 L 36.550781 53.71875 M 32.300781 53.203125 L 36.550781 53.203125 M 32.300781 52.6875 L 36.550781 52.6875 M 32.300781 52.171875 L 36.550781 52.171875 M 32.300781 51.65625 L 36.550781 51.65625 M 32.300781 51.140625 L 36.550781 51.140625 M 32.300781 50.625 L 36.550781 50.625 M 32.300781 50.109375 L 36.550781 50.109375 M 32.300781 49.59375 L 36.550781 49.59375 M 32.300781 49.078125 L 36.550781 49.078125 M 32.300781 48.5625 L 36.550781 48.5625 M 32.300781 48.046875 L 36.550781 48.046875 M 32.300781 47.53125 L 36.550781 47.53125 M 32.300781 47.015625 L 36.550781 47.015625 M 32.300781 46.5 L 36.550781 46.5 M 32.300781 45.984375 L 36.550781 45.984375 M 32.300781 45.46875 L 36.550781 45.46875 M 32.300781 44.953125 L 36.550781 44.953125 M 32.300781 44.4375 L 36.550781 44.4375 M 32.300781 43.921875 L 36.550781 43.921875 M 32.300781 43.40625 L 36.550781 43.40625 M 32.300781 42.890625 L 36.550781 42.890625 M 32.300781 42.375 L 36.550781 42.375 M 32.300781 41.859375 L 36.550781 41.859375 M 32.300781 41.34375 L 36.550781 41.34375 M 32.300781 40.828125 L 36.550781 40.828125 M 32.300781 40.3125 L 36.550781 40.3125 M 32.300781 39.792969 L 36.550781 39.792969 M 32.300781 39.277344 L 36.550781 39.277344 M 32.300781 38.761719 L 36.550781 38.761719 M 32.300781 38.246094 L 36.550781 38.246094 M 32.300781 37.730469 L 36.550781 37.730469 M 32.300781 37.214844 L 36.550781 37.214844 M 32.300781 36.699219 L 36.550781 36.699219 M 32.300781 36.183594 L 36.550781 36.183594 M 32.300781 35.667969 L 36.550781 35.667969 M 32.300781 35.152344 L 36.550781 35.152344 M 32.300781 34.636719 L 36.550781 34.636719 M 32.300781 34.121094 L 36.550781 34.121094 M 32.300781 33.605469 L 36.550781 33.605469 M 32.300781 33.089844 L 36.550781 33.089844 M 32.300781 32.574219 L 36.550781 32.574219 M 32.300781 32.058594 L 36.550781 32.058594 M 32.300781 31.542969 L 36.550781 31.542969 M 32.300781 31.027344 L 36.550781 31.027344 M 32.300781 30.511719 L 36.550781 30.511719 M 32.300781 29.996094 L 36.550781 29.996094 M 32.300781 29.480469 L 36.550781 29.480469 M 32.300781 28.964844 L 36.550781 28.964844 M 32.300781 28.449219 L 36.550781 28.449219 M 32.300781 27.933594 L 36.550781 27.933594 M 32.300781 27.417969 L 36.550781 27.417969 "/>
<g style="fill:rgb(0%,0%,0%);fill-opacity:1;">
  <use xlink:href="#glyph0-6" x="25.238281" y="60.878906"/>
</g>
<g style="fill:rgb(0%,0%,0%);fill-opacity:1;">
  <use xlink:href="#glyph0-2" x="25.238281" y="50.566406"/>
</g>
<g style="fill:rgb(0%,0%,0%);fill-opacity:1;">
  <use xlink:href="#glyph0-4" x="25.238281" y="40.25"/>
</g>
<g style="fill:rgb(0%,0%,0%);fill-opacity:1;">
  <use xlink:href="#glyph0-7" x="25.238281" y="29.9375"/>
</g>
<g style="fill:rgb(0%,0%,0%);fill-opacity:1;">
  <use xlink:href="#glyph2-1" x="11.46875" y="80.535156"/>
  <use xlink:href="#glyph2-2" x="11.46875" y="74.628906"/>
  <use xlink:href="#glyph2-3" x="11.46875" y="69.414062"/>
  <use xlink:href="#glyph2-4" x="11.46875" y="63.988281"/>
  <use xlink:href="#glyph2-5" x="11.46875" y="60.042969"/>
  <use xlink:href="#glyph2-6" x="11.46875" y="54.644531"/>
  <use xlink:href="#glyph2-3" x="11.46875" y="48.917969"/>
  <use xlink:href="#glyph2-7" x="11.46875" y="43.492188"/>
  <use xlink:href="#glyph2-6" x="11.46875" y="40.707031"/>
  <use xlink:href="#glyph2-5" x="11.46875" y="34.980469"/>
  <use xlink:href="#glyph2-8" x="11.46875" y="29.582031"/>
  <use xlink:href="#glyph2-7" x="11.46875" y="23.855469"/>
  <use xlink:href="#glyph2-9" x="11.46875" y="21.070312"/>
  <use xlink:href="#glyph2-10" x="11.46875" y="17.414062"/>
  <use xlink:href="#glyph2-11" x="11.46875" y="9.398438"/>
</g>
<g clip-path="url(#clip2)" clip-rule="nonzero">
<path style="fill:none;stroke-width:1.1;stroke-linecap:round;stroke-linejoin:round;stroke:rgb(0%,20%,40%);stroke-opacity:1;stroke-dasharray:0,2.2;stroke-miterlimit:10;" d="M 36.550781 53.058594 L 57.015625 57.328125 L 77.480469 55.257812 L 97.945312 54.21875 L 118.410156 52.980469 L 138.878906 27.675781 L 159.34375 53.96875 L 179.808594 56.007812 L 200.273438 53.582031 L 220.738281 53.03125 "/>
</g>
<g clip-path="url(#clip3)" clip-rule="nonzero">
<path style="fill:none;stroke-width:1.4;stroke-linecap:round;stroke-linejoin:round;stroke:rgb(0%,50.196078%,0%);stroke-opacity:1;stroke-miterlimit:10;" d="M 36.550781 57.53125 L 220.738281 57.53125 "/>
</g>
<g clip-path="url(#clip4)" clip-rule="nonzero">
<path style="fill:none;stroke-width:1.1;stroke-linecap:round;stroke-linejoin:round;stroke:rgb(50.196078%,0%,0%);stroke-opacity:1;stroke-miterlimit:10;" d="M 36.550781 55.898438 L 220.738281 55.898438 "/>
</g>
<path style="fill-rule:nonzero;fill:rgb(0%,20%,40%);fill-opacity:1;stroke-width:0.2;stroke-linecap:square;stroke-linejoin:miter;stroke:rgb(0%,20%,40%);stroke-opacity:1;stroke-miterlimit:10;" d="M 0.000177165 -1.000728 L 1.000177 -0.000728014 L 0.000177165 0.999272 L -0.999823 -0.000728014 Z M 0.000177165 -1.000728 " transform="matrix(2.5,0,0,2.5,36.550338,53.060414)"/>
<path style="fill-rule:nonzero;fill:rgb(0%,20%,40%);fill-opacity:1;stroke-width:0.2;stroke-linecap:square;stroke-linejoin:miter;stroke:rgb(0%,20%,40%);stroke-opacity:1;stroke-miterlimit:10;" d="M -0.0000286048 -0.99935 L 0.999971 0.00064985 L -0.0000286048 1.00065 L -1.000029 0.00064985 Z M -0.0000286048 -0.99935 " transform="matrix(2.5,0,0,2.5,57.015697,57.3265)"/>
<path style="fill-rule:nonzero;fill:rgb(0%,20%,40%);fill-opacity:1;stroke-width:0.2;stroke-linecap:square;stroke-linejoin:miter;stroke:rgb(0%,20%,40%);stroke-opacity:1;stroke-miterlimit:10;" d="M -0.000234375 -0.999643 L 0.999766 0.000356721 L -0.000234375 1.000357 L -1.000234 0.000356721 Z M -0.000234375 -0.999643 " transform="matrix(2.5,0,0,2.5,77.481055,55.256921)"/>
<path style="fill-rule:nonzero;fill:rgb(0%,20%,40%);fill-opacity:1;stroke-width:0.2;stroke-linecap:square;stroke-linejoin:miter;stroke:rgb(0%,20%,40%);stroke-opacity:1;stroke-miterlimit:10;" d="M -0.000440145 -0.999961 L 0.99956 0.0000389934 L -0.000440145 1.000039 L -1.00044 0.0000389934 Z M -0.000440145 -0.999961 " transform="matrix(2.5,0,0,2.5,97.946413,54.218653)"/>
<path style=" stroke:none;fill-rule:nonzero;fill:rgb(0%,20%,40%);fill-opacity:1;" d="M 118.410156 50.480469 L 120.910156 52.980469 L 118.410156 55.480469 L 115.910156 52.980469 Z M 118.410156 50.480469 "/>
<g clip-path="url(#clip5)" clip-rule="nonzero">
<path style="fill:none;stroke-width:0.2;stroke-linecap:square;stroke-linejoin:miter;stroke:rgb(0%,20%,40%);stroke-opacity:1;stroke-miterlimit:10;" d="M -0.000645915 -0.999304 L 0.999354 0.000696221 L -0.000645915 1.000696 L -1.000646 0.000696221 Z M -0.000645915 -0.999304 " transform="matrix(2.5,0,0,2.5,118.411771,52.978728)"/>
</g>
<path style="fill-rule:nonzero;fill:rgb(100%,100%,100%);fill-opacity:1;stroke-width:0.5;stroke-linecap:round;stroke-linejoin:miter;stroke:rgb(0%,0%,0%);stroke-opacity:1;stroke-miterlimit:10;" d="M 22.589844 17.121094 L 100.726562 17.121094 L 100.726562 54.144531 L 22.589844 54.144531 Z M 22.589844 17.121094 "/>
<g clip-path="url(#clip6)" clip-rule="nonzero">
<path style="fill:none;stroke-width:1.1;stroke-linecap:round;stroke-linejoin:miter;stroke:rgb(0%,20%,40%);stroke-opacity:1;stroke-dasharray:0,2.2;stroke-miterlimit:10;" d="M 26.933594 25.820312 L 57.832031 25.820312 "/>
</g>
<path style=" stroke:none;fill-rule:nonzero;fill:rgb(0%,20%,40%);fill-opacity:1;" d="M 42.382812 23.320312 L 44.882812 25.820312 L 42.382812 28.320312 L 39.882812 25.820312 Z M 42.382812 23.320312 "/>
<g clip-path="url(#clip7)" clip-rule="nonzero">
<path style="fill:none;stroke-width:0.2;stroke-linecap:square;stroke-linejoin:miter;stroke:rgb(0%,20%,40%);stroke-opacity:1;stroke-miterlimit:10;" d="M -0.0000259951 -1.000041 L 0.999974 -0.0000406925 L -0.0000259951 0.999959 L -1.000026 -0.0000406925 Z M -0.0000259951 -1.000041 " transform="matrix(2.5,0,0,2.5,42.382877,25.820414)"/>
</g>
<g style="fill:rgb(0%,0%,0%);fill-opacity:1;">
  <use xlink:href="#glyph0-8" x="62.382812" y="28.339844"/>
  <use xlink:href="#glyph0-9" x="70.292969" y="28.339844"/>
  <use xlink:href="#glyph0-10" x="75.371094" y="28.339844"/>
  <use xlink:href="#glyph0-11" x="82.074219" y="28.339844"/>
  <use xlink:href="#glyph0-12" x="86.898438" y="28.339844"/>
  <use xlink:href="#glyph0-9" x="91.355469" y="28.339844"/>
</g>
<g clip-path="url(#clip8)" clip-rule="nonzero">
<path style="fill:none;stroke-width:1.4;stroke-linecap:round;stroke-linejoin:miter;stroke:rgb(0%,50.196078%,0%);stroke-opacity:1;stroke-miterlimit:10;" d="M 27.082031 35.632812 L 57.683594 35.632812 "/>
</g>
<g style="fill:rgb(0%,0%,0%);fill-opacity:1;">
  <use xlink:href="#glyph0-11" x="62.382812" y="38.152344"/>
  <use xlink:href="#glyph0-12" x="67.207031" y="38.152344"/>
  <use xlink:href="#glyph0-9" x="71.664062" y="38.152344"/>
</g>
<g clip-path="url(#clip9)" clip-rule="nonzero">
<path style="fill:none;stroke-width:1.1;stroke-linecap:round;stroke-linejoin:miter;stroke:rgb(50.196078%,0%,0%);stroke-opacity:1;stroke-miterlimit:10;" d="M 26.933594 45.445312 L 57.832031 45.445312 "/>
</g>
<g style="fill:rgb(0%,0%,0%);fill-opacity:1;">
  <use xlink:href="#glyph0-8" x="62.382812" y="47.964844"/>
  <use xlink:href="#glyph0-9" x="70.292969" y="47.964844"/>
</g>
<g clip-path="url(#clip10)" clip-rule="nonzero">
<g style="fill:rgb(0%,0%,0%);fill-opacity:1;">
  <use xlink:href="#glyph3-1" x="4.042969" y="15.181641"/>
  <use xlink:href="#glyph3-2" x="12.902344" y="15.181641"/>
  <use xlink:href="#glyph3-3" x="20.724609" y="15.181641"/>
  <use xlink:href="#glyph3-4" x="28.863281" y="15.181641"/>
  <use xlink:href="#glyph3-5" x="34.78125" y="15.181641"/>
  <use xlink:href="#glyph3-6" x="42.878906" y="15.181641"/>
  <use xlink:href="#glyph3-3" x="51.46875" y="15.181641"/>
  <use xlink:href="#glyph3-7" x="59.607422" y="15.181641"/>
  <use xlink:href="#glyph3-8" x="63.785156" y="15.181641"/>
  <use xlink:href="#glyph3-9" x="72.375" y="15.181641"/>
  <use xlink:href="#glyph3-10" x="76.488281" y="15.181641"/>
  <use xlink:href="#glyph3-11" x="83.630859" y="15.181641"/>
  <use xlink:href="#glyph3-5" x="89.367188" y="15.181641"/>
  <use xlink:href="#glyph3-12" x="97.464844" y="15.181641"/>
  <use xlink:href="#glyph3-13" x="106.007812" y="15.181641"/>
  <use xlink:href="#glyph3-3" x="113.121094" y="15.181641"/>
  <use xlink:href="#glyph3-7" x="121.259766" y="15.181641"/>
  <use xlink:href="#glyph3-11" x="125.4375" y="15.181641"/>
  <use xlink:href="#glyph3-14" x="131.173828" y="15.181641"/>
  <use xlink:href="#glyph3-7" x="139.417969" y="15.181641"/>
  <use xlink:href="#glyph3-14" x="143.595703" y="15.181641"/>
  <use xlink:href="#glyph3-15" x="151.839844" y="15.181641"/>
  <use xlink:href="#glyph3-11" x="160.429688" y="15.181641"/>
  <use xlink:href="#glyph3-9" x="166.166016" y="15.181641"/>
  <use xlink:href="#glyph3-16" x="170.279297" y="15.181641"/>
  <use xlink:href="#glyph3-17" x="182.783203" y="15.181641"/>
  <use xlink:href="#glyph3-16" x="191.326172" y="15.181641"/>
  <use xlink:href="#glyph3-7" x="203.830078" y="15.181641"/>
  <use xlink:href="#glyph3-18" x="208.007812" y="15.181641"/>
  <use xlink:href="#glyph3-19" x="213.492188" y="15.181641"/>
  <use xlink:href="#glyph3-20" x="225.515625" y="15.181641"/>
  <use xlink:href="#glyph3-7" x="231" y="15.181641"/>
  <use xlink:href="#glyph3-21" x="235.177734" y="15.181641"/>
  <use xlink:href="#glyph3-14" x="240.398438" y="15.181641"/>
</g>
</g>
</g>
</svg>
