<?xml version="1.0" encoding="UTF-8"?>
<svg xmlns="http://www.w3.org/2000/svg" xmlns:xlink="http://www.w3.org/1999/xlink" width="149.25pt" height="112.5pt" viewBox="0 0 149.25 112.5" version="1.1">
<defs>
<g>
<symbol overflow="visible" id="glyph0-0">
<path style="stroke:none;" d="M 0.40625 1.421875 L 0.40625 -5.640625 L 4.40625 -5.640625 L 4.40625 1.421875 Z M 0.84375 0.96875 L 3.953125 0.96875 L 3.953125 -5.1875 L 0.84375 -5.1875 Z M 0.84375 0.96875 "/>
</symbol>
<symbol overflow="visible" id="glyph0-1">
<path style="stroke:none;" d="M 1 -0.671875 L 2.28125 -0.671875 L 2.28125 -5.109375 L 0.875 -4.828125 L 0.875 -5.546875 L 2.28125 -5.828125 L 3.0625 -5.828125 L 3.0625 -0.671875 L 4.359375 -0.671875 L 4.359375 0 L 1 0 Z M 1 -0.671875 "/>
</symbol>
<symbol overflow="visible" id="glyph0-2">
<path style="stroke:none;" d="M 1.53125 -0.671875 L 4.296875 -0.671875 L 4.296875 0 L 0.59375 0 L 0.59375 -0.671875 C 0.882812 -0.972656 1.289062 -1.382812 1.8125 -1.90625 C 2.332031 -2.4375 2.65625 -2.773438 2.78125 -2.921875 C 3.039062 -3.203125 3.21875 -3.441406 3.3125 -3.640625 C 3.414062 -3.835938 3.46875 -4.03125 3.46875 -4.21875 C 3.46875 -4.53125 3.359375 -4.785156 3.140625 -4.984375 C 2.921875 -5.179688 2.640625 -5.28125 2.296875 -5.28125 C 2.046875 -5.28125 1.78125 -5.234375 1.5 -5.140625 C 1.226562 -5.054688 0.9375 -4.925781 0.625 -4.75 L 0.625 -5.546875 C 0.945312 -5.679688 1.242188 -5.78125 1.515625 -5.84375 C 1.796875 -5.90625 2.050781 -5.9375 2.28125 -5.9375 C 2.882812 -5.9375 3.363281 -5.785156 3.71875 -5.484375 C 4.082031 -5.179688 4.265625 -4.78125 4.265625 -4.28125 C 4.265625 -4.039062 4.21875 -3.8125 4.125 -3.59375 C 4.03125 -3.375 3.867188 -3.117188 3.640625 -2.828125 C 3.566406 -2.753906 3.351562 -2.535156 3 -2.171875 C 2.65625 -1.816406 2.164062 -1.316406 1.53125 -0.671875 Z M 1.53125 -0.671875 "/>
</symbol>
<symbol overflow="visible" id="glyph0-3">
<path style="stroke:none;" d="M 3.25 -3.140625 C 3.625 -3.066406 3.914062 -2.898438 4.125 -2.640625 C 4.34375 -2.390625 4.453125 -2.078125 4.453125 -1.703125 C 4.453125 -1.117188 4.253906 -0.671875 3.859375 -0.359375 C 3.460938 -0.046875 2.898438 0.109375 2.171875 0.109375 C 1.921875 0.109375 1.664062 0.0820312 1.40625 0.03125 C 1.15625 -0.0078125 0.890625 -0.078125 0.609375 -0.171875 L 0.609375 -0.9375 C 0.828125 -0.8125 1.066406 -0.710938 1.328125 -0.640625 C 1.585938 -0.578125 1.859375 -0.546875 2.140625 -0.546875 C 2.640625 -0.546875 3.019531 -0.644531 3.28125 -0.84375 C 3.539062 -1.039062 3.671875 -1.328125 3.671875 -1.703125 C 3.671875 -2.046875 3.546875 -2.3125 3.296875 -2.5 C 3.054688 -2.695312 2.722656 -2.796875 2.296875 -2.796875 L 1.625 -2.796875 L 1.625 -3.4375 L 2.328125 -3.4375 C 2.710938 -3.4375 3.007812 -3.515625 3.21875 -3.671875 C 3.425781 -3.828125 3.53125 -4.050781 3.53125 -4.34375 C 3.53125 -4.644531 3.421875 -4.875 3.203125 -5.03125 C 2.992188 -5.195312 2.691406 -5.28125 2.296875 -5.28125 C 2.078125 -5.28125 1.84375 -5.253906 1.59375 -5.203125 C 1.351562 -5.160156 1.082031 -5.085938 0.78125 -4.984375 L 0.78125 -5.6875 C 1.082031 -5.769531 1.363281 -5.832031 1.625 -5.875 C 1.882812 -5.914062 2.132812 -5.9375 2.375 -5.9375 C 2.96875 -5.9375 3.4375 -5.800781 3.78125 -5.53125 C 4.132812 -5.257812 4.3125 -4.890625 4.3125 -4.421875 C 4.3125 -4.097656 4.21875 -3.828125 4.03125 -3.609375 C 3.851562 -3.390625 3.59375 -3.234375 3.25 -3.140625 Z M 3.25 -3.140625 "/>
</symbol>
<symbol overflow="visible" id="glyph0-4">
<path style="stroke:none;" d="M 3.03125 -5.140625 L 1.03125 -2.03125 L 3.03125 -2.03125 Z M 2.8125 -5.828125 L 3.8125 -5.828125 L 3.8125 -2.03125 L 4.640625 -2.03125 L 4.640625 -1.375 L 3.8125 -1.375 L 3.8125 0 L 3.03125 0 L 3.03125 -1.375 L 0.390625 -1.375 L 0.390625 -2.140625 Z M 2.8125 -5.828125 "/>
</symbol>
<symbol overflow="visible" id="glyph0-5">
<path style="stroke:none;" d="M 0.859375 -5.828125 L 3.96875 -5.828125 L 3.96875 -5.171875 L 1.59375 -5.171875 L 1.59375 -3.734375 C 1.707031 -3.773438 1.820312 -3.804688 1.9375 -3.828125 C 2.050781 -3.847656 2.164062 -3.859375 2.28125 -3.859375 C 2.925781 -3.859375 3.4375 -3.675781 3.8125 -3.3125 C 4.195312 -2.957031 4.390625 -2.476562 4.390625 -1.875 C 4.390625 -1.25 4.191406 -0.757812 3.796875 -0.40625 C 3.410156 -0.0625 2.863281 0.109375 2.15625 0.109375 C 1.90625 0.109375 1.65625 0.0859375 1.40625 0.046875 C 1.15625 0.00390625 0.894531 -0.0546875 0.625 -0.140625 L 0.625 -0.9375 C 0.851562 -0.800781 1.09375 -0.703125 1.34375 -0.640625 C 1.59375 -0.578125 1.859375 -0.546875 2.140625 -0.546875 C 2.585938 -0.546875 2.941406 -0.664062 3.203125 -0.90625 C 3.472656 -1.144531 3.609375 -1.46875 3.609375 -1.875 C 3.609375 -2.28125 3.472656 -2.597656 3.203125 -2.828125 C 2.941406 -3.066406 2.585938 -3.1875 2.140625 -3.1875 C 1.929688 -3.1875 1.71875 -3.160156 1.5 -3.109375 C 1.289062 -3.066406 1.078125 -3 0.859375 -2.90625 Z M 0.859375 -5.828125 "/>
</symbol>
<symbol overflow="visible" id="glyph0-6">
<path style="stroke:none;" d="M 2.546875 -5.3125 C 2.140625 -5.3125 1.832031 -5.109375 1.625 -4.703125 C 1.425781 -4.304688 1.328125 -3.707031 1.328125 -2.90625 C 1.328125 -2.113281 1.425781 -1.515625 1.625 -1.109375 C 1.832031 -0.710938 2.140625 -0.515625 2.546875 -0.515625 C 2.953125 -0.515625 3.253906 -0.710938 3.453125 -1.109375 C 3.660156 -1.515625 3.765625 -2.113281 3.765625 -2.90625 C 3.765625 -3.707031 3.660156 -4.304688 3.453125 -4.703125 C 3.253906 -5.109375 2.953125 -5.3125 2.546875 -5.3125 Z M 2.546875 -5.9375 C 3.203125 -5.9375 3.703125 -5.675781 4.046875 -5.15625 C 4.390625 -4.644531 4.5625 -3.894531 4.5625 -2.90625 C 4.5625 -1.925781 4.390625 -1.175781 4.046875 -0.65625 C 3.703125 -0.144531 3.203125 0.109375 2.546875 0.109375 C 1.890625 0.109375 1.390625 -0.144531 1.046875 -0.65625 C 0.703125 -1.175781 0.53125 -1.925781 0.53125 -2.90625 C 0.53125 -3.894531 0.703125 -4.644531 1.046875 -5.15625 C 1.390625 -5.675781 1.890625 -5.9375 2.546875 -5.9375 Z M 2.546875 -5.9375 "/>
</symbol>
<symbol overflow="visible" id="glyph0-7">
<path style="stroke:none;" d="M 0.9375 -1 L 1.765625 -1 L 1.765625 -0.328125 L 1.125 0.9375 L 0.625 0.9375 L 0.9375 -0.328125 Z M 0.9375 -1 "/>
</symbol>
<symbol overflow="visible" id="glyph1-0">
<path style="stroke:none;" d="M 1.765625 -0.5 L -7.046875 -0.5 L -7.046875 -5.5 L 1.765625 -5.5 Z M 1.21875 -1.0625 L 1.21875 -4.9375 L -6.484375 -4.9375 L -6.484375 -1.0625 Z M 1.21875 -1.0625 "/>
</symbol>
<symbol overflow="visible" id="glyph1-1">
<path style="stroke:none;" d="M -1.328125 -5.34375 L -1.328125 -2.40625 L 0 -1.9375 L 0 -0.046875 L -7.296875 -2.75 L -7.296875 -4.984375 L 0 -7.6875 L 0 -5.796875 Z M -2.6875 -2.875 L -2.6875 -4.875 L -5.578125 -3.875 Z M -2.6875 -2.875 "/>
</symbol>
<symbol overflow="visible" id="glyph1-2">
<path style="stroke:none;" d="M -5.46875 -0.15625 L -5.46875 -1.90625 L -1.6875 -3.265625 L -5.46875 -4.625 L -5.46875 -6.375 L 0 -4.21875 L 0 -2.296875 Z M -5.46875 -0.15625 "/>
</symbol>
<symbol overflow="visible" id="glyph1-3">
<path style="stroke:none;" d="M -2.75 -6.296875 L -2.25 -6.296875 L -2.25 -2.21875 C -1.84375 -2.257812 -1.535156 -2.40625 -1.328125 -2.65625 C -1.117188 -2.90625 -1.015625 -3.257812 -1.015625 -3.71875 C -1.015625 -4.082031 -1.066406 -4.457031 -1.171875 -4.84375 C -1.285156 -5.238281 -1.457031 -5.640625 -1.6875 -6.046875 L -0.328125 -6.046875 C -0.171875 -5.628906 -0.0546875 -5.210938 0.015625 -4.796875 C 0.0976562 -4.390625 0.140625 -3.976562 0.140625 -3.5625 C 0.140625 -2.570312 -0.109375 -1.800781 -0.609375 -1.25 C -1.117188 -0.707031 -1.828125 -0.4375 -2.734375 -0.4375 C -3.617188 -0.4375 -4.316406 -0.703125 -4.828125 -1.234375 C -5.335938 -1.773438 -5.59375 -2.519531 -5.59375 -3.46875 C -5.59375 -4.320312 -5.332031 -5.003906 -4.8125 -5.515625 C -4.300781 -6.035156 -3.613281 -6.296875 -2.75 -6.296875 Z M -3.328125 -4.5 C -3.660156 -4.5 -3.925781 -4.398438 -4.125 -4.203125 C -4.332031 -4.015625 -4.4375 -3.765625 -4.4375 -3.453125 C -4.4375 -3.109375 -4.34375 -2.832031 -4.15625 -2.625 C -3.96875 -2.414062 -3.691406 -2.285156 -3.328125 -2.234375 Z M -3.328125 -4.5 "/>
</symbol>
<symbol overflow="visible" id="glyph1-4">
<path style="stroke:none;" d="M -3.984375 -4.90625 C -4.054688 -4.75 -4.109375 -4.59375 -4.140625 -4.4375 C -4.171875 -4.289062 -4.1875 -4.140625 -4.1875 -3.984375 C -4.1875 -3.535156 -4.039062 -3.191406 -3.75 -2.953125 C -3.46875 -2.710938 -3.054688 -2.59375 -2.515625 -2.59375 L 0 -2.59375 L 0 -0.84375 L -5.46875 -0.84375 L -5.46875 -2.59375 L -4.578125 -2.59375 C -4.929688 -2.8125 -5.1875 -3.066406 -5.34375 -3.359375 C -5.507812 -3.648438 -5.59375 -4 -5.59375 -4.40625 C -5.59375 -4.46875 -5.59375 -4.53125 -5.59375 -4.59375 C -5.59375 -4.664062 -5.582031 -4.765625 -5.5625 -4.890625 Z M -3.984375 -4.90625 "/>
</symbol>
<symbol overflow="visible" id="glyph1-5">
<path style="stroke:none;" d="M -2.46875 -3.296875 C -2.46875 -2.929688 -2.40625 -2.65625 -2.28125 -2.46875 C -2.15625 -2.28125 -1.972656 -2.1875 -1.734375 -2.1875 C -1.503906 -2.1875 -1.328125 -2.257812 -1.203125 -2.40625 C -1.078125 -2.5625 -1.015625 -2.769531 -1.015625 -3.03125 C -1.015625 -3.363281 -1.132812 -3.640625 -1.375 -3.859375 C -1.613281 -4.085938 -1.910156 -4.203125 -2.265625 -4.203125 L -2.46875 -4.203125 Z M -3.125 -5.96875 L 0 -5.96875 L 0 -4.203125 L -0.8125 -4.203125 C -0.476562 -3.960938 -0.234375 -3.695312 -0.078125 -3.40625 C 0.0664062 -3.113281 0.140625 -2.757812 0.140625 -2.34375 C 0.140625 -1.769531 -0.0195312 -1.304688 -0.34375 -0.953125 C -0.675781 -0.609375 -1.109375 -0.4375 -1.640625 -0.4375 C -2.285156 -0.4375 -2.753906 -0.65625 -3.046875 -1.09375 C -3.347656 -1.53125 -3.5 -2.222656 -3.5 -3.171875 L -3.5 -4.203125 L -3.640625 -4.203125 C -3.910156 -4.203125 -4.109375 -4.09375 -4.234375 -3.875 C -4.367188 -3.65625 -4.4375 -3.316406 -4.4375 -2.859375 C -4.4375 -2.484375 -4.398438 -2.132812 -4.328125 -1.8125 C -4.253906 -1.488281 -4.140625 -1.1875 -3.984375 -0.90625 L -5.328125 -0.90625 C -5.410156 -1.28125 -5.472656 -1.65625 -5.515625 -2.03125 C -5.566406 -2.414062 -5.59375 -2.796875 -5.59375 -3.171875 C -5.59375 -4.160156 -5.398438 -4.875 -5.015625 -5.3125 C -4.628906 -5.75 -4 -5.96875 -3.125 -5.96875 Z M -3.125 -5.96875 "/>
</symbol>
<symbol overflow="visible" id="glyph1-6">
<path style="stroke:none;" d="M -0.921875 -4.5625 C -0.609375 -4.320312 -0.375 -4.054688 -0.21875 -3.765625 C -0.0703125 -3.472656 0 -3.140625 0 -2.765625 C 0 -2.097656 -0.257812 -1.546875 -0.78125 -1.109375 C -1.3125 -0.671875 -1.984375 -0.453125 -2.796875 -0.453125 C -3.617188 -0.453125 -4.289062 -0.671875 -4.8125 -1.109375 C -5.332031 -1.546875 -5.59375 -2.097656 -5.59375 -2.765625 C -5.59375 -3.140625 -5.515625 -3.472656 -5.359375 -3.765625 C -5.210938 -4.054688 -4.976562 -4.320312 -4.65625 -4.5625 L -5.46875 -4.5625 L -5.46875 -6.3125 L -0.546875 -6.3125 C 0.328125 -6.3125 0.992188 -6.035156 1.453125 -5.484375 C 1.921875 -4.929688 2.15625 -4.128906 2.15625 -3.078125 C 2.15625 -2.734375 2.128906 -2.398438 2.078125 -2.078125 C 2.023438 -1.765625 1.945312 -1.445312 1.84375 -1.125 L 0.484375 -1.125 C 0.660156 -1.425781 0.789062 -1.722656 0.875 -2.015625 C 0.957031 -2.304688 1 -2.601562 1 -2.90625 C 1 -3.476562 0.875 -3.894531 0.625 -4.15625 C 0.375 -4.425781 -0.015625 -4.5625 -0.546875 -4.5625 Z M -4.328125 -3.40625 C -4.328125 -3.039062 -4.191406 -2.757812 -3.921875 -2.5625 C -3.660156 -2.363281 -3.285156 -2.265625 -2.796875 -2.265625 C -2.296875 -2.265625 -1.914062 -2.359375 -1.65625 -2.546875 C -1.394531 -2.742188 -1.265625 -3.03125 -1.265625 -3.40625 C -1.265625 -3.769531 -1.398438 -4.050781 -1.671875 -4.25 C -1.941406 -4.457031 -2.316406 -4.5625 -2.796875 -4.5625 C -3.285156 -4.5625 -3.660156 -4.457031 -3.921875 -4.25 C -4.191406 -4.050781 -4.328125 -3.769531 -4.328125 -3.40625 Z M -4.328125 -3.40625 "/>
</symbol>
<symbol overflow="visible" id="glyph1-7">
<path style="stroke:none;" d=""/>
</symbol>
<symbol overflow="visible" id="glyph1-8">
<path style="stroke:none;" d="M -4.671875 -4.5625 L -7.59375 -4.5625 L -7.59375 -6.3125 L 0 -6.3125 L 0 -4.5625 L -0.796875 -4.5625 C -0.472656 -4.320312 -0.234375 -4.054688 -0.078125 -3.765625 C 0.0664062 -3.472656 0.140625 -3.140625 0.140625 -2.765625 C 0.140625 -2.085938 -0.125 -1.53125 -0.65625 -1.09375 C -1.195312 -0.664062 -1.890625 -0.453125 -2.734375 -0.453125 C -3.578125 -0.453125 -4.265625 -0.664062 -4.796875 -1.09375 C -5.328125 -1.53125 -5.59375 -2.085938 -5.59375 -2.765625 C -5.59375 -3.140625 -5.515625 -3.472656 -5.359375 -3.765625 C -5.210938 -4.054688 -4.984375 -4.320312 -4.671875 -4.5625 Z M -1.125 -3.40625 C -1.125 -3.78125 -1.257812 -4.066406 -1.53125 -4.265625 C -1.8125 -4.460938 -2.210938 -4.5625 -2.734375 -4.5625 C -3.253906 -4.5625 -3.648438 -4.460938 -3.921875 -4.265625 C -4.191406 -4.066406 -4.328125 -3.78125 -4.328125 -3.40625 C -4.328125 -3.039062 -4.191406 -2.757812 -3.921875 -2.5625 C -3.648438 -2.363281 -3.253906 -2.265625 -2.734375 -2.265625 C -2.210938 -2.265625 -1.8125 -2.363281 -1.53125 -2.5625 C -1.257812 -2.757812 -1.125 -3.039062 -1.125 -3.40625 Z M -1.125 -3.40625 "/>
</symbol>
<symbol overflow="visible" id="glyph1-9">
<path style="stroke:none;" d="M -5.46875 -0.84375 L -5.46875 -2.59375 L 0 -2.59375 L 0 -0.84375 Z M -7.59375 -0.84375 L -7.59375 -2.59375 L -6.171875 -2.59375 L -6.171875 -0.84375 Z M -7.59375 -0.84375 "/>
</symbol>
<symbol overflow="visible" id="glyph1-10">
<path style="stroke:none;" d="M -5.296875 -5.109375 L -3.96875 -5.109375 C -4.125 -4.734375 -4.238281 -4.367188 -4.3125 -4.015625 C -4.394531 -3.671875 -4.4375 -3.347656 -4.4375 -3.046875 C -4.4375 -2.710938 -4.394531 -2.460938 -4.3125 -2.296875 C -4.226562 -2.140625 -4.101562 -2.0625 -3.9375 -2.0625 C -3.789062 -2.0625 -3.679688 -2.117188 -3.609375 -2.234375 C -3.535156 -2.359375 -3.476562 -2.582031 -3.4375 -2.90625 L -3.40625 -3.203125 C -3.289062 -4.097656 -3.101562 -4.703125 -2.84375 -5.015625 C -2.582031 -5.328125 -2.171875 -5.484375 -1.609375 -5.484375 C -1.023438 -5.484375 -0.585938 -5.265625 -0.296875 -4.828125 C -0.00390625 -4.398438 0.140625 -3.757812 0.140625 -2.90625 C 0.140625 -2.550781 0.109375 -2.179688 0.046875 -1.796875 C -0.00390625 -1.410156 -0.0859375 -1.007812 -0.203125 -0.59375 L -1.53125 -0.59375 C -1.363281 -0.945312 -1.234375 -1.304688 -1.140625 -1.671875 C -1.054688 -2.035156 -1.015625 -2.40625 -1.015625 -2.78125 C -1.015625 -3.125 -1.0625 -3.378906 -1.15625 -3.546875 C -1.25 -3.722656 -1.390625 -3.8125 -1.578125 -3.8125 C -1.734375 -3.8125 -1.847656 -3.753906 -1.921875 -3.640625 C -2.003906 -3.523438 -2.066406 -3.289062 -2.109375 -2.9375 L -2.15625 -2.625 C -2.25 -1.84375 -2.425781 -1.296875 -2.6875 -0.984375 C -2.957031 -0.671875 -3.359375 -0.515625 -3.890625 -0.515625 C -4.472656 -0.515625 -4.898438 -0.710938 -5.171875 -1.109375 C -5.453125 -1.503906 -5.59375 -2.113281 -5.59375 -2.9375 C -5.59375 -3.257812 -5.566406 -3.597656 -5.515625 -3.953125 C -5.472656 -4.304688 -5.398438 -4.691406 -5.296875 -5.109375 Z M -5.296875 -5.109375 "/>
</symbol>
<symbol overflow="visible" id="glyph1-11">
<path style="stroke:none;" d="M -7.015625 -2.75 L -5.46875 -2.75 L -5.46875 -4.546875 L -4.21875 -4.546875 L -4.21875 -2.75 L -1.90625 -2.75 C -1.644531 -2.75 -1.46875 -2.796875 -1.375 -2.890625 C -1.289062 -2.992188 -1.25 -3.195312 -1.25 -3.5 L -1.25 -4.40625 L 0 -4.40625 L 0 -2.90625 C 0 -2.207031 -0.140625 -1.710938 -0.421875 -1.421875 C -0.710938 -1.140625 -1.207031 -1 -1.90625 -1 L -4.21875 -1 L -4.21875 -0.125 L -5.46875 -0.125 L -5.46875 -1 L -7.015625 -1 Z M -7.015625 -2.75 "/>
</symbol>
<symbol overflow="visible" id="glyph1-12">
<path style="stroke:none;" d="M -3.328125 -6.34375 L 0 -6.34375 L 0 -4.578125 L -2.546875 -4.578125 C -3.015625 -4.578125 -3.335938 -4.566406 -3.515625 -4.546875 C -3.703125 -4.523438 -3.835938 -4.488281 -3.921875 -4.4375 C -4.035156 -4.375 -4.125 -4.28125 -4.1875 -4.15625 C -4.25 -4.039062 -4.28125 -3.910156 -4.28125 -3.765625 C -4.28125 -3.398438 -4.140625 -3.113281 -3.859375 -2.90625 C -3.578125 -2.695312 -3.1875 -2.59375 -2.6875 -2.59375 L 0 -2.59375 L 0 -0.84375 L -5.46875 -0.84375 L -5.46875 -2.59375 L -4.671875 -2.59375 C -4.984375 -2.851562 -5.210938 -3.128906 -5.359375 -3.421875 C -5.515625 -3.722656 -5.59375 -4.050781 -5.59375 -4.40625 C -5.59375 -5.039062 -5.398438 -5.519531 -5.015625 -5.84375 C -4.628906 -6.175781 -4.066406 -6.34375 -3.328125 -6.34375 Z M -3.328125 -6.34375 "/>
</symbol>
<symbol overflow="visible" id="glyph1-13">
<path style="stroke:none;" d="M -5.296875 -5.265625 L -3.875 -5.265625 C -4.03125 -5.023438 -4.144531 -4.785156 -4.21875 -4.546875 C -4.300781 -4.304688 -4.34375 -4.054688 -4.34375 -3.796875 C -4.34375 -3.304688 -4.203125 -2.925781 -3.921875 -2.65625 C -3.640625 -2.382812 -3.242188 -2.25 -2.734375 -2.25 C -2.222656 -2.25 -1.820312 -2.382812 -1.53125 -2.65625 C -1.25 -2.925781 -1.109375 -3.304688 -1.109375 -3.796875 C -1.109375 -4.066406 -1.148438 -4.328125 -1.234375 -4.578125 C -1.316406 -4.828125 -1.4375 -5.054688 -1.59375 -5.265625 L -0.15625 -5.265625 C -0.0625 -4.984375 0.0078125 -4.703125 0.0625 -4.421875 C 0.113281 -4.140625 0.140625 -3.859375 0.140625 -3.578125 C 0.140625 -2.585938 -0.109375 -1.816406 -0.609375 -1.265625 C -1.117188 -0.710938 -1.828125 -0.4375 -2.734375 -0.4375 C -3.628906 -0.4375 -4.328125 -0.710938 -4.828125 -1.265625 C -5.335938 -1.816406 -5.59375 -2.585938 -5.59375 -3.578125 C -5.59375 -3.867188 -5.566406 -4.148438 -5.515625 -4.421875 C -5.472656 -4.703125 -5.398438 -4.984375 -5.296875 -5.265625 Z M -5.296875 -5.265625 "/>
</symbol>
<symbol overflow="visible" id="glyph1-14">
<path style="stroke:none;" d="M -7.296875 -0.921875 L -7.296875 -4.03125 C -7.296875 -4.96875 -7.085938 -5.679688 -6.671875 -6.171875 C -6.265625 -6.671875 -5.675781 -6.921875 -4.90625 -6.921875 C -4.144531 -6.921875 -3.554688 -6.671875 -3.140625 -6.171875 C -2.734375 -5.679688 -2.53125 -4.96875 -2.53125 -4.03125 L -2.53125 -2.796875 L 0 -2.796875 L 0 -0.921875 Z M -5.921875 -2.796875 L -3.890625 -2.796875 L -3.890625 -3.84375 C -3.890625 -4.207031 -3.976562 -4.488281 -4.15625 -4.6875 C -4.332031 -4.882812 -4.582031 -4.984375 -4.90625 -4.984375 C -5.238281 -4.984375 -5.488281 -4.882812 -5.65625 -4.6875 C -5.832031 -4.488281 -5.921875 -4.207031 -5.921875 -3.84375 Z M -5.921875 -2.796875 "/>
</symbol>
<symbol overflow="visible" id="glyph1-15">
<path style="stroke:none;" d="M -4.34375 -3.4375 C -4.34375 -3.050781 -4.203125 -2.753906 -3.921875 -2.546875 C -3.648438 -2.347656 -3.253906 -2.25 -2.734375 -2.25 C -2.203125 -2.25 -1.796875 -2.347656 -1.515625 -2.546875 C -1.242188 -2.753906 -1.109375 -3.050781 -1.109375 -3.4375 C -1.109375 -3.820312 -1.242188 -4.113281 -1.515625 -4.3125 C -1.796875 -4.519531 -2.203125 -4.625 -2.734375 -4.625 C -3.253906 -4.625 -3.648438 -4.519531 -3.921875 -4.3125 C -4.203125 -4.113281 -4.34375 -3.820312 -4.34375 -3.4375 Z M -5.59375 -3.4375 C -5.59375 -4.382812 -5.335938 -5.117188 -4.828125 -5.640625 C -4.328125 -6.171875 -3.628906 -6.4375 -2.734375 -6.4375 C -1.828125 -6.4375 -1.117188 -6.171875 -0.609375 -5.640625 C -0.109375 -5.117188 0.140625 -4.382812 0.140625 -3.4375 C 0.140625 -2.5 -0.109375 -1.765625 -0.609375 -1.234375 C -1.117188 -0.703125 -1.828125 -0.4375 -2.734375 -0.4375 C -3.628906 -0.4375 -4.328125 -0.703125 -4.828125 -1.234375 C -5.335938 -1.765625 -5.59375 -2.5 -5.59375 -3.4375 Z M -5.59375 -3.4375 "/>
</symbol>
<symbol overflow="visible" id="glyph1-16">
<path style="stroke:none;" d="M -0.796875 -2.59375 L 2.078125 -2.59375 L 2.078125 -0.84375 L -5.46875 -0.84375 L -5.46875 -2.59375 L -4.671875 -2.59375 C -4.984375 -2.832031 -5.210938 -3.097656 -5.359375 -3.390625 C -5.515625 -3.679688 -5.59375 -4.019531 -5.59375 -4.40625 C -5.59375 -5.070312 -5.328125 -5.617188 -4.796875 -6.046875 C -4.265625 -6.484375 -3.578125 -6.703125 -2.734375 -6.703125 C -1.890625 -6.703125 -1.195312 -6.484375 -0.65625 -6.046875 C -0.125 -5.617188 0.140625 -5.070312 0.140625 -4.40625 C 0.140625 -4.019531 0.0664062 -3.679688 -0.078125 -3.390625 C -0.234375 -3.097656 -0.472656 -2.832031 -0.796875 -2.59375 Z M -4.328125 -3.75 C -4.328125 -3.375 -4.1875 -3.085938 -3.90625 -2.890625 C -3.632812 -2.691406 -3.242188 -2.59375 -2.734375 -2.59375 C -2.210938 -2.59375 -1.8125 -2.691406 -1.53125 -2.890625 C -1.257812 -3.085938 -1.125 -3.375 -1.125 -3.75 C -1.125 -4.125 -1.257812 -4.410156 -1.53125 -4.609375 C -1.8125 -4.804688 -2.210938 -4.90625 -2.734375 -4.90625 C -3.253906 -4.90625 -3.648438 -4.804688 -3.921875 -4.609375 C -4.191406 -4.410156 -4.328125 -4.125 -4.328125 -3.75 Z M -4.328125 -3.75 "/>
</symbol>
<symbol overflow="visible" id="glyph1-17">
<path style="stroke:none;" d="M -7.59375 -4.4375 L -6.453125 -4.4375 L -6.453125 -3.46875 C -6.453125 -3.21875 -6.40625 -3.046875 -6.3125 -2.953125 C -6.226562 -2.859375 -6.070312 -2.8125 -5.84375 -2.8125 L -5.46875 -2.8125 L -5.46875 -4.296875 L -4.21875 -4.296875 L -4.21875 -2.8125 L 0 -2.8125 L 0 -1.0625 L -4.21875 -1.0625 L -4.21875 -0.1875 L -5.46875 -0.1875 L -5.46875 -1.0625 L -5.84375 -1.0625 C -6.445312 -1.0625 -6.890625 -1.226562 -7.171875 -1.5625 C -7.453125 -1.894531 -7.59375 -2.40625 -7.59375 -3.09375 Z M -7.59375 -4.4375 "/>
</symbol>
<symbol overflow="visible" id="glyph1-18">
<path style="stroke:none;" d="M -4.5625 -5.90625 C -4.894531 -6.125 -5.148438 -6.382812 -5.328125 -6.6875 C -5.503906 -7 -5.59375 -7.335938 -5.59375 -7.703125 C -5.59375 -8.328125 -5.398438 -8.800781 -5.015625 -9.125 C -4.628906 -9.457031 -4.066406 -9.625 -3.328125 -9.625 L 0 -9.625 L 0 -7.875 L -2.859375 -7.875 C -2.898438 -7.875 -2.941406 -7.875 -2.984375 -7.875 C -3.023438 -7.875 -3.085938 -7.875 -3.171875 -7.875 C -3.566406 -7.875 -3.847656 -7.816406 -4.015625 -7.703125 C -4.191406 -7.597656 -4.28125 -7.414062 -4.28125 -7.15625 C -4.28125 -6.820312 -4.144531 -6.566406 -3.875 -6.390625 C -3.601562 -6.210938 -3.207031 -6.117188 -2.6875 -6.109375 L 0 -6.109375 L 0 -4.34375 L -2.859375 -4.34375 C -3.460938 -4.34375 -3.847656 -4.289062 -4.015625 -4.1875 C -4.191406 -4.082031 -4.28125 -3.898438 -4.28125 -3.640625 C -4.28125 -3.304688 -4.140625 -3.046875 -3.859375 -2.859375 C -3.585938 -2.679688 -3.195312 -2.59375 -2.6875 -2.59375 L 0 -2.59375 L 0 -0.828125 L -5.46875 -0.828125 L -5.46875 -2.59375 L -4.671875 -2.59375 C -4.972656 -2.800781 -5.203125 -3.046875 -5.359375 -3.328125 C -5.515625 -3.609375 -5.59375 -3.914062 -5.59375 -4.25 C -5.59375 -4.625 -5.5 -4.957031 -5.3125 -5.25 C -5.132812 -5.539062 -4.882812 -5.757812 -4.5625 -5.90625 Z M -4.5625 -5.90625 "/>
</symbol>
<symbol overflow="visible" id="glyph1-19">
<path style="stroke:none;" d="M -7.59375 -0.84375 L -7.59375 -2.59375 L 0 -2.59375 L 0 -0.84375 Z M -7.59375 -0.84375 "/>
</symbol>
<symbol overflow="visible" id="glyph1-20">
<path style="stroke:none;" d="M -2.125 -0.78125 L -5.46875 -0.78125 L -5.46875 -2.546875 L -4.921875 -2.546875 C -4.628906 -2.546875 -4.257812 -2.539062 -3.8125 -2.53125 C -3.363281 -2.53125 -3.0625 -2.53125 -2.90625 -2.53125 C -2.46875 -2.53125 -2.148438 -2.539062 -1.953125 -2.5625 C -1.765625 -2.582031 -1.625 -2.625 -1.53125 -2.6875 C -1.425781 -2.75 -1.34375 -2.835938 -1.28125 -2.953125 C -1.21875 -3.078125 -1.1875 -3.210938 -1.1875 -3.359375 C -1.1875 -3.722656 -1.320312 -4.007812 -1.59375 -4.21875 C -1.875 -4.425781 -2.265625 -4.53125 -2.765625 -4.53125 L -5.46875 -4.53125 L -5.46875 -6.28125 L 0 -6.28125 L 0 -4.53125 L -0.796875 -4.53125 C -0.472656 -4.269531 -0.234375 -3.988281 -0.078125 -3.6875 C 0.0664062 -3.394531 0.140625 -3.070312 0.140625 -2.71875 C 0.140625 -2.082031 -0.0507812 -1.597656 -0.4375 -1.265625 C -0.820312 -0.941406 -1.382812 -0.78125 -2.125 -0.78125 Z M -2.125 -0.78125 "/>
</symbol>
<symbol overflow="visible" id="glyph1-21">
<path style="stroke:none;" d="M 1.3125 -3.765625 L 1.3125 -2.3125 C 0.507812 -1.820312 -0.25 -1.457031 -0.96875 -1.21875 C -1.695312 -0.976562 -2.414062 -0.859375 -3.125 -0.859375 C -3.84375 -0.859375 -4.566406 -0.976562 -5.296875 -1.21875 C -6.023438 -1.457031 -6.789062 -1.820312 -7.59375 -2.3125 L -7.59375 -3.765625 C -6.820312 -3.347656 -6.066406 -3.035156 -5.328125 -2.828125 C -4.585938 -2.617188 -3.859375 -2.515625 -3.140625 -2.515625 C -2.421875 -2.515625 -1.691406 -2.617188 -0.953125 -2.828125 C -0.210938 -3.035156 0.539062 -3.347656 1.3125 -3.765625 Z M 1.3125 -3.765625 "/>
</symbol>
<symbol overflow="visible" id="glyph1-22">
<path style="stroke:none;" d="M -3.015625 -7.75 C -3.015625 -7.519531 -2.910156 -7.335938 -2.703125 -7.203125 C -2.503906 -7.078125 -2.21875 -7.015625 -1.84375 -7.015625 C -1.476562 -7.015625 -1.191406 -7.078125 -0.984375 -7.203125 C -0.785156 -7.328125 -0.6875 -7.507812 -0.6875 -7.75 C -0.6875 -7.976562 -0.785156 -8.15625 -0.984375 -8.28125 C -1.191406 -8.40625 -1.476562 -8.46875 -1.84375 -8.46875 C -2.21875 -8.46875 -2.503906 -8.40625 -2.703125 -8.28125 C -2.910156 -8.15625 -3.015625 -7.976562 -3.015625 -7.75 Z M -3.828125 -7.75 C -3.828125 -8.351562 -3.648438 -8.828125 -3.296875 -9.171875 C -2.953125 -9.523438 -2.46875 -9.703125 -1.84375 -9.703125 C -1.226562 -9.703125 -0.742188 -9.523438 -0.390625 -9.171875 C -0.0351562 -8.828125 0.140625 -8.351562 0.140625 -7.75 C 0.140625 -7.144531 -0.0351562 -6.664062 -0.390625 -6.3125 C -0.742188 -5.96875 -1.226562 -5.796875 -1.84375 -5.796875 C -2.457031 -5.796875 -2.941406 -5.96875 -3.296875 -6.3125 C -3.648438 -6.664062 -3.828125 -7.144531 -3.828125 -7.75 Z M 0.140625 -3.265625 L 0.140625 -2.1875 L -7.421875 -6.75 L -7.421875 -7.828125 Z M -7.421875 -2.265625 C -7.421875 -2.867188 -7.242188 -3.34375 -6.890625 -3.6875 C -6.535156 -4.039062 -6.050781 -4.21875 -5.4375 -4.21875 C -4.820312 -4.21875 -4.335938 -4.039062 -3.984375 -3.6875 C -3.628906 -3.34375 -3.453125 -2.867188 -3.453125 -2.265625 C -3.453125 -1.660156 -3.628906 -1.1875 -3.984375 -0.84375 C -4.335938 -0.5 -4.820312 -0.328125 -5.4375 -0.328125 C -6.050781 -0.328125 -6.535156 -0.5 -6.890625 -0.84375 C -7.242188 -1.1875 -7.421875 -1.660156 -7.421875 -2.265625 Z M -6.609375 -2.265625 C -6.609375 -2.035156 -6.503906 -1.851562 -6.296875 -1.71875 C -6.097656 -1.59375 -5.8125 -1.53125 -5.4375 -1.53125 C -5.0625 -1.53125 -4.769531 -1.59375 -4.5625 -1.71875 C -4.363281 -1.851562 -4.265625 -2.035156 -4.265625 -2.265625 C -4.265625 -2.503906 -4.363281 -2.6875 -4.5625 -2.8125 C -4.769531 -2.9375 -5.0625 -3 -5.4375 -3 C -5.8125 -3 -6.097656 -2.9375 -6.296875 -2.8125 C -6.503906 -2.6875 -6.609375 -2.503906 -6.609375 -2.265625 Z M -6.609375 -2.265625 "/>
</symbol>
<symbol overflow="visible" id="glyph1-23">
<path style="stroke:none;" d="M 1.3125 -0.796875 C 0.539062 -1.210938 -0.210938 -1.523438 -0.953125 -1.734375 C -1.691406 -1.941406 -2.421875 -2.046875 -3.140625 -2.046875 C -3.859375 -2.046875 -4.585938 -1.941406 -5.328125 -1.734375 C -6.066406 -1.523438 -6.820312 -1.210938 -7.59375 -0.796875 L -7.59375 -2.25 C -6.789062 -2.75 -6.023438 -3.117188 -5.296875 -3.359375 C -4.566406 -3.597656 -3.84375 -3.71875 -3.125 -3.71875 C -2.414062 -3.71875 -1.695312 -3.597656 -0.96875 -3.359375 C -0.25 -3.117188 0.507812 -2.75 1.3125 -2.25 Z M 1.3125 -0.796875 "/>
</symbol>
<symbol overflow="visible" id="glyph2-0">
<path style="stroke:none;" d="M 0.59375 2.125 L 0.59375 -8.46875 L 6.59375 -8.46875 L 6.59375 2.125 Z M 1.265625 1.453125 L 5.9375 1.453125 L 5.9375 -7.78125 L 1.265625 -7.78125 Z M 1.265625 1.453125 "/>
</symbol>
<symbol overflow="visible" id="glyph2-1">
<path style="stroke:none;" d="M 6.40625 -1.59375 L 2.890625 -1.59375 L 2.328125 0 L 0.0625 0 L 3.296875 -8.75 L 5.984375 -8.75 L 9.234375 0 L 6.96875 0 Z M 3.453125 -3.21875 L 5.84375 -3.21875 L 4.640625 -6.703125 Z M 3.453125 -3.21875 "/>
</symbol>
<symbol overflow="visible" id="glyph2-2">
<path style="stroke:none;" d="M 0.1875 -6.5625 L 2.28125 -6.5625 L 3.921875 -2.03125 L 5.546875 -6.5625 L 7.640625 -6.5625 L 5.0625 0 L 2.765625 0 Z M 0.1875 -6.5625 "/>
</symbol>
<symbol overflow="visible" id="glyph2-3">
<path style="stroke:none;" d="M 7.5625 -3.296875 L 7.5625 -2.703125 L 2.65625 -2.703125 C 2.707031 -2.210938 2.882812 -1.84375 3.1875 -1.59375 C 3.488281 -1.34375 3.914062 -1.21875 4.46875 -1.21875 C 4.90625 -1.21875 5.351562 -1.285156 5.8125 -1.421875 C 6.28125 -1.554688 6.757812 -1.753906 7.25 -2.015625 L 7.25 -0.40625 C 6.75 -0.21875 6.25 -0.078125 5.75 0.015625 C 5.257812 0.117188 4.765625 0.171875 4.265625 0.171875 C 3.078125 0.171875 2.15625 -0.128906 1.5 -0.734375 C 0.84375 -1.335938 0.515625 -2.1875 0.515625 -3.28125 C 0.515625 -4.34375 0.835938 -5.179688 1.484375 -5.796875 C 2.128906 -6.410156 3.019531 -6.71875 4.15625 -6.71875 C 5.1875 -6.71875 6.007812 -6.40625 6.625 -5.78125 C 7.25 -5.164062 7.5625 -4.335938 7.5625 -3.296875 Z M 5.40625 -4 C 5.40625 -4.394531 5.285156 -4.710938 5.046875 -4.953125 C 4.816406 -5.203125 4.515625 -5.328125 4.140625 -5.328125 C 3.734375 -5.328125 3.398438 -5.210938 3.140625 -4.984375 C 2.890625 -4.753906 2.734375 -4.425781 2.671875 -4 Z M 5.40625 -4 "/>
</symbol>
<symbol overflow="visible" id="glyph2-4">
<path style="stroke:none;" d="M 5.890625 -4.78125 C 5.703125 -4.863281 5.515625 -4.925781 5.328125 -4.96875 C 5.148438 -5.007812 4.96875 -5.03125 4.78125 -5.03125 C 4.25 -5.03125 3.835938 -4.851562 3.546875 -4.5 C 3.253906 -4.15625 3.109375 -3.664062 3.109375 -3.03125 L 3.109375 0 L 1.015625 0 L 1.015625 -6.5625 L 3.109375 -6.5625 L 3.109375 -5.484375 C 3.378906 -5.910156 3.6875 -6.222656 4.03125 -6.421875 C 4.382812 -6.617188 4.804688 -6.71875 5.296875 -6.71875 C 5.359375 -6.71875 5.429688 -6.710938 5.515625 -6.703125 C 5.597656 -6.703125 5.71875 -6.691406 5.875 -6.671875 Z M 5.890625 -4.78125 "/>
</symbol>
<symbol overflow="visible" id="glyph2-5">
<path style="stroke:none;" d="M 3.953125 -2.953125 C 3.515625 -2.953125 3.179688 -2.878906 2.953125 -2.734375 C 2.734375 -2.585938 2.625 -2.367188 2.625 -2.078125 C 2.625 -1.804688 2.710938 -1.59375 2.890625 -1.4375 C 3.078125 -1.289062 3.328125 -1.21875 3.640625 -1.21875 C 4.035156 -1.21875 4.367188 -1.359375 4.640625 -1.640625 C 4.910156 -1.929688 5.046875 -2.289062 5.046875 -2.71875 L 5.046875 -2.953125 Z M 7.15625 -3.75 L 7.15625 0 L 5.046875 0 L 5.046875 -0.96875 C 4.765625 -0.570312 4.445312 -0.28125 4.09375 -0.09375 C 3.738281 0.0820312 3.3125 0.171875 2.8125 0.171875 C 2.125 0.171875 1.566406 -0.0234375 1.140625 -0.421875 C 0.722656 -0.816406 0.515625 -1.332031 0.515625 -1.96875 C 0.515625 -2.738281 0.78125 -3.300781 1.3125 -3.65625 C 1.84375 -4.019531 2.671875 -4.203125 3.796875 -4.203125 L 5.046875 -4.203125 L 5.046875 -4.359375 C 5.046875 -4.691406 4.910156 -4.9375 4.640625 -5.09375 C 4.378906 -5.25 3.972656 -5.328125 3.421875 -5.328125 C 2.972656 -5.328125 2.554688 -5.28125 2.171875 -5.1875 C 1.785156 -5.101562 1.425781 -4.96875 1.09375 -4.78125 L 1.09375 -6.390625 C 1.539062 -6.492188 1.988281 -6.570312 2.4375 -6.625 C 2.894531 -6.6875 3.347656 -6.71875 3.796875 -6.71875 C 4.984375 -6.71875 5.835938 -6.484375 6.359375 -6.015625 C 6.890625 -5.554688 7.15625 -4.800781 7.15625 -3.75 Z M 7.15625 -3.75 "/>
</symbol>
<symbol overflow="visible" id="glyph2-6">
<path style="stroke:none;" d="M 5.46875 -1.109375 C 5.1875 -0.734375 4.867188 -0.453125 4.515625 -0.265625 C 4.171875 -0.0859375 3.769531 0 3.3125 0 C 2.507812 0 1.847656 -0.3125 1.328125 -0.9375 C 0.804688 -1.570312 0.546875 -2.378906 0.546875 -3.359375 C 0.546875 -4.335938 0.804688 -5.140625 1.328125 -5.765625 C 1.847656 -6.390625 2.507812 -6.703125 3.3125 -6.703125 C 3.769531 -6.703125 4.171875 -6.613281 4.515625 -6.4375 C 4.867188 -6.257812 5.1875 -5.976562 5.46875 -5.59375 L 5.46875 -6.5625 L 7.578125 -6.5625 L 7.578125 -0.65625 C 7.578125 0.394531 7.242188 1.195312 6.578125 1.75 C 5.910156 2.3125 4.945312 2.59375 3.6875 2.59375 C 3.28125 2.59375 2.882812 2.5625 2.5 2.5 C 2.113281 2.4375 1.726562 2.335938 1.34375 2.203125 L 1.34375 0.578125 C 1.707031 0.785156 2.066406 0.941406 2.421875 1.046875 C 2.773438 1.148438 3.128906 1.203125 3.484375 1.203125 C 4.171875 1.203125 4.671875 1.050781 4.984375 0.75 C 5.304688 0.445312 5.46875 -0.0195312 5.46875 -0.65625 Z M 4.09375 -5.203125 C 3.65625 -5.203125 3.316406 -5.039062 3.078125 -4.71875 C 2.835938 -4.394531 2.71875 -3.941406 2.71875 -3.359375 C 2.71875 -2.753906 2.832031 -2.296875 3.0625 -1.984375 C 3.300781 -1.679688 3.644531 -1.53125 4.09375 -1.53125 C 4.53125 -1.53125 4.867188 -1.6875 5.109375 -2 C 5.347656 -2.320312 5.46875 -2.773438 5.46875 -3.359375 C 5.46875 -3.941406 5.347656 -4.394531 5.109375 -4.71875 C 4.867188 -5.039062 4.53125 -5.203125 4.09375 -5.203125 Z M 4.09375 -5.203125 "/>
</symbol>
<symbol overflow="visible" id="glyph2-7">
<path style="stroke:none;" d=""/>
</symbol>
<symbol overflow="visible" id="glyph2-8">
<path style="stroke:none;" d="M 5.46875 -5.609375 L 5.46875 -9.125 L 7.578125 -9.125 L 7.578125 0 L 5.46875 0 L 5.46875 -0.953125 C 5.1875 -0.566406 4.867188 -0.28125 4.515625 -0.09375 C 4.171875 0.0820312 3.769531 0.171875 3.3125 0.171875 C 2.5 0.171875 1.832031 -0.148438 1.3125 -0.796875 C 0.800781 -1.441406 0.546875 -2.269531 0.546875 -3.28125 C 0.546875 -4.289062 0.800781 -5.113281 1.3125 -5.75 C 1.832031 -6.394531 2.5 -6.71875 3.3125 -6.71875 C 3.757812 -6.71875 4.160156 -6.625 4.515625 -6.4375 C 4.867188 -6.257812 5.1875 -5.984375 5.46875 -5.609375 Z M 4.09375 -1.359375 C 4.539062 -1.359375 4.878906 -1.519531 5.109375 -1.84375 C 5.347656 -2.175781 5.46875 -2.65625 5.46875 -3.28125 C 5.46875 -3.90625 5.347656 -4.378906 5.109375 -4.703125 C 4.878906 -5.035156 4.539062 -5.203125 4.09375 -5.203125 C 3.644531 -5.203125 3.300781 -5.035156 3.0625 -4.703125 C 2.832031 -4.378906 2.71875 -3.90625 2.71875 -3.28125 C 2.71875 -2.65625 2.832031 -2.175781 3.0625 -1.84375 C 3.300781 -1.519531 3.644531 -1.359375 4.09375 -1.359375 Z M 4.09375 -1.359375 "/>
</symbol>
<symbol overflow="visible" id="glyph2-9">
<path style="stroke:none;" d="M 1.015625 -6.5625 L 3.109375 -6.5625 L 3.109375 0 L 1.015625 0 Z M 1.015625 -9.125 L 3.109375 -9.125 L 3.109375 -7.40625 L 1.015625 -7.40625 Z M 1.015625 -9.125 "/>
</symbol>
<symbol overflow="visible" id="glyph2-10">
<path style="stroke:none;" d="M 6.140625 -6.359375 L 6.140625 -4.765625 C 5.691406 -4.953125 5.253906 -5.09375 4.828125 -5.1875 C 4.410156 -5.28125 4.019531 -5.328125 3.65625 -5.328125 C 3.25 -5.328125 2.945312 -5.273438 2.75 -5.171875 C 2.5625 -5.078125 2.46875 -4.925781 2.46875 -4.71875 C 2.46875 -4.550781 2.539062 -4.421875 2.6875 -4.328125 C 2.832031 -4.242188 3.097656 -4.175781 3.484375 -4.125 L 3.84375 -4.078125 C 4.925781 -3.941406 5.648438 -3.71875 6.015625 -3.40625 C 6.390625 -3.09375 6.578125 -2.601562 6.578125 -1.9375 C 6.578125 -1.238281 6.316406 -0.710938 5.796875 -0.359375 C 5.285156 -0.00390625 4.519531 0.171875 3.5 0.171875 C 3.0625 0.171875 2.609375 0.132812 2.140625 0.0625 C 1.679688 0 1.207031 -0.0976562 0.71875 -0.234375 L 0.71875 -1.828125 C 1.132812 -1.628906 1.5625 -1.476562 2 -1.375 C 2.445312 -1.269531 2.894531 -1.21875 3.34375 -1.21875 C 3.757812 -1.21875 4.066406 -1.273438 4.265625 -1.390625 C 4.472656 -1.503906 4.578125 -1.675781 4.578125 -1.90625 C 4.578125 -2.09375 4.503906 -2.226562 4.359375 -2.3125 C 4.222656 -2.40625 3.941406 -2.476562 3.515625 -2.53125 L 3.140625 -2.578125 C 2.210938 -2.691406 1.5625 -2.90625 1.1875 -3.21875 C 0.8125 -3.539062 0.625 -4.023438 0.625 -4.671875 C 0.625 -5.367188 0.859375 -5.882812 1.328125 -6.21875 C 1.804688 -6.550781 2.539062 -6.71875 3.53125 -6.71875 C 3.914062 -6.71875 4.320312 -6.6875 4.75 -6.625 C 5.175781 -6.570312 5.640625 -6.484375 6.140625 -6.359375 Z M 6.140625 -6.359375 "/>
</symbol>
<symbol overflow="visible" id="glyph2-11">
<path style="stroke:none;" d="M 3.296875 -8.421875 L 3.296875 -6.5625 L 5.46875 -6.5625 L 5.46875 -5.0625 L 3.296875 -5.0625 L 3.296875 -2.28125 C 3.296875 -1.976562 3.351562 -1.769531 3.46875 -1.65625 C 3.59375 -1.550781 3.835938 -1.5 4.203125 -1.5 L 5.28125 -1.5 L 5.28125 0 L 3.484375 0 C 2.648438 0 2.0625 -0.171875 1.71875 -0.515625 C 1.375 -0.859375 1.203125 -1.445312 1.203125 -2.28125 L 1.203125 -5.0625 L 0.15625 -5.0625 L 0.15625 -6.5625 L 1.203125 -6.5625 L 1.203125 -8.421875 Z M 3.296875 -8.421875 "/>
</symbol>
<symbol overflow="visible" id="glyph2-12">
<path style="stroke:none;" d="M 7.609375 -4 L 7.609375 0 L 5.5 0 L 5.5 -3.0625 C 5.5 -3.625 5.484375 -4.007812 5.453125 -4.21875 C 5.429688 -4.4375 5.390625 -4.597656 5.328125 -4.703125 C 5.242188 -4.835938 5.128906 -4.941406 4.984375 -5.015625 C 4.847656 -5.097656 4.691406 -5.140625 4.515625 -5.140625 C 4.078125 -5.140625 3.734375 -4.96875 3.484375 -4.625 C 3.234375 -4.289062 3.109375 -3.828125 3.109375 -3.234375 L 3.109375 0 L 1.015625 0 L 1.015625 -6.5625 L 3.109375 -6.5625 L 3.109375 -5.609375 C 3.421875 -5.984375 3.753906 -6.257812 4.109375 -6.4375 C 4.460938 -6.625 4.859375 -6.71875 5.296875 -6.71875 C 6.046875 -6.71875 6.617188 -6.484375 7.015625 -6.015625 C 7.410156 -5.554688 7.609375 -4.882812 7.609375 -4 Z M 7.609375 -4 "/>
</symbol>
<symbol overflow="visible" id="glyph2-13">
<path style="stroke:none;" d="M 6.3125 -6.359375 L 6.3125 -4.640625 C 6.03125 -4.835938 5.742188 -4.984375 5.453125 -5.078125 C 5.160156 -5.171875 4.863281 -5.21875 4.5625 -5.21875 C 3.976562 -5.21875 3.519531 -5.046875 3.1875 -4.703125 C 2.863281 -4.367188 2.703125 -3.894531 2.703125 -3.28125 C 2.703125 -2.664062 2.863281 -2.1875 3.1875 -1.84375 C 3.519531 -1.5 3.976562 -1.328125 4.5625 -1.328125 C 4.882812 -1.328125 5.191406 -1.375 5.484375 -1.46875 C 5.785156 -1.570312 6.0625 -1.71875 6.3125 -1.90625 L 6.3125 -0.1875 C 5.976562 -0.0703125 5.644531 0.015625 5.3125 0.078125 C 4.976562 0.140625 4.640625 0.171875 4.296875 0.171875 C 3.109375 0.171875 2.179688 -0.128906 1.515625 -0.734375 C 0.847656 -1.347656 0.515625 -2.195312 0.515625 -3.28125 C 0.515625 -4.363281 0.847656 -5.207031 1.515625 -5.8125 C 2.179688 -6.414062 3.109375 -6.71875 4.296875 -6.71875 C 4.640625 -6.71875 4.976562 -6.6875 5.3125 -6.625 C 5.644531 -6.570312 5.976562 -6.484375 6.3125 -6.359375 Z M 6.3125 -6.359375 "/>
</symbol>
<symbol overflow="visible" id="glyph2-14">
<path style="stroke:none;" d="M 1.109375 -8.75 L 3.359375 -8.75 L 3.359375 0 L 1.109375 0 Z M 1.109375 -8.75 "/>
</symbol>
<symbol overflow="visible" id="glyph2-15">
<path style="stroke:none;" d="M 4.125 -5.21875 C 3.664062 -5.21875 3.3125 -5.050781 3.0625 -4.71875 C 2.820312 -4.382812 2.703125 -3.90625 2.703125 -3.28125 C 2.703125 -2.644531 2.820312 -2.160156 3.0625 -1.828125 C 3.3125 -1.492188 3.664062 -1.328125 4.125 -1.328125 C 4.582031 -1.328125 4.929688 -1.492188 5.171875 -1.828125 C 5.421875 -2.160156 5.546875 -2.644531 5.546875 -3.28125 C 5.546875 -3.90625 5.421875 -4.382812 5.171875 -4.71875 C 4.929688 -5.050781 4.582031 -5.21875 4.125 -5.21875 Z M 4.125 -6.71875 C 5.257812 -6.71875 6.144531 -6.410156 6.78125 -5.796875 C 7.414062 -5.191406 7.734375 -4.351562 7.734375 -3.28125 C 7.734375 -2.195312 7.414062 -1.347656 6.78125 -0.734375 C 6.144531 -0.128906 5.257812 0.171875 4.125 0.171875 C 3 0.171875 2.113281 -0.128906 1.46875 -0.734375 C 0.832031 -1.347656 0.515625 -2.195312 0.515625 -3.28125 C 0.515625 -4.351562 0.832031 -5.191406 1.46875 -5.796875 C 2.113281 -6.410156 3 -6.71875 4.125 -6.71875 Z M 4.125 -6.71875 "/>
</symbol>
<symbol overflow="visible" id="glyph2-16">
<path style="stroke:none;" d="M 5.328125 -9.125 L 5.328125 -7.734375 L 4.171875 -7.734375 C 3.867188 -7.734375 3.660156 -7.679688 3.546875 -7.578125 C 3.429688 -7.472656 3.375 -7.285156 3.375 -7.015625 L 3.375 -6.5625 L 5.15625 -6.5625 L 5.15625 -5.0625 L 3.375 -5.0625 L 3.375 0 L 1.265625 0 L 1.265625 -5.0625 L 0.234375 -5.0625 L 0.234375 -6.5625 L 1.265625 -6.5625 L 1.265625 -7.015625 C 1.265625 -7.734375 1.460938 -8.265625 1.859375 -8.609375 C 2.265625 -8.953125 2.882812 -9.125 3.71875 -9.125 Z M 5.328125 -9.125 "/>
</symbol>
<symbol overflow="visible" id="glyph2-17">
<path style="stroke:none;" d="M 1.40625 -1.5625 L 3.40625 -1.5625 L 3.40625 -7.21875 L 1.359375 -6.796875 L 1.359375 -8.328125 L 3.390625 -8.75 L 5.53125 -8.75 L 5.53125 -1.5625 L 7.53125 -1.5625 L 7.53125 0 L 1.40625 0 Z M 1.40625 -1.5625 "/>
</symbol>
<symbol overflow="visible" id="glyph2-18">
<path style="stroke:none;" d="M 5.515625 -4.390625 C 5.515625 -5.484375 5.410156 -6.25 5.203125 -6.6875 C 5.003906 -7.132812 4.660156 -7.359375 4.171875 -7.359375 C 3.691406 -7.359375 3.347656 -7.132812 3.140625 -6.6875 C 2.929688 -6.25 2.828125 -5.484375 2.828125 -4.390625 C 2.828125 -3.273438 2.929688 -2.488281 3.140625 -2.03125 C 3.347656 -1.582031 3.691406 -1.359375 4.171875 -1.359375 C 4.660156 -1.359375 5.003906 -1.582031 5.203125 -2.03125 C 5.410156 -2.488281 5.515625 -3.273438 5.515625 -4.390625 Z M 7.78125 -4.359375 C 7.78125 -2.910156 7.46875 -1.789062 6.84375 -1 C 6.21875 -0.21875 5.328125 0.171875 4.171875 0.171875 C 3.023438 0.171875 2.140625 -0.21875 1.515625 -1 C 0.890625 -1.789062 0.578125 -2.910156 0.578125 -4.359375 C 0.578125 -5.816406 0.890625 -6.9375 1.515625 -7.71875 C 2.140625 -8.507812 3.023438 -8.90625 4.171875 -8.90625 C 5.328125 -8.90625 6.21875 -8.507812 6.84375 -7.71875 C 7.46875 -6.9375 7.78125 -5.816406 7.78125 -4.359375 Z M 7.78125 -4.359375 "/>
</symbol>
<symbol overflow="visible" id="glyph2-19">
<path style="stroke:none;" d="M 7.09375 -5.46875 C 7.351562 -5.875 7.664062 -6.179688 8.03125 -6.390625 C 8.394531 -6.609375 8.796875 -6.71875 9.234375 -6.71875 C 9.992188 -6.71875 10.570312 -6.484375 10.96875 -6.015625 C 11.363281 -5.554688 11.5625 -4.882812 11.5625 -4 L 11.5625 0 L 9.453125 0 L 9.453125 -3.421875 C 9.453125 -3.472656 9.453125 -3.523438 9.453125 -3.578125 C 9.453125 -3.628906 9.453125 -3.707031 9.453125 -3.8125 C 9.453125 -4.28125 9.382812 -4.617188 9.25 -4.828125 C 9.113281 -5.035156 8.894531 -5.140625 8.59375 -5.140625 C 8.195312 -5.140625 7.890625 -4.972656 7.671875 -4.640625 C 7.453125 -4.316406 7.335938 -3.84375 7.328125 -3.21875 L 7.328125 0 L 5.21875 0 L 5.21875 -3.421875 C 5.21875 -4.148438 5.15625 -4.617188 5.03125 -4.828125 C 4.90625 -5.035156 4.679688 -5.140625 4.359375 -5.140625 C 3.960938 -5.140625 3.65625 -4.972656 3.4375 -4.640625 C 3.21875 -4.316406 3.109375 -3.847656 3.109375 -3.234375 L 3.109375 0 L 1 0 L 1 -6.5625 L 3.109375 -6.5625 L 3.109375 -5.609375 C 3.367188 -5.972656 3.664062 -6.25 4 -6.4375 C 4.332031 -6.625 4.695312 -6.71875 5.09375 -6.71875 C 5.550781 -6.71875 5.953125 -6.609375 6.296875 -6.390625 C 6.648438 -6.171875 6.914062 -5.863281 7.09375 -5.46875 Z M 7.09375 -5.46875 "/>
</symbol>
<symbol overflow="visible" id="glyph2-20">
<path style="stroke:none;" d="M 1.109375 -8.75 L 4.84375 -8.75 C 5.957031 -8.75 6.8125 -8.5 7.40625 -8 C 8 -7.507812 8.296875 -6.804688 8.296875 -5.890625 C 8.296875 -4.972656 8 -4.265625 7.40625 -3.765625 C 6.8125 -3.273438 5.957031 -3.03125 4.84375 -3.03125 L 3.359375 -3.03125 L 3.359375 0 L 1.109375 0 Z M 3.359375 -7.109375 L 3.359375 -4.671875 L 4.609375 -4.671875 C 5.046875 -4.671875 5.382812 -4.773438 5.625 -4.984375 C 5.863281 -5.203125 5.984375 -5.503906 5.984375 -5.890625 C 5.984375 -6.285156 5.863281 -6.585938 5.625 -6.796875 C 5.382812 -7.003906 5.046875 -7.109375 4.609375 -7.109375 Z M 3.359375 -7.109375 "/>
</symbol>
<symbol overflow="visible" id="glyph2-21">
<path style="stroke:none;" d="M 3.109375 -0.953125 L 3.109375 2.5 L 1.015625 2.5 L 1.015625 -6.5625 L 3.109375 -6.5625 L 3.109375 -5.609375 C 3.398438 -5.984375 3.71875 -6.257812 4.0625 -6.4375 C 4.414062 -6.625 4.820312 -6.71875 5.28125 -6.71875 C 6.09375 -6.71875 6.753906 -6.394531 7.265625 -5.75 C 7.785156 -5.113281 8.046875 -4.289062 8.046875 -3.28125 C 8.046875 -2.269531 7.785156 -1.441406 7.265625 -0.796875 C 6.753906 -0.148438 6.09375 0.171875 5.28125 0.171875 C 4.820312 0.171875 4.414062 0.0820312 4.0625 -0.09375 C 3.71875 -0.28125 3.398438 -0.566406 3.109375 -0.953125 Z M 4.5 -5.203125 C 4.050781 -5.203125 3.707031 -5.035156 3.46875 -4.703125 C 3.226562 -4.367188 3.109375 -3.894531 3.109375 -3.28125 C 3.109375 -2.65625 3.226562 -2.175781 3.46875 -1.84375 C 3.707031 -1.519531 4.050781 -1.359375 4.5 -1.359375 C 4.945312 -1.359375 5.289062 -1.519531 5.53125 -1.84375 C 5.769531 -2.175781 5.890625 -2.65625 5.890625 -3.28125 C 5.890625 -3.90625 5.769531 -4.378906 5.53125 -4.703125 C 5.289062 -5.035156 4.945312 -5.203125 4.5 -5.203125 Z M 4.5 -5.203125 "/>
</symbol>
<symbol overflow="visible" id="glyph2-22">
<path style="stroke:none;" d="M 1.015625 -9.125 L 3.109375 -9.125 L 3.109375 0 L 1.015625 0 Z M 1.015625 -9.125 "/>
</symbol>
<symbol overflow="visible" id="glyph2-23">
<path style="stroke:none;" d="M 0.9375 -2.5625 L 0.9375 -6.5625 L 3.046875 -6.5625 L 3.046875 -5.90625 C 3.046875 -5.550781 3.039062 -5.101562 3.03125 -4.5625 C 3.03125 -4.03125 3.03125 -3.675781 3.03125 -3.5 C 3.03125 -2.96875 3.046875 -2.582031 3.078125 -2.34375 C 3.109375 -2.113281 3.15625 -1.945312 3.21875 -1.84375 C 3.300781 -1.707031 3.410156 -1.601562 3.546875 -1.53125 C 3.691406 -1.457031 3.851562 -1.421875 4.03125 -1.421875 C 4.46875 -1.421875 4.8125 -1.585938 5.0625 -1.921875 C 5.3125 -2.253906 5.4375 -2.722656 5.4375 -3.328125 L 5.4375 -6.5625 L 7.53125 -6.5625 L 7.53125 0 L 5.4375 0 L 5.4375 -0.953125 C 5.125 -0.566406 4.789062 -0.28125 4.4375 -0.09375 C 4.082031 0.0820312 3.691406 0.171875 3.265625 0.171875 C 2.503906 0.171875 1.925781 -0.0546875 1.53125 -0.515625 C 1.132812 -0.984375 0.9375 -1.664062 0.9375 -2.5625 Z M 0.9375 -2.5625 "/>
</symbol>
<symbol overflow="visible" id="glyph2-24">
<path style="stroke:none;" d="M 7.609375 -4 L 7.609375 0 L 5.5 0 L 5.5 -3.046875 C 5.5 -3.617188 5.484375 -4.007812 5.453125 -4.21875 C 5.429688 -4.4375 5.390625 -4.597656 5.328125 -4.703125 C 5.242188 -4.835938 5.128906 -4.941406 4.984375 -5.015625 C 4.847656 -5.097656 4.691406 -5.140625 4.515625 -5.140625 C 4.078125 -5.140625 3.734375 -4.96875 3.484375 -4.625 C 3.234375 -4.289062 3.109375 -3.828125 3.109375 -3.234375 L 3.109375 0 L 1.015625 0 L 1.015625 -9.125 L 3.109375 -9.125 L 3.109375 -5.609375 C 3.421875 -5.984375 3.753906 -6.257812 4.109375 -6.4375 C 4.460938 -6.625 4.859375 -6.71875 5.296875 -6.71875 C 6.046875 -6.71875 6.617188 -6.484375 7.015625 -6.015625 C 7.410156 -5.554688 7.609375 -4.882812 7.609375 -4 Z M 7.609375 -4 "/>
</symbol>
<symbol overflow="visible" id="glyph2-25">
<path style="stroke:none;" d="M 1.109375 -8.75 L 7.1875 -8.75 L 7.1875 -7.046875 L 3.359375 -7.046875 L 3.359375 -5.421875 L 6.96875 -5.421875 L 6.96875 -3.703125 L 3.359375 -3.703125 L 3.359375 0 L 1.109375 0 Z M 1.109375 -8.75 "/>
</symbol>
<symbol overflow="visible" id="glyph3-0">
<path style="stroke:none;" d="M 0.5 1.765625 L 0.5 -7.046875 L 5.5 -7.046875 L 5.5 1.765625 Z M 1.0625 1.21875 L 4.9375 1.21875 L 4.9375 -6.484375 L 1.0625 -6.484375 Z M 1.0625 1.21875 "/>
</symbol>
<symbol overflow="visible" id="glyph3-1">
<path style="stroke:none;" d="M 5.984375 -7.0625 L 5.984375 -5.515625 C 5.585938 -5.691406 5.195312 -5.828125 4.8125 -5.921875 C 4.4375 -6.015625 4.078125 -6.0625 3.734375 -6.0625 C 3.285156 -6.0625 2.953125 -6 2.734375 -5.875 C 2.523438 -5.75 2.421875 -5.554688 2.421875 -5.296875 C 2.421875 -5.097656 2.492188 -4.941406 2.640625 -4.828125 C 2.785156 -4.722656 3.046875 -4.632812 3.421875 -4.5625 L 4.234375 -4.40625 C 5.035156 -4.238281 5.609375 -3.988281 5.953125 -3.65625 C 6.296875 -3.320312 6.46875 -2.847656 6.46875 -2.234375 C 6.46875 -1.429688 6.226562 -0.832031 5.75 -0.4375 C 5.28125 -0.0507812 4.550781 0.140625 3.5625 0.140625 C 3.101562 0.140625 2.640625 0.09375 2.171875 0 C 1.710938 -0.0820312 1.25 -0.207031 0.78125 -0.375 L 0.78125 -1.96875 C 1.25 -1.71875 1.695312 -1.53125 2.125 -1.40625 C 2.5625 -1.28125 2.984375 -1.21875 3.390625 -1.21875 C 3.796875 -1.21875 4.109375 -1.285156 4.328125 -1.421875 C 4.546875 -1.554688 4.65625 -1.753906 4.65625 -2.015625 C 4.65625 -2.242188 4.582031 -2.414062 4.4375 -2.53125 C 4.289062 -2.65625 3.992188 -2.769531 3.546875 -2.875 L 2.828125 -3.03125 C 2.097656 -3.1875 1.5625 -3.4375 1.21875 -3.78125 C 0.882812 -4.125 0.71875 -4.582031 0.71875 -5.15625 C 0.71875 -5.882812 0.953125 -6.441406 1.421875 -6.828125 C 1.890625 -7.222656 2.5625 -7.421875 3.4375 -7.421875 C 3.84375 -7.421875 4.253906 -7.390625 4.671875 -7.328125 C 5.097656 -7.265625 5.535156 -7.175781 5.984375 -7.0625 Z M 5.984375 -7.0625 "/>
</symbol>
<symbol overflow="visible" id="glyph3-2">
<path style="stroke:none;" d="M 0.046875 -7.296875 L 6.765625 -7.296875 L 6.765625 -5.875 L 4.34375 -5.875 L 4.34375 0 L 2.46875 0 L 2.46875 -5.875 L 0.046875 -5.875 Z M 0.046875 -7.296875 "/>
</symbol>
<symbol overflow="visible" id="glyph3-3">
<path style="stroke:none;" d="M 0.921875 -7.296875 L 5.984375 -7.296875 L 5.984375 -5.875 L 2.796875 -5.875 L 2.796875 -4.515625 L 5.796875 -4.515625 L 5.796875 -3.09375 L 2.796875 -3.09375 L 2.796875 -1.421875 L 6.09375 -1.421875 L 6.09375 0 L 0.921875 0 Z M 0.921875 -7.296875 "/>
</symbol>
<symbol overflow="visible" id="glyph3-4">
<path style="stroke:none;" d="M 0.921875 -7.296875 L 4.03125 -7.296875 C 4.96875 -7.296875 5.679688 -7.085938 6.171875 -6.671875 C 6.671875 -6.265625 6.921875 -5.675781 6.921875 -4.90625 C 6.921875 -4.144531 6.671875 -3.554688 6.171875 -3.140625 C 5.679688 -2.734375 4.96875 -2.53125 4.03125 -2.53125 L 2.796875 -2.53125 L 2.796875 0 L 0.921875 0 Z M 2.796875 -5.921875 L 2.796875 -3.890625 L 3.84375 -3.890625 C 4.207031 -3.890625 4.488281 -3.976562 4.6875 -4.15625 C 4.882812 -4.332031 4.984375 -4.582031 4.984375 -4.90625 C 4.984375 -5.238281 4.882812 -5.488281 4.6875 -5.65625 C 4.488281 -5.832031 4.207031 -5.921875 3.84375 -5.921875 Z M 2.796875 -5.921875 "/>
</symbol>
</g>
<clipPath id="clip1">
  <path d="M 0 0 L 149.25 0 L 149.25 57 L 0 57 Z M 0 0 "/>
</clipPath>
<clipPath id="clip2">
  <path d="M 46.515625 27.417969 L 142.410156 27.417969 L 142.410156 32 L 46.515625 32 Z M 46.515625 27.417969 "/>
</clipPath>
<clipPath id="clip3">
  <path d="M 46.515625 35 L 142.410156 35 L 142.410156 36.921875 L 46.515625 36.921875 Z M 46.515625 35 "/>
</clipPath>
<clipPath id="clip4">
  <path d="M 46.515625 31 L 142.410156 31 L 142.410156 34 L 46.515625 34 Z M 46.515625 31 "/>
</clipPath>
<clipPath id="clip5">
  <path d="M 132 17 L 149.25 17 L 149.25 37 L 132 37 Z M 132 17 "/>
</clipPath>
<clipPath id="clip6">
  <path d="M 4 6 L 149.25 6 L 149.25 18 L 4 18 Z M 4 6 "/>
</clipPath>
<clipPath id="clip7">
  <path d="M 0 56 L 149 56 L 149 112.5 L 0 112.5 Z M 0 56 "/>
</clipPath>
<clipPath id="clip8">
  <path d="M 0 56 L 149.25 56 L 149.25 112.5 L 0 112.5 Z M 0 56 "/>
</clipPath>
<clipPath id="clip9">
  <path d="M 5 0 L 16 0 L 16 112.5 L 5 112.5 Z M 5 0 "/>
</clipPath>
<clipPath id="clip10">
  <path d="M 128 65 L 149.25 65 L 149.25 94 L 128 94 Z M 128 65 "/>
</clipPath>
<clipPath id="clip11">
  <path d="M 132.609375 74 L 149.25 74 L 149.25 76 L 132.609375 76 Z M 132.609375 74 "/>
</clipPath>
<clipPath id="clip12">
  <path d="M 146 72 L 149.25 72 L 149.25 78 L 146 78 Z M 146 72 "/>
</clipPath>
<clipPath id="clip13">
  <path d="M 139 69.742188 L 149.25 69.742188 L 149.25 85 L 139 85 Z M 139 69.742188 "/>
</clipPath>
<clipPath id="clip14">
  <path d="M 132.609375 83 L 149.25 83 L 149.25 86 L 132.609375 86 Z M 132.609375 83 "/>
</clipPath>
<clipPath id="clip15">
  <path d="M 5 62 L 149.25 62 L 149.25 74 L 5 74 Z M 5 62 "/>
</clipPath>
</defs>
<g id="surface1877588">
<path style=" stroke:none;fill-rule:nonzero;fill:rgb(100%,100%,100%);fill-opacity:1;" d="M 0.25 0.25 L 149 0.25 L 149 56 L 0.25 56 Z M 0.25 0.25 "/>
<g clip-path="url(#clip1)" clip-rule="nonzero">
<path style="fill:none;stroke-width:0.5;stroke-linecap:round;stroke-linejoin:round;stroke:rgb(0%,0%,0%);stroke-opacity:1;stroke-miterlimit:10;" d="M 0.25 0.25 L 149 0.25 L 149 56 L 0.25 56 Z M 0.25 0.25 "/>
</g>
<path style="fill:none;stroke-width:1.1;stroke-linecap:round;stroke-linejoin:round;stroke:rgb(0%,0%,0%);stroke-opacity:1;stroke-miterlimit:10;" d="M 46.515625 27.417969 L 142.410156 27.417969 L 142.410156 36.921875 L 46.515625 36.921875 Z M 46.515625 27.417969 "/>
<path style="fill:none;stroke-width:0.2;stroke-linecap:round;stroke-linejoin:round;stroke:rgb(0%,0%,0%);stroke-opacity:1;stroke-dasharray:0,0.4;stroke-miterlimit:10;" d="M 46.515625 36.921875 L 142.410156 36.921875 M 46.515625 35.339844 L 142.410156 35.339844 M 46.515625 33.753906 L 142.410156 33.753906 M 46.515625 32.171875 L 142.410156 32.171875 M 46.515625 30.585938 L 142.410156 30.585938 M 46.515625 29.003906 L 142.410156 29.003906 M 46.515625 27.417969 L 142.410156 27.417969 "/>
<path style="fill:none;stroke-width:0.5;stroke-linecap:round;stroke-linejoin:round;stroke:rgb(0%,0%,0%);stroke-opacity:1;stroke-miterlimit:10;" d="M 46.515625 36.921875 L 142.410156 36.921875 M 46.515625 41.171875 L 46.515625 36.921875 M 70.488281 41.171875 L 70.488281 36.921875 M 94.464844 41.171875 L 94.464844 36.921875 M 118.4375 41.171875 L 118.4375 36.921875 M 142.410156 41.171875 L 142.410156 36.921875 "/>
<g style="fill:rgb(0%,0%,0%);fill-opacity:1;">
  <use xlink:href="#glyph0-1" x="43.71875" y="50.070312"/>
</g>
<g style="fill:rgb(0%,0%,0%);fill-opacity:1;">
  <use xlink:href="#glyph0-2" x="67.695312" y="50.070312"/>
</g>
<g style="fill:rgb(0%,0%,0%);fill-opacity:1;">
  <use xlink:href="#glyph0-3" x="91.667969" y="50.070312"/>
</g>
<g style="fill:rgb(0%,0%,0%);fill-opacity:1;">
  <use xlink:href="#glyph0-4" x="115.644531" y="50.070312"/>
</g>
<g style="fill:rgb(0%,0%,0%);fill-opacity:1;">
  <use xlink:href="#glyph0-5" x="139.617188" y="50.070312"/>
</g>
<path style="fill:none;stroke-width:0.5;stroke-linecap:round;stroke-linejoin:round;stroke:rgb(0%,0%,0%);stroke-opacity:1;stroke-miterlimit:10;" d="M 46.515625 36.921875 L 46.515625 27.417969 M 42.265625 36.921875 L 46.515625 36.921875 M 42.265625 35.339844 L 46.515625 35.339844 M 42.265625 33.753906 L 46.515625 33.753906 M 42.265625 32.171875 L 46.515625 32.171875 M 42.265625 30.585938 L 46.515625 30.585938 M 42.265625 29.003906 L 46.515625 29.003906 M 42.265625 27.417969 L 46.515625 27.417969 "/>
<g style="fill:rgb(0%,0%,0%);fill-opacity:1;">
  <use xlink:href="#glyph0-6" x="35.203125" y="39.441406"/>
</g>
<g style="fill:rgb(0%,0%,0%);fill-opacity:1;">
  <use xlink:href="#glyph1-1" x="13.325195" y="81.261719"/>
  <use xlink:href="#glyph1-2" x="13.325195" y="73.878906"/>
  <use xlink:href="#glyph1-3" x="13.325195" y="67.360352"/>
  <use xlink:href="#glyph1-4" x="13.325195" y="60.578125"/>
  <use xlink:href="#glyph1-5" x="13.325195" y="55.646484"/>
  <use xlink:href="#glyph1-6" x="13.325195" y="48.898438"/>
  <use xlink:href="#glyph1-3" x="13.325195" y="41.740234"/>
  <use xlink:href="#glyph1-7" x="13.325195" y="34.958008"/>
  <use xlink:href="#glyph1-8" x="13.325195" y="31.476562"/>
  <use xlink:href="#glyph1-9" x="13.325195" y="24.318359"/>
  <use xlink:href="#glyph1-10" x="13.325195" y="20.890625"/>
  <use xlink:href="#glyph1-11" x="13.325195" y="14.938477"/>
  <use xlink:href="#glyph1-5" x="13.325195" y="10.158203"/>
  <use xlink:href="#glyph1-12" x="13.325195" y="3.410156"/>
  <use xlink:href="#glyph1-13" x="13.325195" y="-3.708984"/>
  <use xlink:href="#glyph1-3" x="13.325195" y="-9.636719"/>
</g>
<g clip-path="url(#clip2)" clip-rule="nonzero">
<path style="fill:none;stroke-width:0.6;stroke-linecap:round;stroke-linejoin:round;stroke:rgb(0%,20%,40%);stroke-opacity:1;stroke-dasharray:0,1.2;stroke-miterlimit:10;" d="M 46.515625 29.957031 L 70.488281 29.257812 L 94.464844 30.941406 L 118.4375 28.734375 L 142.410156 27.425781 L 166.386719 29.453125 L 190.359375 31.300781 L 214.335938 30.289062 L 238.308594 31.261719 L 262.28125 30.035156 "/>
</g>
<g clip-path="url(#clip3)" clip-rule="nonzero">
<path style="fill:none;stroke-width:1.3;stroke-linecap:round;stroke-linejoin:round;stroke:rgb(0%,50.196078%,0%);stroke-opacity:1;stroke-miterlimit:10;" d="M 46.515625 36.320312 L 262.28125 36.320312 "/>
</g>
<g clip-path="url(#clip4)" clip-rule="nonzero">
<path style="fill:none;stroke-width:1.3;stroke-linecap:round;stroke-linejoin:round;stroke:rgb(50.196078%,0%,0%);stroke-opacity:1;stroke-miterlimit:10;" d="M 46.515625 32.644531 L 262.28125 32.644531 "/>
</g>
<path style="fill-rule:nonzero;fill:rgb(0%,20%,40%);fill-opacity:1;stroke-width:0.2;stroke-linecap:square;stroke-linejoin:miter;stroke:rgb(0%,20%,40%);stroke-opacity:1;stroke-miterlimit:10;" d="M 0.000177165 -0.999387 L 1.000177 0.000613373 L 0.000177165 1.000613 L -0.999823 0.000613373 Z M 0.000177165 -0.999387 " transform="matrix(2.5,0,0,2.5,46.515182,29.955498)"/>
<path style="fill-rule:nonzero;fill:rgb(0%,20%,40%);fill-opacity:1;stroke-width:0.2;stroke-linecap:square;stroke-linejoin:miter;stroke:rgb(0%,20%,40%);stroke-opacity:1;stroke-miterlimit:10;" d="M -0.00041923 -0.999536 L 0.999581 0.000464176 L -0.00041923 1.000464 L -1.000419 0.000464176 Z M -0.00041923 -0.999536 " transform="matrix(2.5,0,0,2.5,70.489329,29.256652)"/>
<path style="fill-rule:nonzero;fill:rgb(0%,20%,40%);fill-opacity:1;stroke-width:0.2;stroke-linecap:square;stroke-linejoin:miter;stroke:rgb(0%,20%,40%);stroke-opacity:1;stroke-miterlimit:10;" d="M 0.000546875 -1.000459 L 1.000547 -0.000458581 L 0.000546875 0.999541 L -0.999453 -0.000458581 Z M 0.000546875 -1.000459 " transform="matrix(2.5,0,0,2.5,94.463477,30.942553)"/>
<path style="fill-rule:nonzero;fill:rgb(0%,20%,40%);fill-opacity:1;stroke-width:0.2;stroke-linecap:square;stroke-linejoin:miter;stroke:rgb(0%,20%,40%);stroke-opacity:1;stroke-miterlimit:10;" d="M -0.0000495202 -0.999468 L 0.99995 0.00053223 L -0.0000495202 1.000532 L -1.00005 0.00053223 Z M -0.0000495202 -0.999468 " transform="matrix(2.5,0,0,2.5,118.437624,28.733044)"/>
<path style=" stroke:none;fill-rule:nonzero;fill:rgb(0%,20%,40%);fill-opacity:1;" d="M 142.410156 24.925781 L 144.910156 27.425781 L 142.410156 29.925781 L 139.910156 27.425781 Z M 142.410156 24.925781 "/>
<g clip-path="url(#clip5)" clip-rule="nonzero">
<path style="fill:none;stroke-width:0.2;stroke-linecap:square;stroke-linejoin:miter;stroke:rgb(0%,20%,40%);stroke-opacity:1;stroke-miterlimit:10;" d="M -0.000645915 -0.999266 L 0.999354 0.000734047 L -0.000645915 1.000734 L -1.000646 0.000734047 Z M -0.000645915 -0.999266 " transform="matrix(2.5,0,0,2.5,142.411771,27.423946)"/>
</g>
<g clip-path="url(#clip6)" clip-rule="nonzero">
<g style="fill:rgb(0%,0%,0%);fill-opacity:1;">
  <use xlink:href="#glyph2-1" x="4.042969" y="15.181641"/>
  <use xlink:href="#glyph2-2" x="12.902344" y="15.181641"/>
  <use xlink:href="#glyph2-3" x="20.724609" y="15.181641"/>
  <use xlink:href="#glyph2-4" x="28.863281" y="15.181641"/>
  <use xlink:href="#glyph2-5" x="34.78125" y="15.181641"/>
  <use xlink:href="#glyph2-6" x="42.878906" y="15.181641"/>
  <use xlink:href="#glyph2-3" x="51.46875" y="15.181641"/>
  <use xlink:href="#glyph2-7" x="59.607422" y="15.181641"/>
  <use xlink:href="#glyph2-8" x="63.785156" y="15.181641"/>
  <use xlink:href="#glyph2-9" x="72.375" y="15.181641"/>
  <use xlink:href="#glyph2-10" x="76.488281" y="15.181641"/>
  <use xlink:href="#glyph2-11" x="83.630859" y="15.181641"/>
  <use xlink:href="#glyph2-5" x="89.367188" y="15.181641"/>
  <use xlink:href="#glyph2-12" x="97.464844" y="15.181641"/>
  <use xlink:href="#glyph2-13" x="106.007812" y="15.181641"/>
  <use xlink:href="#glyph2-3" x="113.121094" y="15.181641"/>
  <use xlink:href="#glyph2-7" x="121.259766" y="15.181641"/>
  <use xlink:href="#glyph2-14" x="125.4375" y="15.181641"/>
  <use xlink:href="#glyph2-12" x="129.902344" y="15.181641"/>
  <use xlink:href="#glyph2-8" x="138.445312" y="15.181641"/>
  <use xlink:href="#glyph2-9" x="147.035156" y="15.181641"/>
  <use xlink:href="#glyph2-13" x="151.148438" y="15.181641"/>
  <use xlink:href="#glyph2-5" x="158.261719" y="15.181641"/>
  <use xlink:href="#glyph2-11" x="166.359375" y="15.181641"/>
  <use xlink:href="#glyph2-15" x="172.095703" y="15.181641"/>
  <use xlink:href="#glyph2-4" x="180.339844" y="15.181641"/>
  <use xlink:href="#glyph2-7" x="186.257812" y="15.181641"/>
  <use xlink:href="#glyph2-16" x="190.435547" y="15.181641"/>
  <use xlink:href="#glyph2-15" x="195.65625" y="15.181641"/>
  <use xlink:href="#glyph2-4" x="203.900391" y="15.181641"/>
  <use xlink:href="#glyph2-7" x="209.818359" y="15.181641"/>
  <use xlink:href="#glyph2-17" x="213.996094" y="15.181641"/>
  <use xlink:href="#glyph2-18" x="222.345703" y="15.181641"/>
  <use xlink:href="#glyph2-18" x="230.695312" y="15.181641"/>
  <use xlink:href="#glyph2-7" x="239.044922" y="15.181641"/>
  <use xlink:href="#glyph2-9" x="243.222656" y="15.181641"/>
  <use xlink:href="#glyph2-11" x="247.335938" y="15.181641"/>
  <use xlink:href="#glyph2-3" x="253.072266" y="15.181641"/>
  <use xlink:href="#glyph2-19" x="261.210938" y="15.181641"/>
</g>
</g>
<g clip-path="url(#clip7)" clip-rule="nonzero">
<path style=" stroke:none;fill-rule:nonzero;fill:rgb(100%,100%,100%);fill-opacity:1;" d="M 0.25 56.5 L 149 56.5 L 149 112.25 L 0.25 112.25 Z M 0.25 56.5 "/>
</g>
<g clip-path="url(#clip8)" clip-rule="nonzero">
<path style="fill:none;stroke-width:0.5;stroke-linecap:round;stroke-linejoin:miter;stroke:rgb(0%,0%,0%);stroke-opacity:1;stroke-miterlimit:10;" d="M 0.25 56.5 L 149 56.5 L 149 112.25 L 0.25 112.25 Z M 0.25 56.5 "/>
</g>
<path style="fill:none;stroke-width:0.2;stroke-linecap:round;stroke-linejoin:miter;stroke:rgb(0%,0%,0%);stroke-opacity:1;stroke-dasharray:0,0.4;stroke-miterlimit:10;" d="M 74.507812 77.03125 L 142.410156 77.03125 M 74.507812 77.695312 L 142.410156 77.695312 M 74.507812 78.359375 L 142.410156 78.359375 M 74.507812 79.023438 L 142.410156 79.023438 M 74.507812 79.6875 L 142.410156 79.6875 M 74.507812 80.351562 L 142.410156 80.351562 M 74.507812 81.011719 L 142.410156 81.011719 M 74.507812 81.675781 L 142.410156 81.675781 M 74.507812 82.339844 L 142.410156 82.339844 M 74.507812 83.003906 L 142.410156 83.003906 M 74.507812 83.667969 L 142.410156 83.667969 "/>
<path style="fill:none;stroke-width:0.5;stroke-linecap:round;stroke-linejoin:miter;stroke:rgb(0%,0%,0%);stroke-opacity:1;stroke-miterlimit:10;" d="M 74.507812 77.03125 L 142.410156 77.03125 M 74.507812 81.28125 L 74.507812 77.03125 M 91.484375 81.28125 L 91.484375 77.03125 M 108.460938 81.28125 L 108.460938 77.03125 M 125.4375 81.28125 L 125.4375 77.03125 M 142.410156 81.28125 L 142.410156 77.03125 "/>
<g style="fill:rgb(0%,0%,0%);fill-opacity:1;">
  <use xlink:href="#glyph0-1" x="71.710938" y="90.179688"/>
</g>
<g style="fill:rgb(0%,0%,0%);fill-opacity:1;">
  <use xlink:href="#glyph0-2" x="88.6875" y="90.179688"/>
</g>
<g style="fill:rgb(0%,0%,0%);fill-opacity:1;">
  <use xlink:href="#glyph0-3" x="105.664062" y="90.179688"/>
</g>
<g style="fill:rgb(0%,0%,0%);fill-opacity:1;">
  <use xlink:href="#glyph0-4" x="122.640625" y="90.179688"/>
</g>
<g style="fill:rgb(0%,0%,0%);fill-opacity:1;">
  <use xlink:href="#glyph0-5" x="139.617188" y="90.179688"/>
</g>
<g style="fill:rgb(0%,0%,0%);fill-opacity:1;">
  <use xlink:href="#glyph3-1" x="90.515625" y="105.598633"/>
  <use xlink:href="#glyph3-2" x="97.717773" y="105.598633"/>
  <use xlink:href="#glyph3-3" x="104.539062" y="105.598633"/>
  <use xlink:href="#glyph3-4" x="111.370117" y="105.598633"/>
  <use xlink:href="#glyph3-1" x="118.699219" y="105.598633"/>
</g>
<path style="fill:none;stroke-width:0.5;stroke-linecap:round;stroke-linejoin:miter;stroke:rgb(0%,0%,0%);stroke-opacity:1;stroke-miterlimit:10;" d="M 74.507812 77.03125 L 74.507812 83.667969 M 78.757812 77.03125 L 74.507812 77.03125 M 78.757812 77.695312 L 74.507812 77.695312 M 78.757812 78.359375 L 74.507812 78.359375 M 78.757812 79.023438 L 74.507812 79.023438 M 78.757812 79.6875 L 74.507812 79.6875 M 78.757812 80.351562 L 74.507812 80.351562 M 78.757812 81.011719 L 74.507812 81.011719 M 78.757812 81.675781 L 74.507812 81.675781 M 78.757812 82.339844 L 74.507812 82.339844 M 78.757812 83.003906 L 74.507812 83.003906 M 78.757812 83.667969 L 74.507812 83.667969 "/>
<g style="fill:rgb(0%,0%,0%);fill-opacity:1;">
  <use xlink:href="#glyph0-6" x="80.230469" y="79.550781"/>
  <use xlink:href="#glyph0-7" x="85.320312" y="79.550781"/>
  <use xlink:href="#glyph0-1" x="87.863281" y="79.550781"/>
</g>
<g clip-path="url(#clip9)" clip-rule="nonzero">
<g style="fill:rgb(0%,0%,0%);fill-opacity:1;">
  <use xlink:href="#glyph1-14" x="13.325195" y="199.214844"/>
  <use xlink:href="#glyph1-4" x="13.325195" y="191.885742"/>
  <use xlink:href="#glyph1-15" x="13.325195" y="186.954102"/>
  <use xlink:href="#glyph1-16" x="13.325195" y="180.083984"/>
  <use xlink:href="#glyph1-15" x="13.325195" y="172.925781"/>
  <use xlink:href="#glyph1-4" x="13.325195" y="166.055664"/>
  <use xlink:href="#glyph1-11" x="13.325195" y="161.124023"/>
  <use xlink:href="#glyph1-9" x="13.325195" y="156.34375"/>
  <use xlink:href="#glyph1-15" x="13.325195" y="152.916016"/>
  <use xlink:href="#glyph1-12" x="13.325195" y="146.045898"/>
  <use xlink:href="#glyph1-7" x="13.325195" y="138.926758"/>
  <use xlink:href="#glyph1-15" x="13.325195" y="135.445312"/>
  <use xlink:href="#glyph1-17" x="13.325195" y="128.575195"/>
  <use xlink:href="#glyph1-7" x="13.325195" y="124.224609"/>
  <use xlink:href="#glyph1-16" x="13.325195" y="120.743164"/>
  <use xlink:href="#glyph1-5" x="13.325195" y="113.584961"/>
  <use xlink:href="#glyph1-4" x="13.325195" y="106.836914"/>
  <use xlink:href="#glyph1-3" x="13.325195" y="101.905273"/>
  <use xlink:href="#glyph1-11" x="13.325195" y="95.123047"/>
  <use xlink:href="#glyph1-15" x="13.325195" y="90.342773"/>
  <use xlink:href="#glyph1-7" x="13.325195" y="83.472656"/>
  <use xlink:href="#glyph1-15" x="13.325195" y="79.991211"/>
  <use xlink:href="#glyph1-16" x="13.325195" y="73.121094"/>
  <use xlink:href="#glyph1-11" x="13.325195" y="65.962891"/>
  <use xlink:href="#glyph1-9" x="13.325195" y="61.182617"/>
  <use xlink:href="#glyph1-18" x="13.325195" y="57.754883"/>
  <use xlink:href="#glyph1-5" x="13.325195" y="47.334961"/>
  <use xlink:href="#glyph1-19" x="13.325195" y="40.586914"/>
  <use xlink:href="#glyph1-7" x="13.325195" y="37.15918"/>
  <use xlink:href="#glyph1-10" x="13.325195" y="33.677734"/>
  <use xlink:href="#glyph1-15" x="13.325195" y="27.725586"/>
  <use xlink:href="#glyph1-19" x="13.325195" y="20.855469"/>
  <use xlink:href="#glyph1-20" x="13.325195" y="17.427734"/>
  <use xlink:href="#glyph1-11" x="13.325195" y="10.308594"/>
  <use xlink:href="#glyph1-9" x="13.325195" y="5.52832"/>
  <use xlink:href="#glyph1-15" x="13.325195" y="2.100586"/>
  <use xlink:href="#glyph1-12" x="13.325195" y="-4.769531"/>
  <use xlink:href="#glyph1-7" x="13.325195" y="-11.888672"/>
  <use xlink:href="#glyph1-7" x="13.325195" y="-15.370117"/>
  <use xlink:href="#glyph1-21" x="13.325195" y="-18.851562"/>
  <use xlink:href="#glyph1-22" x="13.325195" y="-23.421875"/>
  <use xlink:href="#glyph1-23" x="13.325195" y="-33.441406"/>
</g>
</g>
<g clip-path="url(#clip10)" clip-rule="nonzero">
<path style="fill-rule:nonzero;fill:rgb(100%,100%,100%);fill-opacity:1;stroke-width:0.5;stroke-linecap:round;stroke-linejoin:miter;stroke:rgb(0%,0%,0%);stroke-opacity:1;stroke-miterlimit:10;" d="M 128.816406 65.949219 L 285.503906 65.949219 L 285.503906 93.160156 L 128.816406 93.160156 Z M 128.816406 65.949219 "/>
</g>
<g clip-path="url(#clip11)" clip-rule="nonzero">
<path style="fill:none;stroke-width:0.9;stroke-linecap:round;stroke-linejoin:miter;stroke:rgb(0%,20%,40%);stroke-opacity:1;stroke-dasharray:0,1.8;stroke-miterlimit:10;" d="M 133.058594 74.648438 L 164.160156 74.648438 "/>
</g>
<g clip-path="url(#clip12)" clip-rule="nonzero">
<path style=" stroke:none;fill-rule:nonzero;fill:rgb(0%,20%,40%);fill-opacity:1;" d="M 148.609375 72.148438 L 151.109375 74.648438 L 148.609375 77.148438 L 146.109375 74.648438 Z M 148.609375 72.148438 "/>
</g>
<g clip-path="url(#clip13)" clip-rule="nonzero">
<path style="fill:none;stroke-width:0.2;stroke-linecap:square;stroke-linejoin:miter;stroke:rgb(0%,20%,40%);stroke-opacity:1;stroke-miterlimit:10;" d="M 0.0000363697 -0.999577 L 1.000036 0.000423297 L 0.0000363697 1.000423 L -0.999964 0.000423297 Z M 0.0000363697 -0.999577 " transform="matrix(2.5,0,0,2.5,148.609284,74.647379)"/>
</g>
<g clip-path="url(#clip14)" clip-rule="nonzero">
<path style="fill:none;stroke-width:1.3;stroke-linecap:round;stroke-linejoin:miter;stroke:rgb(0%,50.196078%,0%);stroke-opacity:1;stroke-miterlimit:10;" d="M 133.257812 84.460938 L 163.960938 84.460938 "/>
</g>
<g clip-path="url(#clip15)" clip-rule="nonzero">
<g style="fill:rgb(0%,0%,0%);fill-opacity:1;">
  <use xlink:href="#glyph2-20" x="4.042969" y="71.431641"/>
  <use xlink:href="#glyph2-4" x="12.837891" y="71.431641"/>
  <use xlink:href="#glyph2-15" x="18.755859" y="71.431641"/>
  <use xlink:href="#glyph2-21" x="27" y="71.431641"/>
  <use xlink:href="#glyph2-15" x="35.589844" y="71.431641"/>
  <use xlink:href="#glyph2-4" x="43.833984" y="71.431641"/>
  <use xlink:href="#glyph2-11" x="49.751953" y="71.431641"/>
  <use xlink:href="#glyph2-9" x="55.488281" y="71.431641"/>
  <use xlink:href="#glyph2-15" x="59.601562" y="71.431641"/>
  <use xlink:href="#glyph2-12" x="67.845703" y="71.431641"/>
  <use xlink:href="#glyph2-7" x="76.388672" y="71.431641"/>
  <use xlink:href="#glyph2-15" x="80.566406" y="71.431641"/>
  <use xlink:href="#glyph2-16" x="88.810547" y="71.431641"/>
  <use xlink:href="#glyph2-7" x="94.03125" y="71.431641"/>
  <use xlink:href="#glyph2-10" x="98.208984" y="71.431641"/>
  <use xlink:href="#glyph2-15" x="105.351562" y="71.431641"/>
  <use xlink:href="#glyph2-22" x="113.595703" y="71.431641"/>
  <use xlink:href="#glyph2-23" x="117.708984" y="71.431641"/>
  <use xlink:href="#glyph2-11" x="126.251953" y="71.431641"/>
  <use xlink:href="#glyph2-9" x="131.988281" y="71.431641"/>
  <use xlink:href="#glyph2-15" x="136.101562" y="71.431641"/>
  <use xlink:href="#glyph2-12" x="144.345703" y="71.431641"/>
  <use xlink:href="#glyph2-7" x="152.888672" y="71.431641"/>
  <use xlink:href="#glyph2-9" x="157.066406" y="71.431641"/>
  <use xlink:href="#glyph2-12" x="161.179688" y="71.431641"/>
  <use xlink:href="#glyph2-7" x="169.722656" y="71.431641"/>
  <use xlink:href="#glyph2-11" x="173.900391" y="71.431641"/>
  <use xlink:href="#glyph2-24" x="179.636719" y="71.431641"/>
  <use xlink:href="#glyph2-3" x="188.179688" y="71.431641"/>
  <use xlink:href="#glyph2-7" x="196.318359" y="71.431641"/>
  <use xlink:href="#glyph2-20" x="200.496094" y="71.431641"/>
  <use xlink:href="#glyph2-5" x="208.96875" y="71.431641"/>
  <use xlink:href="#glyph2-4" x="217.066406" y="71.431641"/>
  <use xlink:href="#glyph2-3" x="222.984375" y="71.431641"/>
  <use xlink:href="#glyph2-11" x="231.123047" y="71.431641"/>
  <use xlink:href="#glyph2-15" x="236.859375" y="71.431641"/>
  <use xlink:href="#glyph2-7" x="245.103516" y="71.431641"/>
  <use xlink:href="#glyph2-25" x="249.28125" y="71.431641"/>
  <use xlink:href="#glyph2-4" x="256.710938" y="71.431641"/>
  <use xlink:href="#glyph2-15" x="262.628906" y="71.431641"/>
</g>
</g>
</g>
</svg>
