c Instance Type c
c
n 4000
c w	 v1	 v2
i 700	 432 	 507 
i 31	 763 	 862 
i 870	 486 	 539 
i 361	 338 	 291 
i 646	 233 	 222 
i 655	 578 	 557 
i 645	 806 	 826 
i 176	 213 	 304 
i 18	 258 	 336 
i 606	 453 	 411 
i 967	 997 	 1095 
i 702	 888 	 793 
i 125	 886 	 965 
i 380	 678 	 629 
i 518	 914 	 994 
i 44	 424 	 435 
i 825	 776 	 716 
i 941	 423 	 398 
i 108	 385 	 364 
i 493	 290 	 190 
i 490	 552 	 645 
i 364	 548 	 582 
i 237	 570 	 629 
i 874	 478 	 413 
i 778	 706 	 744 
i 131	 620 	 667 
i 878	 227 	 239 
i 230	 407 	 407 
i 539	 744 	 766 
i 741	 207 	 127 
i 238	 209 	 227 
i 730	 182 	 273 
i 248	 778 	 716 
i 660	 596 	 509 
i 331	 753 	 822 
i 903	 481 	 576 
i 34	 247 	 318 
i 368	 747 	 664 
i 81	 306 	 331 
i 190	 849 	 822 
i 300	 941 	 961 
i 380	 580 	 547 
i 131	 542 	 558 
i 677	 715 	 663 
i 400	 776 	 790 
i 816	 640 	 635 
i 969	 620 	 622 
i 686	 493 	 568 
i 905	 569 	 660 
i 736	 236 	 165 
i 670	 562 	 551 
i 198	 211 	 276 
i 683	 509 	 600 
i 363	 138 	 165 
i 112	 354 	 261 
i 708	 863 	 933 
i 282	 398 	 462 
i 711	 852 	 853 
i 227	 744 	 726 
i 369	 707 	 636 
i 877	 839 	 902 
i 990	 348 	 251 
i 438	 195 	 235 
i 469	 158 	 70 
i 742	 723 	 658 
i 589	 755 	 831 
i 912	 624 	 557 
i 746	 466 	 541 
i 459	 917 	 837 
i 130	 395 	 389 
i 948	 528 	 497 
i 216	 368 	 335 
i 310	 383 	 438 
i 364	 117 	 66 
i 53	 174 	 271 
i 778	 331 	 346 
i 357	 228 	 226 
i 756	 375 	 322 
i 663	 265 	 304 
i 984	 357 	 422 
i 454	 777 	 831 
i 743	 199 	 296 
i 50	 501 	 460 
i 58	 303 	 335 
i 130	 523 	 566 
i 378	 513 	 511 
i 510	 138 	 208 
i 807	 575 	 596 
i 981	 786 	 740 
i 259	 516 	 466 
i 10	 360 	 401 
i 109	 159 	 149 
i 548	 149 	 149 
i 764	 415 	 426 
i 229	 116 	 153 
i 681	 752 	 665 
i 712	 302 	 317 
i 235	 170 	 146 
i 994	 709 	 681 
i 450	 949 	 973 
i 731	 286 	 312 
i 785	 916 	 964 
i 829	 428 	 385 
i 173	 874 	 784 
i 178	 482 	 438 
i 899	 206 	 298 
i 116	 265 	 300 
i 182	 776 	 857 
i 855	 228 	 308 
i 798	 552 	 522 
i 996	 217 	 134 
i 902	 779 	 853 
i 261	 549 	 589 
i 120	 806 	 880 
i 538	 853 	 763 
i 645	 215 	 305 
i 818	 182 	 95 
i 567	 782 	 731 
i 699	 702 	 622 
i 196	 617 	 697 
i 316	 932 	 1011 
i 68	 119 	 179 
i 561	 893 	 805 
i 343	 627 	 562 
i 179	 514 	 557 
i 296	 559 	 531 
i 376	 514 	 450 
i 132	 573 	 622 
i 797	 792 	 781 
i 367	 883 	 911 
i 291	 795 	 886 
i 301	 704 	 609 
i 181	 526 	 543 
i 761	 579 	 664 
i 215	 739 	 660 
i 719	 488 	 468 
i 174	 810 	 866 
i 693	 970 	 1052 
i 460	 745 	 786 
i 329	 253 	 168 
i 99	 824 	 797 
i 765	 787 	 820 
i 233	 810 	 879 
i 760	 442 	 463 
i 468	 380 	 444 
i 892	 476 	 484 
i 679	 835 	 878 
i 646	 640 	 622 
i 360	 561 	 635 
i 521	 302 	 241 
i 324	 370 	 329 
i 84	 696 	 608 
i 870	 400 	 359 
i 244	 265 	 176 
i 546	 807 	 811 
i 957	 652 	 635 
i 773	 246 	 165 
i 368	 884 	 932 
i 875	 360 	 280 
i 91	 245 	 269 
i 382	 422 	 511 
i 41	 686 	 592 
i 366	 743 	 823 
i 540	 117 	 45 
i 324	 167 	 205 
i 932	 633 	 662 
i 86	 114 	 98 
i 955	 199 	 256 
i 236	 858 	 891 
i 387	 949 	 1000 
i 737	 614 	 541 
i 385	 566 	 501 
i 96	 593 	 601 
i 103	 505 	 421 
i 167	 633 	 614 
i 753	 358 	 326 
i 757	 935 	 920 
i 857	 421 	 397 
i 698	 234 	 257 
i 642	 825 	 726 
i 208	 608 	 656 
i 721	 731 	 656 
i 264	 890 	 834 
i 707	 485 	 450 
i 296	 560 	 558 
i 574	 924 	 873 
i 502	 339 	 239 
i 850	 719 	 790 
i 989	 171 	 182 
i 793	 722 	 661 
i 353	 727 	 708 
i 51	 499 	 424 
i 926	 612 	 590 
i 348	 810 	 729 
i 853	 211 	 190 
i 769	 648 	 741 
i 26	 866 	 860 
i 710	 869 	 833 
i 778	 744 	 706 
i 466	 352 	 272 
i 160	 529 	 520 
i 597	 892 	 893 
i 161	 117 	 103 
i 948	 466 	 522 
i 62	 555 	 582 
i 666	 907 	 887 
i 516	 880 	 865 
i 369	 410 	 338 
i 83	 696 	 779 
i 354	 973 	 950 
i 825	 176 	 185 
i 704	 582 	 510 
i 712	 144 	 104 
i 113	 529 	 479 
i 612	 335 	 297 
i 508	 899 	 994 
i 373	 370 	 368 
i 710	 752 	 824 
i 369	 877 	 966 
i 338	 805 	 764 
i 412	 259 	 183 
i 942	 744 	 809 
i 979	 870 	 878 
i 450	 250 	 280 
i 702	 473 	 426 
i 590	 751 	 805 
i 881	 731 	 660 
i 603	 282 	 353 
i 465	 161 	 106 
i 247	 113 	 125 
i 413	 379 	 474 
i 126	 490 	 573 
i 979	 338 	 417 
i 137	 819 	 788 
i 544	 510 	 419 
i 265	 746 	 773 
i 963	 544 	 547 
i 156	 674 	 598 
i 213	 546 	 563 
i 215	 746 	 812 
i 518	 358 	 307 
i 944	 336 	 310 
i 201	 262 	 232 
i 997	 170 	 167 
i 446	 478 	 384 
i 161	 522 	 481 
i 648	 201 	 153 
i 282	 663 	 646 
i 771	 772 	 797 
i 486	 406 	 474 
i 764	 258 	 230 
i 18	 478 	 439 
i 189	 808 	 809 
i 256	 232 	 232 
i 670	 666 	 756 
i 133	 695 	 617 
i 234	 959 	 1010 
i 855	 301 	 208 
i 599	 671 	 733 
i 931	 341 	 300 
i 98	 203 	 115 
i 510	 524 	 439 
i 295	 796 	 749 
i 432	 358 	 362 
i 57	 806 	 744 
i 713	 761 	 726 
i 668	 860 	 872 
i 882	 645 	 628 
i 513	 681 	 584 
i 772	 513 	 602 
i 876	 777 	 685 
i 342	 832 	 842 
i 113	 903 	 972 
i 391	 253 	 209 
i 174	 719 	 686 
i 905	 891 	 801 
i 748	 293 	 336 
i 350	 791 	 811 
i 991	 272 	 194 
i 444	 286 	 363 
i 194	 239 	 291 
i 6	 278 	 198 
i 896	 770 	 713 
i 57	 637 	 658 
i 740	 887 	 943 
i 619	 298 	 335 
i 823	 344 	 331 
i 589	 983 	 1040 
i 770	 629 	 684 
i 967	 731 	 675 
i 112	 630 	 612 
i 300	 420 	 403 
i 43	 514 	 477 
i 634	 707 	 681 
i 507	 360 	 282 
i 717	 167 	 213 
i 980	 778 	 789 
i 961	 277 	 206 
i 545	 976 	 1059 
i 243	 778 	 854 
i 827	 975 	 1074 
i 176	 454 	 413 
i 629	 828 	 795 
i 301	 220 	 314 
i 581	 552 	 547 
i 644	 653 	 592 
i 395	 415 	 350 
i 583	 910 	 837 
i 557	 150 	 186 
i 308	 964 	 1049 
i 280	 861 	 911 
i 666	 857 	 942 
i 473	 231 	 242 
i 597	 532 	 603 
i 94	 507 	 495 
i 703	 932 	 848 
i 46	 218 	 213 
i 944	 375 	 287 
i 989	 497 	 520 
i 949	 216 	 301 
i 794	 149 	 90 
i 634	 819 	 893 
i 770	 756 	 725 
i 244	 363 	 451 
i 689	 238 	 145 
i 614	 629 	 676 
i 734	 704 	 761 
i 32	 241 	 287 
i 467	 296 	 339 
i 585	 846 	 879 
i 629	 781 	 773 
i 426	 965 	 884 
i 152	 852 	 925 
i 436	 270 	 192 
i 579	 220 	 280 
i 163	 252 	 234 
i 829	 909 	 838 
i 976	 718 	 654 
i 186	 478 	 507 
i 14	 229 	 175 
i 767	 824 	 896 
i 728	 347 	 304 
i 562	 434 	 421 
i 741	 317 	 392 
i 864	 416 	 406 
i 23	 239 	 262 
i 921	 608 	 597 
i 604	 741 	 725 
i 18	 902 	 923 
i 151	 589 	 613 
i 953	 796 	 773 
i 220	 674 	 597 
i 583	 929 	 964 
i 815	 431 	 414 
i 159	 320 	 276 
i 304	 724 	 685 
i 864	 383 	 328 
i 573	 780 	 846 
i 464	 267 	 336 
i 3	 807 	 707 
i 773	 470 	 560 
i 407	 815 	 749 
i 328	 918 	 969 
i 689	 632 	 646 
i 924	 116 	 162 
i 615	 369 	 276 
i 922	 642 	 721 
i 675	 844 	 838 
i 851	 695 	 782 
i 634	 562 	 649 
i 39	 563 	 605 
i 831	 522 	 445 
i 739	 676 	 665 
i 327	 460 	 387 
i 333	 968 	 880 
i 624	 729 	 764 
i 222	 760 	 779 
i 48	 671 	 626 
i 705	 202 	 127 
i 213	 145 	 197 
i 721	 980 	 1039 
i 184	 724 	 750 
i 820	 830 	 804 
i 213	 340 	 379 
i 178	 461 	 366 
i 873	 516 	 546 
i 604	 229 	 304 
i 234	 762 	 846 
i 337	 117 	 142 
i 376	 230 	 297 
i 353	 906 	 918 
i 44	 728 	 776 
i 853	 399 	 411 
i 111	 729 	 784 
i 505	 459 	 549 
i 961	 485 	 550 
i 95	 177 	 163 
i 826	 955 	 988 
i 834	 886 	 786 
i 968	 555 	 530 
i 863	 412 	 458 
i 558	 911 	 965 
i 883	 684 	 709 
i 578	 297 	 344 
i 970	 988 	 936 
i 392	 948 	 888 
i 467	 795 	 754 
i 417	 289 	 214 
i 290	 881 	 972 
i 789	 883 	 968 
i 129	 329 	 387 
i 30	 979 	 949 
i 675	 778 	 724 
i 884	 447 	 509 
i 871	 214 	 270 
i 813	 430 	 364 
i 583	 612 	 640 
i 784	 877 	 788 
i 651	 989 	 958 
i 520	 953 	 880 
i 766	 890 	 843 
i 743	 705 	 664 
i 494	 127 	 221 
i 871	 335 	 406 
i 988	 168 	 213 
i 348	 864 	 872 
i 911	 130 	 55 
i 773	 701 	 782 
i 761	 753 	 765 
i 709	 174 	 90 
i 586	 298 	 367 
i 255	 535 	 552 
i 274	 800 	 716 
i 526	 775 	 865 
i 591	 647 	 735 
i 439	 406 	 364 
i 462	 888 	 828 
i 126	 999 	 1094 
i 848	 918 	 965 
i 920	 528 	 517 
i 131	 599 	 505 
i 609	 463 	 420 
i 384	 987 	 998 
i 132	 172 	 89 
i 735	 132 	 167 
i 68	 970 	 893 
i 941	 339 	 354 
i 940	 518 	 558 
i 849	 497 	 507 
i 319	 263 	 257 
i 869	 659 	 679 
i 266	 688 	 630 
i 252	 943 	 962 
i 321	 551 	 596 
i 345	 628 	 620 
i 312	 341 	 347 
i 569	 444 	 438 
i 29	 958 	 940 
i 462	 695 	 647 
i 633	 298 	 314 
i 251	 718 	 708 
i 900	 366 	 409 
i 836	 556 	 650 
i 332	 198 	 156 
i 913	 846 	 873 
i 173	 370 	 459 
i 548	 843 	 846 
i 502	 375 	 384 
i 160	 744 	 645 
i 370	 979 	 1007 
i 54	 609 	 687 
i 341	 122 	 180 
i 842	 761 	 786 
i 940	 734 	 826 
i 767	 993 	 1068 
i 59	 670 	 579 
i 882	 624 	 643 
i 180	 195 	 114 
i 892	 680 	 631 
i 869	 687 	 712 
i 430	 368 	 404 
i 443	 272 	 176 
i 174	 977 	 1049 
i 875	 648 	 708 
i 867	 614 	 628 
i 497	 503 	 529 
i 74	 545 	 547 
i 169	 186 	 224 
i 809	 273 	 290 
i 457	 502 	 493 
i 747	 172 	 249 
i 929	 778 	 743 
i 904	 798 	 798 
i 508	 678 	 653 
i 75	 505 	 453 
i 516	 124 	 172 
i 5	 685 	 747 
i 90	 253 	 349 
i 273	 870 	 928 
i 713	 502 	 451 
i 782	 907 	 1006 
i 533	 804 	 889 
i 307	 207 	 272 
i 944	 652 	 619 
i 388	 987 	 969 
i 404	 315 	 400 
i 50	 973 	 1059 
i 210	 808 	 712 
i 64	 794 	 753 
i 504	 609 	 510 
i 399	 831 	 889 
i 180	 828 	 792 
i 288	 762 	 788 
i 897	 611 	 625 
i 882	 911 	 1003 
i 112	 389 	 362 
i 83	 326 	 309 
i 867	 266 	 291 
i 636	 286 	 324 
i 197	 548 	 486 
i 8	 556 	 574 
i 814	 370 	 424 
i 548	 658 	 570 
i 111	 330 	 421 
i 12	 841 	 909 
i 325	 808 	 898 
i 567	 244 	 151 
i 742	 615 	 695 
i 939	 282 	 289 
i 432	 896 	 942 
i 933	 180 	 228 
i 226	 707 	 718 
i 842	 506 	 426 
i 89	 560 	 502 
i 910	 523 	 468 
i 694	 381 	 391 
i 845	 339 	 262 
i 412	 370 	 442 
i 606	 284 	 343 
i 489	 762 	 708 
i 567	 526 	 459 
i 239	 297 	 275 
i 682	 792 	 738 
i 188	 884 	 848 
i 651	 186 	 132 
i 955	 387 	 472 
i 213	 877 	 931 
i 506	 982 	 918 
i 700	 858 	 915 
i 433	 680 	 635 
i 900	 886 	 955 
i 111	 143 	 59 
i 876	 491 	 544 
i 747	 698 	 788 
i 831	 984 	 1005 
i 143	 300 	 312 
i 5	 235 	 290 
i 984	 921 	 877 
i 825	 195 	 291 
i 465	 897 	 879 
i 337	 256 	 219 
i 374	 119 	 104 
i 802	 194 	 154 
i 463	 875 	 784 
i 445	 835 	 911 
i 658	 485 	 389 
i 798	 985 	 890 
i 710	 786 	 688 
i 805	 146 	 213 
i 690	 130 	 90 
i 853	 498 	 526 
i 863	 779 	 681 
i 956	 268 	 331 
i 817	 537 	 492 
i 632	 581 	 625 
i 55	 475 	 451 
i 39	 496 	 432 
i 797	 521 	 599 
i 838	 532 	 571 
i 859	 388 	 365 
i 296	 658 	 606 
i 48	 338 	 258 
i 226	 352 	 264 
i 705	 189 	 264 
i 235	 438 	 439 
i 645	 193 	 205 
i 79	 534 	 554 
i 540	 695 	 674 
i 15	 599 	 546 
i 327	 329 	 248 
i 943	 673 	 651 
i 200	 887 	 875 
i 471	 979 	 1012 
i 559	 143 	 117 
i 928	 923 	 944 
i 22	 487 	 437 
i 497	 988 	 953 
i 155	 634 	 707 
i 704	 989 	 1065 
i 950	 312 	 254 
i 584	 398 	 328 
i 457	 748 	 718 
i 434	 251 	 316 
i 471	 844 	 820 
i 385	 285 	 247 
i 808	 824 	 790 
i 795	 158 	 224 
i 385	 450 	 547 
i 374	 334 	 372 
i 600	 232 	 260 
i 923	 420 	 364 
i 640	 557 	 593 
i 798	 872 	 795 
i 623	 717 	 734 
i 819	 170 	 264 
i 622	 448 	 503 
i 675	 744 	 759 
i 58	 594 	 685 
i 309	 582 	 548 
i 446	 306 	 392 
i 793	 876 	 947 
i 296	 187 	 186 
i 153	 793 	 752 
i 834	 896 	 979 
i 900	 528 	 575 
i 280	 503 	 475 
i 992	 307 	 213 
i 537	 818 	 736 
i 67	 782 	 762 
i 287	 190 	 259 
i 149	 130 	 158 
i 235	 892 	 979 
i 4	 445 	 362 
i 886	 708 	 792 
i 357	 636 	 700 
i 798	 403 	 323 
i 19	 723 	 642 
i 814	 755 	 781 
i 570	 837 	 877 
i 659	 304 	 401 
i 681	 168 	 95 
i 560	 738 	 712 
i 935	 681 	 655 
i 608	 759 	 711 
i 199	 691 	 714 
i 528	 534 	 517 
i 218	 625 	 612 
i 941	 711 	 660 
i 758	 385 	 448 
i 976	 118 	 113 
i 42	 996 	 927 
i 747	 228 	 271 
i 389	 558 	 589 
i 119	 891 	 843 
i 771	 234 	 226 
i 247	 783 	 881 
i 826	 264 	 205 
i 502	 651 	 580 
i 810	 873 	 954 
i 819	 713 	 789 
i 815	 250 	 335 
i 947	 392 	 426 
i 451	 143 	 55 
i 329	 726 	 662 
i 467	 960 	 1050 
i 224	 482 	 421 
i 397	 473 	 378 
i 6	 658 	 663 
i 863	 791 	 758 
i 541	 709 	 640 
i 697	 606 	 700 
i 14	 541 	 625 
i 50	 251 	 225 
i 741	 306 	 346 
i 697	 467 	 400 
i 115	 425 	 403 
i 523	 602 	 659 
i 138	 625 	 683 
i 903	 205 	 236 
i 576	 506 	 445 
i 134	 646 	 725 
i 617	 622 	 703 
i 775	 551 	 642 
i 995	 882 	 921 
i 397	 616 	 595 
i 751	 766 	 768 
i 304	 225 	 131 
i 883	 927 	 861 
i 989	 744 	 658 
i 434	 440 	 470 
i 37	 616 	 672 
i 611	 522 	 502 
i 108	 441 	 376 
i 975	 403 	 337 
i 544	 136 	 149 
i 281	 488 	 451 
i 410	 943 	 967 
i 329	 972 	 973 
i 42	 236 	 235 
i 412	 302 	 388 
i 979	 880 	 973 
i 443	 688 	 703 
i 814	 155 	 192 
i 144	 312 	 344 
i 173	 464 	 405 
i 598	 969 	 966 
i 534	 363 	 442 
i 503	 917 	 862 
i 644	 478 	 431 
i 860	 919 	 954 
i 726	 857 	 888 
i 375	 828 	 748 
i 426	 453 	 536 
i 652	 173 	 85 
i 50	 761 	 707 
i 15	 944 	 1010 
i 300	 488 	 460 
i 207	 396 	 469 
i 620	 597 	 599 
i 530	 834 	 808 
i 370	 548 	 467 
i 177	 244 	 238 
i 562	 335 	 414 
i 632	 260 	 270 
i 365	 313 	 333 
i 303	 520 	 543 
i 726	 370 	 452 
i 49	 695 	 619 
i 595	 577 	 625 
i 409	 144 	 98 
i 901	 475 	 503 
i 52	 563 	 626 
i 304	 983 	 959 
i 472	 894 	 796 
i 700	 494 	 469 
i 161	 139 	 174 
i 453	 686 	 667 
i 111	 610 	 600 
i 635	 718 	 627 
i 673	 488 	 479 
i 84	 730 	 701 
i 592	 412 	 394 
i 574	 250 	 293 
i 455	 588 	 525 
i 886	 599 	 676 
i 918	 935 	 844 
i 566	 650 	 650 
i 128	 122 	 144 
i 811	 526 	 475 
i 237	 570 	 653 
i 933	 977 	 877 
i 272	 408 	 426 
i 429	 773 	 706 
i 966	 520 	 544 
i 516	 686 	 687 
i 443	 586 	 571 
i 50	 629 	 727 
i 63	 186 	 110 
i 530	 729 	 815 
i 47	 949 	 882 
i 22	 877 	 797 
i 355	 880 	 854 
i 101	 520 	 580 
i 561	 669 	 723 
i 210	 334 	 291 
i 744	 787 	 832 
i 327	 278 	 333 
i 412	 272 	 340 
i 108	 381 	 355 
i 51	 321 	 304 
i 912	 472 	 459 
i 778	 563 	 621 
i 239	 896 	 974 
i 867	 722 	 713 
i 119	 518 	 551 
i 879	 772 	 753 
i 69	 531 	 578 
i 250	 334 	 263 
i 554	 193 	 144 
i 790	 522 	 483 
i 197	 893 	 836 
i 705	 393 	 492 
i 589	 209 	 156 
i 278	 115 	 35 
i 735	 520 	 464 
i 479	 223 	 143 
i 952	 586 	 520 
i 204	 352 	 336 
i 297	 484 	 578 
i 760	 711 	 764 
i 640	 983 	 1075 
i 958	 289 	 322 
i 70	 287 	 238 
i 75	 497 	 503 
i 536	 589 	 542 
i 662	 787 	 836 
i 198	 878 	 918 
i 469	 140 	 221 
i 889	 514 	 454 
i 565	 491 	 583 
i 546	 283 	 303 
i 747	 249 	 260 
i 945	 842 	 867 
i 381	 181 	 221 
i 918	 656 	 603 
i 680	 896 	 976 
i 543	 673 	 592 
i 576	 407 	 420 
i 31	 322 	 313 
i 459	 502 	 406 
i 652	 467 	 480 
i 808	 113 	 76 
i 631	 610 	 562 
i 710	 280 	 308 
i 325	 905 	 917 
i 209	 229 	 176 
i 841	 141 	 197 
i 175	 229 	 200 
i 413	 733 	 710 
i 852	 250 	 319 
i 254	 269 	 269 
i 257	 774 	 735 
i 818	 165 	 253 
i 10	 397 	 427 
i 903	 967 	 1062 
i 37	 576 	 512 
i 72	 789 	 694 
i 205	 596 	 535 
i 904	 915 	 937 
i 62	 373 	 366 
i 240	 239 	 282 
i 985	 684 	 779 
i 47	 960 	 1018 
i 369	 907 	 967 
i 332	 596 	 637 
i 854	 575 	 623 
i 617	 739 	 801 
i 163	 761 	 664 
i 69	 938 	 1022 
i 363	 594 	 691 
i 507	 118 	 63 
i 153	 758 	 700 
i 108	 736 	 687 
i 4	 554 	 579 
i 550	 379 	 470 
i 73	 119 	 181 
i 779	 780 	 766 
i 511	 616 	 634 
i 442	 633 	 665 
i 985	 565 	 470 
i 994	 553 	 559 
i 722	 754 	 791 
i 426	 942 	 1000 
i 924	 283 	 342 
i 227	 840 	 809 
i 237	 803 	 786 
i 989	 637 	 576 
i 558	 131 	 172 
i 146	 659 	 589 
i 657	 358 	 285 
i 155	 381 	 307 
i 877	 854 	 924 
i 813	 574 	 529 
i 7	 390 	 330 
i 827	 210 	 195 
i 607	 518 	 551 
i 200	 891 	 921 
i 223	 178 	 120 
i 840	 808 	 779 
i 119	 942 	 845 
i 423	 175 	 108 
i 259	 291 	 200 
i 780	 160 	 232 
i 95	 407 	 480 
i 207	 586 	 624 
i 664	 967 	 927 
i 542	 670 	 670 
i 618	 363 	 407 
i 403	 552 	 564 
i 338	 871 	 907 
i 411	 884 	 805 
i 613	 146 	 119 
i 668	 188 	 117 
i 2	 953 	 901 
i 537	 835 	 824 
i 501	 563 	 485 
i 130	 832 	 862 
i 414	 389 	 343 
i 910	 145 	 179 
i 765	 647 	 549 
i 636	 365 	 349 
i 676	 460 	 367 
i 763	 784 	 824 
i 711	 914 	 955 
i 525	 239 	 187 
i 35	 636 	 684 
i 846	 736 	 810 
i 160	 428 	 385 
i 198	 669 	 608 
i 801	 380 	 472 
i 88	 391 	 410 
i 480	 767 	 722 
i 239	 799 	 706 
i 143	 536 	 585 
i 287	 275 	 229 
i 878	 492 	 453 
i 581	 264 	 195 
i 938	 152 	 115 
i 567	 408 	 410 
i 870	 584 	 546 
i 185	 552 	 532 
i 923	 196 	 272 
i 697	 441 	 365 
i 177	 476 	 428 
i 362	 253 	 262 
i 790	 498 	 483 
i 963	 773 	 674 
i 11	 911 	 1000 
i 345	 303 	 305 
i 877	 759 	 735 
i 374	 149 	 162 
i 470	 505 	 503 
i 842	 400 	 337 
i 253	 507 	 480 
i 413	 740 	 785 
i 848	 340 	 343 
i 594	 719 	 715 
i 495	 727 	 725 
i 711	 681 	 748 
i 440	 249 	 291 
i 483	 591 	 508 
i 926	 209 	 220 
i 253	 647 	 627 
i 698	 815 	 845 
i 407	 252 	 165 
i 665	 899 	 982 
i 350	 472 	 473 
i 44	 901 	 801 
i 684	 450 	 493 
i 840	 306 	 237 
i 381	 941 	 968 
i 492	 131 	 143 
i 95	 628 	 691 
i 887	 984 	 987 
i 47	 677 	 761 
i 933	 736 	 753 
i 340	 662 	 749 
i 229	 226 	 322 
i 611	 230 	 263 
i 830	 866 	 867 
i 764	 115 	 192 
i 787	 682 	 657 
i 370	 295 	 289 
i 353	 133 	 105 
i 989	 591 	 572 
i 693	 523 	 491 
i 313	 157 	 193 
i 443	 990 	 1072 
i 577	 974 	 978 
i 427	 676 	 646 
i 432	 238 	 161 
i 75	 138 	 218 
i 282	 475 	 429 
i 307	 896 	 921 
i 848	 328 	 351 
i 312	 691 	 652 
i 365	 995 	 1019 
i 354	 712 	 624 
i 325	 633 	 661 
i 961	 207 	 120 
i 105	 520 	 519 
i 136	 623 	 637 
i 545	 538 	 609 
i 429	 781 	 713 
i 674	 448 	 350 
i 327	 995 	 959 
i 322	 380 	 417 
i 998	 932 	 840 
i 586	 989 	 962 
i 695	 670 	 635 
i 156	 731 	 717 
i 732	 286 	 299 
i 213	 796 	 718 
i 967	 668 	 676 
i 347	 813 	 756 
i 342	 823 	 831 
i 645	 221 	 294 
i 570	 833 	 905 
i 558	 870 	 860 
i 188	 307 	 236 
i 885	 599 	 559 
i 82	 985 	 891 
i 853	 601 	 550 
i 480	 703 	 645 
i 270	 297 	 309 
i 72	 491 	 571 
i 196	 975 	 984 
i 9	 856 	 779 
i 862	 736 	 771 
i 84	 247 	 319 
i 633	 377 	 426 
i 616	 644 	 709 
i 169	 674 	 710 
i 835	 893 	 825 
i 45	 194 	 180 
i 472	 692 	 692 
i 445	 605 	 645 
i 283	 203 	 244 
i 986	 307 	 321 
i 141	 907 	 937 
i 440	 785 	 742 
i 41	 561 	 641 
i 674	 409 	 323 
i 555	 127 	 208 
i 649	 271 	 361 
i 303	 656 	 640 
i 859	 216 	 289 
i 963	 838 	 768 
i 185	 579 	 506 
i 81	 197 	 152 
i 839	 779 	 822 
i 346	 145 	 196 
i 682	 947 	 933 
i 700	 122 	 219 
i 881	 928 	 955 
i 495	 885 	 972 
i 613	 373 	 432 
i 432	 256 	 308 
i 958	 391 	 480 
i 57	 513 	 418 
i 807	 761 	 834 
i 846	 510 	 452 
i 787	 296 	 375 
i 800	 681 	 700 
i 720	 670 	 665 
i 591	 348 	 442 
i 886	 294 	 311 
i 51	 115 	 18 
i 365	 793 	 888 
i 818	 746 	 652 
i 549	 771 	 838 
i 998	 653 	 690 
i 207	 843 	 837 
i 848	 750 	 704 
i 478	 390 	 488 
i 745	 814 	 831 
i 951	 789 	 783 
i 957	 420 	 424 
i 725	 435 	 512 
i 440	 413 	 454 
i 184	 441 	 391 
i 793	 299 	 249 
i 617	 909 	 901 
i 336	 440 	 401 
i 650	 684 	 741 
i 442	 678 	 684 
i 205	 310 	 306 
i 552	 729 	 717 
i 917	 304 	 237 
i 258	 204 	 225 
i 630	 831 	 888 
i 842	 168 	 184 
i 739	 393 	 333 
i 111	 803 	 810 
i 755	 189 	 126 
i 394	 888 	 913 
i 618	 473 	 539 
i 314	 903 	 880 
i 531	 406 	 366 
i 636	 553 	 565 
i 446	 203 	 141 
i 510	 906 	 812 
i 828	 535 	 589 
i 607	 714 	 790 
i 695	 302 	 329 
i 570	 469 	 375 
i 977	 139 	 168 
i 869	 880 	 972 
i 201	 334 	 332 
i 699	 603 	 528 
i 803	 213 	 228 
i 698	 382 	 299 
i 176	 411 	 493 
i 855	 208 	 212 
i 71	 993 	 936 
i 474	 671 	 728 
i 507	 700 	 753 
i 373	 388 	 414 
i 624	 356 	 422 
i 179	 795 	 801 
i 294	 911 	 878 
i 599	 534 	 441 
i 936	 610 	 552 
i 47	 534 	 447 
i 39	 998 	 925 
i 669	 302 	 324 
i 332	 113 	 36 
i 644	 793 	 791 
i 920	 468 	 391 
i 690	 321 	 279 
i 591	 796 	 813 
i 67	 207 	 144 
i 629	 239 	 163 
i 106	 428 	 361 
i 104	 487 	 428 
i 319	 610 	 685 
i 322	 265 	 206 
i 90	 371 	 441 
i 492	 808 	 862 
i 728	 910 	 902 
i 499	 283 	 194 
i 608	 805 	 729 
i 753	 970 	 1020 
i 110	 190 	 261 
i 534	 340 	 431 
i 96	 525 	 480 
i 270	 416 	 436 
i 563	 601 	 639 
i 347	 471 	 407 
i 247	 270 	 352 
i 441	 682 	 664 
i 222	 731 	 634 
i 189	 840 	 894 
i 279	 618 	 694 
i 537	 490 	 473 
i 4	 454 	 456 
i 347	 702 	 758 
i 898	 347 	 315 
i 304	 961 	 999 
i 483	 234 	 321 
i 126	 154 	 129 
i 824	 519 	 539 
i 645	 536 	 593 
i 216	 333 	 246 
i 643	 228 	 248 
i 30	 598 	 619 
i 694	 164 	 254 
i 959	 859 	 929 
i 916	 276 	 207 
i 55	 890 	 918 
i 104	 835 	 888 
i 563	 283 	 301 
i 42	 816 	 763 
i 292	 628 	 618 
i 424	 688 	 606 
i 972	 337 	 261 
i 33	 878 	 941 
i 873	 838 	 893 
i 60	 707 	 745 
i 937	 847 	 896 
i 752	 527 	 597 
i 946	 319 	 302 
i 740	 844 	 835 
i 323	 165 	 214 
i 972	 566 	 500 
i 228	 650 	 579 
i 91	 761 	 696 
i 908	 599 	 509 
i 580	 401 	 323 
i 409	 129 	 38 
i 877	 794 	 854 
i 112	 662 	 711 
i 937	 143 	 140 
i 998	 549 	 611 
i 511	 327 	 383 
i 119	 481 	 383 
i 849	 611 	 531 
i 399	 769 	 670 
i 726	 816 	 833 
i 746	 915 	 1014 
i 515	 958 	 1033 
i 136	 782 	 879 
i 173	 558 	 642 
i 666	 991 	 1075 
i 909	 823 	 809 
i 327	 630 	 640 
i 889	 639 	 619 
i 631	 729 	 789 
i 424	 738 	 743 
i 329	 373 	 327 
i 283	 372 	 429 
i 38	 261 	 345 
i 541	 250 	 169 
i 532	 183 	 235 
i 333	 114 	 148 
i 917	 500 	 599 
i 512	 991 	 1068 
i 208	 459 	 462 
i 914	 281 	 369 
i 210	 749 	 703 
i 504	 991 	 1001 
i 673	 803 	 821 
i 830	 735 	 661 
i 912	 820 	 852 
i 916	 609 	 708 
i 355	 317 	 399 
i 345	 315 	 300 
i 736	 215 	 241 
i 928	 676 	 685 
i 646	 624 	 675 
i 637	 865 	 817 
i 416	 468 	 555 
i 118	 993 	 1046 
i 916	 221 	 256 
i 477	 812 	 831 
i 708	 809 	 899 
i 938	 733 	 692 
i 57	 224 	 130 
i 692	 788 	 880 
i 271	 387 	 408 
i 120	 173 	 121 
i 521	 406 	 438 
i 514	 349 	 404 
i 638	 141 	 179 
i 427	 745 	 679 
i 214	 385 	 460 
i 913	 341 	 404 
i 42	 604 	 678 
i 803	 632 	 645 
i 115	 597 	 664 
i 185	 248 	 339 
i 517	 465 	 460 
i 784	 163 	 261 
i 819	 854 	 880 
i 532	 582 	 493 
i 841	 734 	 688 
i 101	 627 	 563 
i 655	 465 	 410 
i 242	 354 	 259 
i 789	 858 	 786 
i 944	 714 	 679 
i 343	 676 	 745 
i 402	 212 	 238 
i 239	 204 	 193 
i 769	 765 	 861 
i 471	 816 	 880 
i 53	 168 	 252 
i 451	 332 	 347 
i 724	 533 	 597 
i 565	 560 	 581 
i 244	 688 	 698 
i 879	 980 	 1059 
i 993	 843 	 802 
i 99	 514 	 521 
i 835	 913 	 874 
i 629	 897 	 952 
i 693	 739 	 805 
i 943	 670 	 626 
i 419	 295 	 196 
i 923	 135 	 149 
i 573	 677 	 739 
i 551	 280 	 318 
i 375	 188 	 225 
i 828	 453 	 510 
i 731	 931 	 955 
i 616	 314 	 264 
i 323	 117 	 205 
i 952	 855 	 932 
i 161	 216 	 177 
i 188	 221 	 166 
i 825	 729 	 789 
i 17	 564 	 534 
i 104	 292 	 337 
i 489	 904 	 915 
i 412	 714 	 671 
i 641	 378 	 458 
i 648	 600 	 545 
i 486	 550 	 485 
i 605	 449 	 416 
i 729	 721 	 726 
i 425	 924 	 894 
i 934	 748 	 721 
i 140	 173 	 167 
i 32	 820 	 912 
i 710	 426 	 400 
i 11	 682 	 584 
i 561	 597 	 629 
i 56	 798 	 727 
i 437	 957 	 1007 
i 123	 369 	 365 
i 39	 838 	 919 
i 755	 262 	 330 
i 825	 590 	 686 
i 624	 121 	 23 
i 979	 975 	 1019 
i 622	 417 	 463 
i 170	 429 	 387 
i 942	 129 	 99 
i 894	 260 	 317 
i 186	 929 	 1011 
i 4	 469 	 558 
i 175	 386 	 426 
i 714	 245 	 251 
i 725	 228 	 158 
i 698	 239 	 165 
i 43	 881 	 932 
i 401	 644 	 729 
i 421	 906 	 979 
i 590	 329 	 381 
i 511	 140 	 229 
i 913	 950 	 1040 
i 224	 904 	 829 
i 375	 641 	 708 
i 507	 224 	 237 
i 651	 361 	 313 
i 518	 479 	 440 
i 119	 262 	 303 
i 14	 196 	 121 
i 260	 967 	 1010 
i 293	 755 	 700 
i 237	 709 	 637 
i 130	 666 	 639 
i 727	 778 	 826 
i 854	 636 	 585 
i 136	 249 	 328 
i 551	 483 	 466 
i 721	 754 	 761 
i 817	 494 	 503 
i 780	 607 	 668 
i 506	 357 	 277 
i 179	 560 	 527 
i 803	 686 	 679 
i 554	 123 	 62 
i 146	 781 	 691 
i 301	 113 	 50 
i 720	 912 	 959 
i 444	 395 	 386 
i 875	 871 	 826 
i 434	 470 	 381 
i 711	 300 	 312 
i 216	 391 	 439 
i 863	 693 	 701 
i 877	 221 	 140 
i 632	 395 	 343 
i 634	 440 	 448 
i 537	 606 	 558 
i 856	 372 	 413 
i 711	 779 	 795 
i 117	 135 	 38 
i 330	 184 	 229 
i 645	 684 	 772 
i 301	 453 	 514 
i 424	 936 	 973 
i 744	 135 	 98 
i 116	 351 	 441 
i 672	 836 	 833 
i 966	 182 	 150 
i 719	 812 	 723 
i 746	 442 	 376 
i 829	 458 	 458 
i 474	 216 	 145 
i 859	 167 	 156 
i 788	 885 	 959 
i 815	 605 	 628 
i 86	 887 	 933 
i 901	 844 	 824 
i 981	 389 	 363 
i 770	 696 	 614 
i 144	 745 	 812 
i 533	 899 	 932 
i 652	 456 	 384 
i 716	 587 	 487 
i 587	 986 	 1043 
i 144	 872 	 892 
i 18	 532 	 569 
i 843	 294 	 312 
i 157	 653 	 667 
i 814	 984 	 952 
i 529	 175 	 172 
i 415	 920 	 823 
i 804	 623 	 657 
i 341	 749 	 726 
i 325	 749 	 843 
i 182	 560 	 483 
i 655	 207 	 134 
i 861	 819 	 914 
i 472	 455 	 382 
i 454	 964 	 1054 
i 527	 379 	 374 
i 437	 811 	 889 
i 15	 828 	 867 
i 732	 536 	 443 
i 450	 881 	 853 
i 955	 858 	 867 
i 65	 964 	 904 
i 862	 197 	 109 
i 250	 178 	 184 
i 209	 299 	 396 
i 511	 255 	 258 
i 299	 681 	 771 
i 107	 588 	 681 
i 585	 320 	 359 
i 452	 355 	 284 
i 293	 678 	 599 
i 253	 275 	 208 
i 350	 453 	 359 
i 426	 508 	 464 
i 638	 983 	 981 
i 801	 973 	 873 
i 443	 542 	 502 
i 980	 500 	 481 
i 216	 471 	 569 
i 491	 204 	 192 
i 130	 337 	 384 
i 314	 430 	 527 
i 699	 581 	 548 
i 147	 609 	 662 
i 129	 859 	 839 
i 99	 406 	 346 
i 584	 408 	 437 
i 23	 675 	 700 
i 428	 148 	 216 
i 533	 141 	 108 
i 787	 535 	 527 
i 147	 301 	 356 
i 676	 292 	 287 
i 237	 593 	 618 
i 80	 385 	 435 
i 412	 744 	 814 
i 746	 926 	 913 
i 381	 613 	 604 
i 423	 283 	 360 
i 457	 145 	 128 
i 934	 443 	 384 
i 148	 856 	 826 
i 352	 659 	 564 
i 894	 195 	 148 
i 204	 751 	 720 
i 915	 532 	 583 
i 833	 400 	 400 
i 399	 787 	 863 
i 592	 305 	 266 
i 631	 203 	 255 
i 5	 575 	 614 
i 843	 758 	 827 
i 460	 182 	 121 
i 555	 207 	 125 
i 276	 444 	 403 
i 749	 751 	 693 
i 76	 535 	 443 
i 836	 983 	 971 
i 56	 880 	 787 
i 160	 264 	 297 
i 682	 943 	 977 
i 410	 675 	 677 
i 491	 538 	 632 
i 600	 714 	 720 
i 974	 796 	 857 
i 694	 170 	 181 
i 172	 358 	 384 
i 153	 398 	 391 
i 19	 792 	 796 
i 192	 823 	 859 
i 128	 527 	 500 
i 763	 235 	 290 
i 244	 692 	 645 
i 923	 670 	 743 
i 694	 252 	 320 
i 762	 969 	 975 
i 41	 574 	 615 
i 364	 247 	 318 
i 131	 663 	 738 
i 932	 239 	 152 
i 401	 846 	 785 
i 540	 282 	 374 
i 195	 971 	 911 
i 823	 318 	 243 
i 983	 199 	 263 
i 949	 946 	 962 
i 471	 532 	 556 
i 624	 272 	 369 
i 245	 147 	 70 
i 390	 927 	 837 
i 217	 989 	 979 
i 409	 275 	 373 
i 377	 240 	 177 
i 610	 422 	 324 
i 710	 535 	 633 
i 650	 377 	 465 
i 125	 896 	 878 
i 305	 562 	 469 
i 346	 552 	 508 
i 265	 658 	 692 
i 253	 704 	 781 
i 437	 217 	 176 
i 583	 211 	 246 
i 932	 377 	 334 
i 410	 387 	 486 
i 709	 382 	 411 
i 593	 332 	 386 
i 101	 700 	 615 
i 598	 734 	 718 
i 215	 986 	 1023 
i 882	 695 	 782 
i 3	 597 	 572 
i 116	 863 	 954 
i 416	 575 	 653 
i 727	 829 	 789 
i 34	 826 	 728 
i 282	 511 	 531 
i 945	 307 	 347 
i 647	 374 	 334 
i 632	 748 	 751 
i 291	 469 	 448 
i 838	 414 	 394 
i 684	 748 	 751 
i 207	 711 	 797 
i 15	 614 	 645 
i 819	 881 	 919 
i 270	 890 	 985 
i 491	 537 	 621 
i 786	 274 	 287 
i 504	 542 	 482 
i 907	 112 	 110 
i 249	 465 	 430 
i 965	 822 	 724 
i 641	 392 	 335 
i 207	 332 	 278 
i 75	 918 	 828 
i 951	 645 	 609 
i 432	 623 	 685 
i 615	 552 	 572 
i 101	 169 	 89 
i 102	 347 	 249 
i 501	 783 	 735 
i 302	 187 	 132 
i 618	 199 	 272 
i 866	 394 	 308 
i 775	 602 	 531 
i 377	 650 	 569 
i 953	 938 	 944 
i 450	 773 	 702 
i 516	 418 	 367 
i 781	 511 	 480 
i 539	 521 	 591 
i 624	 752 	 682 
i 723	 953 	 1006 
i 43	 834 	 861 
i 595	 899 	 881 
i 203	 141 	 198 
i 133	 229 	 277 
i 878	 701 	 639 
i 224	 831 	 872 
i 674	 161 	 158 
i 136	 471 	 376 
i 857	 338 	 368 
i 805	 472 	 447 
i 619	 267 	 250 
i 506	 833 	 735 
i 541	 310 	 253 
i 674	 122 	 91 
i 339	 781 	 726 
i 149	 951 	 940 
i 206	 691 	 615 
i 612	 236 	 188 
i 867	 261 	 184 
i 275	 840 	 924 
i 451	 285 	 293 
i 264	 656 	 565 
i 488	 667 	 684 
i 501	 858 	 810 
i 255	 279 	 299 
i 201	 480 	 530 
i 853	 880 	 971 
i 994	 990 	 1003 
i 164	 332 	 319 
i 983	 437 	 479 
i 180	 369 	 301 
i 793	 851 	 836 
i 419	 894 	 976 
i 260	 528 	 511 
i 449	 763 	 796 
i 864	 409 	 483 
i 730	 188 	 232 
i 719	 150 	 193 
i 968	 656 	 732 
i 336	 155 	 228 
i 627	 787 	 695 
i 459	 931 	 998 
i 340	 421 	 372 
i 810	 344 	 347 
i 544	 713 	 806 
i 879	 420 	 486 
i 966	 304 	 315 
i 11	 947 	 902 
i 624	 697 	 646 
i 674	 591 	 607 
i 435	 471 	 413 
i 358	 511 	 545 
i 706	 366 	 268 
i 969	 594 	 658 
i 647	 164 	 136 
i 995	 134 	 82 
i 214	 872 	 814 
i 156	 480 	 424 
i 814	 729 	 798 
i 355	 949 	 952 
i 760	 580 	 670 
i 211	 768 	 730 
i 498	 475 	 378 
i 42	 485 	 582 
i 103	 326 	 353 
i 129	 650 	 676 
i 984	 867 	 935 
i 401	 165 	 264 
i 96	 362 	 424 
i 40	 225 	 158 
i 568	 687 	 772 
i 307	 646 	 573 
i 716	 923 	 950 
i 138	 940 	 975 
i 379	 929 	 985 
i 985	 604 	 686 
i 836	 276 	 354 
i 897	 138 	 97 
i 180	 138 	 116 
i 308	 862 	 848 
i 956	 123 	 222 
i 559	 949 	 910 
i 473	 184 	 88 
i 406	 750 	 681 
i 326	 465 	 472 
i 881	 271 	 275 
i 69	 191 	 163 
i 100	 986 	 937 
i 130	 359 	 346 
i 975	 707 	 756 
i 988	 201 	 241 
i 931	 199 	 151 
i 14	 470 	 516 
i 733	 490 	 418 
i 132	 631 	 624 
i 312	 221 	 190 
i 402	 687 	 670 
i 387	 118 	 121 
i 666	 348 	 377 
i 337	 737 	 761 
i 438	 512 	 533 
i 538	 247 	 255 
i 942	 479 	 490 
i 369	 243 	 200 
i 954	 368 	 351 
i 79	 782 	 828 
i 727	 203 	 129 
i 736	 573 	 576 
i 4	 142 	 79 
i 708	 717 	 721 
i 160	 380 	 472 
i 313	 922 	 921 
i 728	 514 	 502 
i 877	 118 	 180 
i 167	 375 	 428 
i 921	 748 	 817 
i 26	 509 	 523 
i 546	 627 	 588 
i 581	 200 	 162 
i 264	 366 	 270 
i 566	 831 	 766 
i 478	 796 	 794 
i 932	 351 	 295 
i 941	 744 	 663 
i 238	 577 	 529 
i 954	 369 	 306 
i 403	 231 	 173 
i 984	 740 	 791 
i 86	 126 	 93 
i 373	 403 	 423 
i 183	 421 	 354 
i 954	 581 	 610 
i 225	 130 	 145 
i 937	 327 	 331 
i 462	 414 	 465 
i 753	 649 	 691 
i 889	 815 	 738 
i 597	 115 	 35 
i 614	 788 	 725 
i 943	 201 	 212 
i 292	 737 	 785 
i 821	 886 	 924 
i 843	 573 	 656 
i 86	 199 	 270 
i 428	 661 	 624 
i 34	 446 	 360 
i 826	 191 	 283 
i 831	 294 	 305 
i 594	 383 	 317 
i 696	 548 	 471 
i 400	 155 	 136 
i 273	 814 	 759 
i 793	 542 	 456 
i 892	 471 	 402 
i 511	 344 	 361 
i 889	 628 	 651 
i 979	 693 	 682 
i 186	 659 	 614 
i 492	 267 	 341 
i 984	 421 	 434 
i 35	 524 	 617 
i 825	 887 	 835 
i 311	 201 	 107 
i 716	 265 	 350 
i 979	 406 	 393 
i 562	 926 	 891 
i 217	 588 	 549 
i 834	 985 	 983 
i 10	 343 	 439 
i 359	 229 	 322 
i 823	 734 	 634 
i 696	 706 	 771 
i 798	 920 	 847 
i 972	 951 	 1022 
i 304	 885 	 951 
i 222	 385 	 364 
i 758	 675 	 697 
i 741	 947 	 936 
i 3	 496 	 487 
i 136	 481 	 544 
i 837	 453 	 480 
i 507	 455 	 422 
i 417	 303 	 229 
i 363	 426 	 347 
i 234	 298 	 280 
i 543	 150 	 176 
i 179	 502 	 480 
i 120	 158 	 84 
i 553	 555 	 481 
i 969	 961 	 915 
i 355	 797 	 718 
i 743	 476 	 498 
i 959	 774 	 680 
i 315	 893 	 871 
i 525	 987 	 1012 
i 569	 462 	 396 
i 11	 135 	 104 
i 64	 482 	 475 
i 564	 599 	 503 
i 522	 719 	 817 
i 294	 960 	 929 
i 705	 166 	 83 
i 451	 712 	 621 
i 331	 740 	 712 
i 317	 201 	 278 
i 713	 760 	 751 
i 740	 911 	 904 
i 158	 333 	 339 
i 708	 749 	 668 
i 392	 768 	 791 
i 348	 761 	 843 
i 410	 180 	 203 
i 87	 259 	 172 
i 795	 303 	 282 
i 897	 626 	 669 
i 627	 527 	 512 
i 529	 934 	 868 
i 778	 461 	 426 
i 497	 934 	 841 
i 237	 130 	 115 
i 968	 680 	 735 
i 46	 601 	 538 
i 214	 261 	 215 
i 430	 322 	 235 
i 10	 677 	 770 
i 478	 425 	 443 
i 404	 807 	 731 
i 797	 959 	 1038 
i 723	 361 	 340 
i 746	 393 	 419 
i 386	 774 	 794 
i 938	 575 	 604 
i 108	 740 	 812 
i 345	 982 	 940 
i 982	 153 	 113 
i 337	 122 	 177 
i 121	 649 	 585 
i 75	 757 	 853 
i 357	 668 	 708 
i 675	 131 	 120 
i 421	 695 	 762 
i 943	 341 	 395 
i 651	 917 	 993 
i 631	 793 	 738 
i 679	 163 	 104 
i 692	 431 	 440 
i 298	 234 	 267 
i 26	 396 	 444 
i 652	 379 	 298 
i 675	 116 	 170 
i 333	 516 	 454 
i 592	 370 	 297 
i 499	 169 	 226 
i 268	 953 	 936 
i 327	 266 	 185 
i 687	 451 	 509 
i 825	 937 	 854 
i 147	 640 	 562 
i 449	 410 	 463 
i 455	 497 	 485 
i 910	 295 	 349 
i 202	 467 	 440 
i 269	 589 	 662 
i 216	 401 	 327 
i 390	 774 	 766 
i 774	 862 	 791 
i 703	 676 	 770 
i 299	 756 	 679 
i 636	 857 	 870 
i 71	 650 	 554 
i 278	 154 	 240 
i 680	 843 	 770 
i 219	 280 	 260 
i 545	 161 	 184 
i 292	 280 	 181 
i 137	 689 	 745 
i 772	 820 	 817 
i 498	 795 	 852 
i 338	 902 	 886 
i 945	 518 	 516 
i 994	 538 	 592 
i 817	 478 	 467 
i 9	 598 	 631 
i 66	 957 	 899 
i 256	 619 	 619 
i 906	 628 	 656 
i 704	 435 	 417 
i 475	 868 	 950 
i 365	 677 	 626 
i 822	 163 	 101 
i 303	 600 	 537 
i 717	 396 	 297 
i 266	 796 	 699 
i 218	 501 	 417 
i 790	 690 	 657 
i 372	 250 	 198 
i 737	 820 	 909 
i 589	 298 	 282 
i 227	 219 	 276 
i 286	 441 	 462 
i 837	 614 	 696 
i 158	 782 	 807 
i 928	 788 	 867 
i 368	 801 	 723 
i 21	 873 	 953 
i 178	 283 	 237 
i 975	 498 	 400 
i 187	 451 	 471 
i 309	 826 	 891 
i 681	 637 	 559 
i 248	 289 	 379 
i 4	 211 	 132 
i 765	 771 	 678 
i 543	 678 	 659 
i 401	 778 	 763 
i 594	 692 	 712 
i 31	 936 	 951 
i 414	 947 	 999 
i 219	 592 	 506 
i 811	 439 	 489 
i 13	 540 	 440 
i 126	 497 	 398 
i 868	 593 	 647 
i 507	 627 	 589 
i 258	 987 	 1029 
i 912	 477 	 438 
i 841	 124 	 91 
i 782	 638 	 688 
i 324	 428 	 522 
i 693	 493 	 549 
i 177	 275 	 334 
i 611	 276 	 360 
i 154	 281 	 339 
i 734	 967 	 926 
i 721	 357 	 367 
i 133	 993 	 986 
i 148	 378 	 339 
i 741	 680 	 597 
i 99	 461 	 443 
i 529	 436 	 357 
i 714	 244 	 200 
i 900	 951 	 1030 
i 93	 881 	 790 
i 56	 695 	 751 
i 334	 959 	 959 
i 326	 563 	 590 
i 627	 978 	 1035 
i 267	 363 	 368 
i 661	 443 	 467 
i 28	 811 	 741 
i 177	 906 	 979 
i 123	 269 	 322 
i 989	 176 	 248 
i 647	 220 	 303 
i 601	 917 	 867 
i 111	 476 	 491 
i 87	 154 	 94 
i 371	 852 	 845 
i 745	 431 	 357 
i 533	 987 	 918 
i 428	 235 	 201 
i 607	 118 	 109 
i 680	 801 	 790 
i 803	 677 	 595 
i 710	 603 	 641 
i 122	 826 	 887 
i 171	 449 	 527 
i 6	 629 	 581 
i 367	 157 	 58 
i 353	 273 	 281 
i 493	 413 	 506 
i 501	 710 	 725 
i 277	 227 	 178 
i 914	 624 	 536 
i 468	 707 	 761 
i 273	 436 	 514 
i 653	 263 	 175 
i 236	 168 	 81 
i 288	 402 	 389 
i 471	 409 	 466 
i 811	 891 	 847 
i 486	 864 	 920 
i 618	 487 	 398 
i 196	 715 	 809 
i 867	 768 	 756 
i 233	 564 	 606 
i 405	 469 	 442 
i 469	 525 	 545 
i 797	 587 	 665 
i 134	 974 	 946 
i 12	 786 	 720 
i 858	 147 	 178 
i 282	 842 	 797 
i 961	 894 	 888 
i 701	 869 	 836 
i 212	 372 	 386 
i 615	 117 	 212 
i 82	 443 	 432 
i 617	 978 	 926 
i 588	 881 	 856 
i 348	 313 	 290 
i 389	 466 	 415 
i 212	 163 	 168 
i 93	 409 	 406 
i 946	 829 	 767 
i 241	 241 	 221 
i 248	 750 	 653 
i 622	 730 	 649 
i 599	 238 	 281 
i 465	 454 	 414 
i 693	 789 	 819 
i 94	 244 	 152 
i 153	 463 	 413 
i 488	 932 	 900 
i 297	 478 	 436 
i 444	 648 	 654 
i 163	 117 	 172 
i 859	 133 	 113 
i 3	 221 	 121 
i 389	 857 	 850 
i 152	 238 	 169 
i 303	 817 	 767 
i 699	 853 	 833 
i 623	 188 	 266 
i 37	 495 	 432 
i 641	 753 	 779 
i 649	 336 	 395 
i 674	 140 	 171 
i 797	 497 	 528 
i 637	 497 	 406 
i 779	 911 	 850 
i 574	 162 	 162 
i 410	 386 	 326 
i 497	 745 	 809 
i 929	 650 	 722 
i 652	 818 	 818 
i 906	 491 	 421 
i 939	 309 	 373 
i 374	 892 	 916 
i 809	 588 	 539 
i 709	 630 	 537 
i 767	 807 	 829 
i 77	 363 	 267 
i 790	 542 	 545 
i 397	 385 	 374 
i 192	 261 	 181 
i 620	 707 	 608 
i 843	 841 	 930 
i 722	 685 	 649 
i 260	 349 	 275 
i 843	 579 	 647 
i 626	 613 	 634 
i 911	 268 	 304 
i 396	 288 	 282 
i 704	 750 	 824 
i 874	 260 	 172 
i 545	 350 	 386 
i 367	 358 	 363 
i 14	 311 	 260 
i 282	 598 	 599 
i 808	 715 	 685 
i 373	 573 	 668 
i 550	 224 	 301 
i 750	 832 	 789 
i 469	 365 	 462 
i 637	 251 	 323 
i 907	 307 	 288 
i 185	 915 	 970 
i 411	 494 	 551 
i 959	 716 	 630 
i 639	 279 	 354 
i 159	 592 	 542 
i 287	 573 	 633 
i 99	 474 	 484 
i 385	 728 	 632 
i 543	 719 	 750 
i 764	 597 	 609 
i 668	 961 	 1010 
i 101	 761 	 693 
i 781	 574 	 498 
i 970	 637 	 688 
i 512	 529 	 612 
i 33	 752 	 692 
i 441	 576 	 536 
i 136	 178 	 215 
i 819	 196 	 142 
i 367	 781 	 879 
i 324	 395 	 427 
i 56	 172 	 224 
i 577	 315 	 323 
i 169	 422 	 425 
i 639	 208 	 113 
i 361	 135 	 46 
i 885	 317 	 317 
i 960	 587 	 614 
i 58	 310 	 301 
i 811	 515 	 579 
i 132	 510 	 439 
i 201	 210 	 150 
i 431	 889 	 945 
i 781	 483 	 572 
i 890	 941 	 958 
i 918	 966 	 1055 
i 151	 130 	 196 
i 686	 575 	 634 
i 910	 252 	 322 
i 365	 658 	 690 
i 814	 501 	 559 
i 926	 632 	 731 
i 802	 813 	 798 
i 222	 618 	 559 
i 156	 573 	 492 
i 118	 207 	 110 
i 140	 162 	 95 
i 662	 904 	 974 
i 821	 722 	 774 
i 437	 590 	 515 
i 877	 291 	 379 
i 464	 998 	 1072 
i 255	 994 	 1028 
i 825	 484 	 562 
i 346	 669 	 579 
i 454	 756 	 689 
i 512	 771 	 732 
i 405	 919 	 1013 
i 93	 789 	 847 
i 632	 579 	 524 
i 835	 694 	 615 
i 834	 644 	 658 
i 828	 530 	 595 
i 249	 239 	 269 
i 876	 145 	 244 
i 603	 190 	 180 
i 345	 340 	 432 
i 255	 614 	 587 
i 18	 588 	 580 
i 545	 403 	 321 
i 202	 606 	 691 
i 802	 701 	 753 
i 274	 319 	 337 
i 418	 164 	 232 
i 457	 743 	 786 
i 547	 740 	 703 
i 805	 252 	 285 
i 372	 220 	 303 
i 908	 548 	 635 
i 238	 958 	 954 
i 795	 152 	 188 
i 459	 978 	 975 
i 694	 768 	 819 
i 754	 405 	 340 
i 465	 263 	 289 
i 173	 901 	 837 
i 332	 296 	 393 
i 455	 888 	 859 
i 946	 817 	 770 
i 899	 761 	 762 
i 946	 301 	 261 
i 922	 909 	 960 
i 662	 452 	 442 
i 994	 238 	 179 
i 167	 396 	 430 
i 56	 960 	 1029 
i 265	 232 	 167 
i 139	 220 	 246 
i 933	 539 	 555 
i 665	 777 	 773 
i 880	 338 	 323 
i 778	 605 	 574 
i 163	 391 	 293 
i 306	 795 	 696 
i 626	 980 	 914 
i 581	 689 	 634 
i 718	 553 	 551 
i 841	 712 	 738 
i 324	 386 	 398 
i 75	 902 	 848 
i 330	 440 	 362 
i 885	 820 	 897 
i 202	 241 	 151 
i 971	 252 	 223 
i 949	 257 	 353 
i 600	 411 	 423 
i 98	 613 	 569 
i 774	 162 	 86 
i 84	 723 	 712 
i 974	 336 	 340 
i 345	 541 	 611 
i 143	 639 	 686 
i 290	 540 	 627 
i 449	 585 	 666 
i 614	 902 	 973 
i 951	 886 	 877 
i 517	 499 	 510 
i 575	 749 	 715 
i 265	 859 	 841 
i 518	 368 	 345 
i 3	 831 	 877 
i 597	 699 	 774 
i 80	 465 	 398 
i 613	 409 	 432 
i 503	 328 	 273 
i 375	 202 	 138 
i 811	 609 	 648 
i 530	 215 	 169 
i 373	 508 	 515 
i 662	 877 	 788 
i 473	 333 	 244 
i 135	 985 	 1016 
i 533	 875 	 922 
i 868	 134 	 103 
i 114	 681 	 751 
i 217	 885 	 830 
i 777	 157 	 64 
i 895	 777 	 790 
i 343	 132 	 219 
i 205	 610 	 630 
i 455	 660 	 574 
i 439	 712 	 653 
i 300	 406 	 454 
i 326	 171 	 193 
i 967	 480 	 524 
i 838	 347 	 435 
i 890	 548 	 591 
i 641	 581 	 603 
i 664	 196 	 287 
i 226	 143 	 75 
i 844	 678 	 701 
i 521	 744 	 654 
i 854	 930 	 900 
i 922	 701 	 736 
i 338	 354 	 383 
i 605	 998 	 995 
i 97	 946 	 921 
i 625	 696 	 599 
i 721	 352 	 388 
i 758	 314 	 395 
i 396	 456 	 506 
i 110	 115 	 69 
i 32	 163 	 88 
i 695	 477 	 387 
i 969	 193 	 170 
i 968	 768 	 866 
i 907	 311 	 228 
i 566	 646 	 689 
i 838	 662 	 649 
i 67	 379 	 317 
i 456	 298 	 316 
i 460	 967 	 1007 
i 519	 321 	 367 
i 931	 435 	 420 
i 24	 480 	 459 
i 764	 826 	 798 
i 989	 820 	 774 
i 593	 900 	 967 
i 213	 647 	 682 
i 515	 146 	 194 
i 726	 319 	 258 
i 689	 845 	 876 
i 926	 578 	 513 
i 292	 340 	 261 
i 707	 719 	 645 
i 512	 182 	 261 
i 311	 505 	 582 
i 199	 747 	 742 
i 802	 603 	 641 
i 842	 315 	 256 
i 78	 975 	 1061 
i 903	 262 	 286 
i 430	 847 	 856 
i 687	 116 	 184 
i 372	 213 	 222 
i 452	 331 	 243 
i 895	 239 	 213 
i 611	 139 	 152 
i 165	 565 	 539 
i 395	 291 	 233 
i 367	 475 	 433 
i 538	 416 	 355 
i 367	 969 	 994 
i 373	 568 	 530 
i 488	 426 	 462 
i 736	 913 	 840 
i 881	 966 	 872 
i 913	 407 	 435 
i 424	 913 	 974 
i 627	 355 	 295 
i 38	 546 	 560 
i 381	 805 	 726 
i 348	 979 	 973 
i 862	 646 	 715 
i 217	 924 	 891 
i 120	 644 	 558 
i 82	 765 	 855 
i 415	 794 	 867 
i 319	 477 	 435 
i 594	 306 	 389 
i 84	 487 	 578 
i 865	 994 	 961 
i 842	 202 	 239 
i 445	 624 	 633 
i 360	 489 	 541 
i 959	 788 	 864 
i 695	 853 	 946 
i 464	 812 	 788 
i 875	 695 	 734 
i 96	 954 	 912 
i 520	 882 	 857 
i 514	 843 	 791 
i 616	 254 	 170 
i 194	 863 	 868 
i 619	 461 	 538 
i 381	 251 	 320 
i 216	 148 	 156 
i 5	 117 	 18 
i 662	 455 	 531 
i 610	 188 	 283 
i 478	 449 	 448 
i 303	 784 	 686 
i 464	 111 	 136 
i 311	 186 	 250 
i 705	 657 	 645 
i 863	 558 	 622 
i 905	 424 	 331 
i 912	 907 	 815 
i 301	 914 	 954 
i 388	 811 	 774 
i 769	 792 	 850 
i 527	 347 	 266 
i 527	 359 	 371 
i 612	 918 	 992 
i 227	 761 	 776 
i 731	 265 	 252 
i 83	 996 	 964 
i 979	 141 	 92 
i 883	 179 	 190 
i 670	 806 	 895 
i 437	 197 	 239 
i 703	 903 	 851 
i 982	 988 	 1041 
i 891	 597 	 573 
i 622	 482 	 503 
i 796	 994 	 961 
i 792	 496 	 480 
i 826	 803 	 783 
i 903	 143 	 99 
i 685	 639 	 729 
i 783	 590 	 568 
i 674	 337 	 256 
i 661	 551 	 466 
i 208	 345 	 438 
i 626	 684 	 702 
i 620	 335 	 312 
i 55	 636 	 571 
i 833	 122 	 23 
i 869	 479 	 560 
i 463	 731 	 749 
i 4	 690 	 665 
i 258	 149 	 59 
i 752	 233 	 275 
i 17	 303 	 387 
i 661	 275 	 284 
i 914	 801 	 734 
i 506	 256 	 200 
i 519	 416 	 326 
i 932	 421 	 505 
i 630	 340 	 317 
i 283	 869 	 846 
i 326	 316 	 345 
i 464	 362 	 341 
i 680	 995 	 978 
i 864	 924 	 839 
i 641	 520 	 618 
i 805	 668 	 667 
i 150	 863 	 766 
i 498	 910 	 999 
i 757	 841 	 856 
i 610	 295 	 367 
i 841	 641 	 578 
i 124	 326 	 356 
i 119	 681 	 647 
i 34	 161 	 100 
i 494	 229 	 296 
i 121	 221 	 249 
i 967	 663 	 721 
i 866	 677 	 634 
i 689	 631 	 540 
i 896	 257 	 288 
i 493	 133 	 132 
i 736	 300 	 324 
i 377	 878 	 925 
i 434	 283 	 337 
i 567	 456 	 409 
i 692	 311 	 288 
i 313	 881 	 851 
i 949	 696 	 640 
i 535	 953 	 1034 
i 699	 995 	 1056 
i 725	 689 	 648 
i 938	 243 	 150 
i 801	 795 	 777 
i 995	 564 	 633 
i 384	 361 	 343 
i 609	 598 	 519 
i 476	 942 	 925 
i 135	 367 	 340 
i 82	 564 	 644 
i 77	 483 	 503 
i 727	 311 	 276 
i 876	 577 	 530 
i 647	 609 	 522 
i 157	 976 	 888 
i 438	 840 	 829 
i 986	 319 	 230 
i 922	 413 	 419 
i 211	 786 	 819 
i 721	 224 	 273 
i 140	 139 	 203 
i 366	 675 	 685 
i 891	 967 	 952 
i 452	 315 	 229 
i 426	 375 	 321 
i 246	 431 	 464 
i 480	 827 	 858 
i 820	 877 	 892 
i 580	 460 	 517 
i 708	 162 	 164 
i 739	 827 	 857 
i 374	 670 	 573 
i 338	 271 	 352 
i 567	 651 	 622 
i 864	 718 	 774 
i 224	 923 	 829 
i 31	 629 	 631 
i 892	 323 	 289 
i 285	 837 	 919 
i 343	 650 	 673 
i 149	 215 	 186 
i 778	 793 	 839 
i 958	 807 	 721 
i 567	 725 	 752 
i 251	 155 	 155 
i 164	 853 	 898 
i 747	 880 	 931 
i 986	 445 	 474 
i 803	 740 	 826 
i 410	 661 	 616 
i 527	 322 	 307 
i 295	 641 	 581 
i 79	 404 	 336 
i 769	 466 	 512 
i 819	 144 	 240 
i 654	 590 	 518 
i 520	 346 	 424 
i 896	 129 	 204 
i 604	 706 	 742 
i 223	 647 	 565 
i 461	 893 	 916 
i 59	 382 	 464 
i 388	 564 	 662 
i 788	 709 	 761 
i 826	 469 	 485 
i 366	 452 	 398 
i 630	 581 	 631 
i 651	 485 	 515 
i 321	 376 	 326 
i 924	 982 	 977 
i 804	 174 	 261 
i 111	 723 	 822 
i 621	 646 	 623 
i 294	 638 	 572 
i 697	 425 	 325 
i 81	 941 	 914 
i 610	 261 	 360 
i 32	 932 	 961 
i 330	 621 	 714 
i 310	 848 	 926 
i 381	 384 	 423 
i 71	 330 	 391 
i 673	 327 	 312 
i 267	 670 	 714 
i 620	 825 	 809 
i 555	 825 	 825 
i 724	 262 	 184 
i 648	 258 	 186 
i 223	 834 	 828 
i 52	 807 	 863 
i 359	 712 	 644 
i 606	 444 	 390 
i 849	 275 	 356 
i 479	 657 	 591 
i 283	 411 	 469 
i 87	 785 	 754 
i 257	 341 	 255 
i 423	 440 	 484 
i 237	 567 	 655 
i 21	 987 	 1086 
i 697	 794 	 765 
i 74	 939 	 1031 
i 258	 259 	 321 
i 872	 176 	 133 
i 211	 331 	 345 
i 969	 148 	 179 
i 229	 459 	 542 
i 600	 524 	 491 
i 114	 276 	 291 
i 100	 227 	 246 
i 868	 223 	 181 
i 800	 539 	 512 
i 966	 504 	 528 
i 41	 336 	 335 
i 289	 593 	 634 
i 331	 213 	 248 
i 722	 799 	 880 
i 188	 724 	 725 
i 375	 136 	 160 
i 505	 648 	 692 
i 631	 289 	 306 
i 114	 550 	 527 
i 556	 876 	 847 
i 809	 542 	 521 
i 353	 985 	 1021 
i 469	 726 	 628 
i 244	 439 	 486 
i 934	 356 	 441 
i 963	 807 	 766 
i 568	 470 	 530 
i 768	 221 	 208 
i 263	 744 	 753 
i 124	 200 	 121 
i 610	 516 	 599 
i 593	 868 	 821 
i 285	 587 	 634 
i 655	 600 	 696 
i 931	 367 	 449 
i 715	 300 	 375 
i 120	 566 	 555 
i 244	 392 	 334 
i 956	 780 	 775 
i 58	 379 	 399 
i 513	 473 	 415 
i 365	 398 	 458 
i 901	 636 	 553 
i 452	 403 	 451 
i 739	 385 	 420 
i 952	 310 	 288 
i 465	 201 	 203 
i 782	 597 	 647 
i 536	 788 	 830 
i 838	 323 	 376 
i 246	 858 	 814 
i 569	 156 	 185 
i 161	 871 	 880 
i 490	 950 	 1049 
i 799	 722 	 769 
i 23	 434 	 472 
i 125	 781 	 712 
i 672	 346 	 433 
i 434	 127 	 121 
i 673	 759 	 721 
i 513	 552 	 563 
i 565	 802 	 727 
i 420	 487 	 444 
i 364	 974 	 1029 
i 53	 973 	 988 
i 416	 740 	 760 
i 171	 466 	 511 
i 435	 606 	 585 
i 454	 552 	 618 
i 184	 974 	 974 
i 680	 363 	 266 
i 457	 860 	 876 
i 881	 974 	 874 
i 852	 343 	 316 
i 822	 147 	 130 
i 531	 661 	 727 
i 930	 306 	 207 
i 487	 952 	 940 
i 983	 417 	 496 
i 954	 267 	 182 
i 239	 716 	 767 
i 82	 732 	 675 
i 54	 361 	 280 
i 314	 364 	 453 
i 355	 690 	 744 
i 973	 173 	 133 
i 194	 915 	 861 
i 141	 920 	 963 
i 485	 423 	 463 
i 661	 330 	 361 
i 342	 399 	 478 
i 41	 184 	 279 
i 323	 376 	 282 
i 608	 462 	 430 
i 259	 416 	 455 
i 329	 213 	 247 
i 235	 481 	 554 
i 145	 687 	 588 
i 496	 438 	 436 
i 742	 174 	 104 
i 68	 758 	 756 
i 150	 666 	 673 
i 448	 646 	 717 
i 843	 673 	 666 
i 187	 980 	 1025 
i 302	 712 	 622 
i 718	 422 	 379 
i 367	 304 	 290 
i 734	 310 	 395 
i 805	 748 	 782 
i 534	 883 	 930 
i 159	 434 	 511 
i 761	 910 	 877 
i 394	 784 	 720 
i 371	 309 	 282 
i 49	 954 	 987 
i 399	 113 	 90 
i 616	 370 	 420 
i 841	 755 	 752 
i 558	 693 	 651 
i 427	 402 	 467 
i 790	 170 	 267 
i 689	 961 	 1010 
i 447	 372 	 300 
i 670	 532 	 534 
i 618	 858 	 870 
i 621	 564 	 655 
i 912	 907 	 922 
i 638	 687 	 670 
i 293	 231 	 325 
i 620	 492 	 472 
i 687	 338 	 276 
i 643	 325 	 401 
i 937	 989 	 954 
i 411	 225 	 324 
i 253	 679 	 702 
i 762	 288 	 235 
i 658	 252 	 182 
i 308	 763 	 820 
i 443	 244 	 160 
i 872	 221 	 261 
i 128	 578 	 555 
i 369	 748 	 654 
i 357	 643 	 736 
i 485	 935 	 910 
i 125	 933 	 959 
i 325	 592 	 570 
i 484	 803 	 713 
i 219	 936 	 908 
i 369	 748 	 808 
i 493	 820 	 855 
i 19	 554 	 614 
i 736	 898 	 832 
i 335	 926 	 931 
i 262	 898 	 801 
i 187	 347 	 275 
i 728	 909 	 902 
i 507	 371 	 460 
i 436	 418 	 351 
i 154	 739 	 746 
i 951	 565 	 471 
i 450	 277 	 186 
i 336	 992 	 1049 
i 254	 256 	 180 
i 140	 727 	 703 
i 405	 741 	 754 
i 303	 865 	 824 
i 596	 390 	 450 
i 941	 345 	 293 
i 649	 494 	 472 
i 160	 972 	 940 
i 347	 999 	 1057 
i 338	 153 	 79 
i 502	 851 	 827 
i 196	 958 	 962 
i 904	 409 	 494 
i 754	 915 	 861 
i 69	 290 	 355 
i 332	 117 	 170 
i 764	 331 	 314 
i 733	 681 	 696 
i 732	 988 	 1072 
i 780	 805 	 757 
i 614	 921 	 973 
i 568	 373 	 464 
i 903	 837 	 909 
i 808	 773 	 796 
i 12	 978 	 1014 
i 18	 824 	 727 
i 266	 617 	 673 
i 907	 988 	 990 
i 893	 611 	 560 
i 675	 543 	 448 
i 586	 774 	 802 
i 881	 563 	 504 
i 699	 525 	 447 
i 444	 403 	 487 
i 420	 951 	 1037 
i 223	 671 	 760 
i 792	 686 	 629 
i 779	 492 	 416 
i 343	 949 	 852 
i 828	 279 	 317 
i 575	 303 	 258 
i 84	 872 	 803 
i 550	 168 	 239 
i 879	 267 	 227 
i 824	 196 	 240 
i 455	 135 	 223 
i 103	 980 	 1027 
i 531	 282 	 285 
i 475	 390 	 461 
i 664	 405 	 442 
i 880	 130 	 82 
i 737	 377 	 345 
i 801	 518 	 596 
i 977	 391 	 445 
i 75	 660 	 679 
i 103	 413 	 323 
i 81	 364 	 295 
i 273	 130 	 167 
i 588	 589 	 521 
i 918	 463 	 528 
i 940	 184 	 225 
i 240	 417 	 405 
i 698	 724 	 673 
i 15	 630 	 574 
i 632	 429 	 388 
i 972	 961 	 941 
i 257	 119 	 115 
i 279	 258 	 308 
i 816	 869 	 837 
i 213	 124 	 75 
i 296	 858 	 798 
i 640	 598 	 586 
i 330	 992 	 919 
i 914	 321 	 251 
i 273	 519 	 576 
i 229	 784 	 835 
i 239	 251 	 153 
i 405	 678 	 636 
i 258	 459 	 380 
i 273	 763 	 727 
i 115	 994 	 1017 
i 662	 283 	 234 
i 653	 675 	 692 
i 890	 798 	 798 
i 350	 935 	 989 
i 108	 743 	 643 
i 267	 528 	 476 
i 905	 540 	 569 
i 298	 799 	 879 
i 31	 895 	 830 
i 25	 291 	 249 
i 219	 839 	 929 
i 853	 178 	 199 
i 627	 699 	 698 
i 554	 255 	 324 
i 266	 943 	 1034 
i 735	 945 	 889 
i 218	 270 	 195 
i 992	 844 	 828 
i 875	 759 	 750 
i 79	 916 	 911 
i 898	 286 	 325 
i 974	 244 	 254 
i 637	 784 	 719 
i 800	 337 	 383 
i 736	 201 	 300 
i 674	 162 	 208 
i 854	 359 	 449 
i 680	 472 	 560 
i 409	 850 	 913 
i 315	 366 	 445 
i 512	 792 	 851 
i 662	 524 	 578 
i 420	 125 	 106 
i 674	 284 	 225 
i 776	 934 	 1022 
i 834	 933 	 956 
i 115	 695 	 689 
i 521	 651 	 581 
i 353	 601 	 613 
i 640	 440 	 515 
i 407	 349 	 326 
i 872	 168 	 78 
i 889	 854 	 847 
i 85	 327 	 255 
i 11	 511 	 595 
i 935	 461 	 512 
i 593	 122 	 195 
i 202	 542 	 520 
i 753	 678 	 726 
i 124	 288 	 264 
i 392	 178 	 236 
i 457	 522 	 554 
i 293	 567 	 577 
i 536	 985 	 1012 
i 987	 224 	 253 
i 382	 153 	 169 
i 395	 825 	 760 
i 880	 709 	 684 
i 518	 167 	 93 
i 718	 828 	 778 
i 793	 280 	 309 
i 257	 984 	 904 
i 770	 685 	 664 
i 753	 287 	 373 
i 880	 854 	 937 
i 929	 541 	 501 
i 732	 171 	 210 
i 405	 328 	 343 
i 468	 664 	 582 
i 276	 781 	 843 
i 467	 118 	 139 
i 449	 693 	 765 
i 96	 784 	 810 
i 294	 247 	 224 
i 131	 187 	 140 
i 615	 115 	 53 
i 682	 383 	 468 
i 927	 112 	 78 
i 550	 624 	 684 
i 304	 708 	 623 
i 312	 541 	 549 
i 966	 190 	 288 
i 724	 957 	 874 
i 878	 629 	 605 
i 964	 972 	 974 
i 969	 319 	 244 
i 276	 493 	 554 
i 278	 428 	 475 
i 855	 723 	 680 
i 528	 546 	 563 
i 13	 613 	 693 
i 103	 207 	 280 
i 55	 200 	 218 
i 638	 278 	 272 
i 606	 618 	 605 
i 841	 184 	 165 
i 271	 297 	 333 
i 628	 127 	 218 
i 317	 781 	 844 
i 806	 146 	 114 
i 372	 670 	 641 
i 481	 582 	 573 
i 582	 465 	 467 
i 770	 991 	 921 
i 341	 521 	 572 
i 424	 909 	 928 
i 633	 380 	 453 
i 651	 987 	 986 
i 406	 951 	 1013 
i 446	 786 	 809 
i 76	 202 	 300 
i 607	 518 	 512 
i 6	 926 	 836 
i 995	 492 	 556 
i 458	 625 	 558 
i 356	 409 	 426 
i 659	 941 	 885 
i 645	 824 	 898 
i 590	 376 	 331 
i 350	 211 	 256 
i 453	 761 	 821 
i 911	 754 	 735 
i 828	 285 	 267 
i 258	 333 	 314 
i 836	 178 	 251 
i 173	 325 	 269 
i 107	 849 	 925 
i 908	 158 	 163 
i 208	 935 	 858 
i 321	 294 	 287 
i 53	 940 	 1023 
i 776	 763 	 829 
i 972	 237 	 268 
i 223	 605 	 688 
i 299	 969 	 1019 
i 540	 851 	 936 
i 371	 160 	 66 
i 425	 944 	 1032 
i 352	 524 	 453 
i 559	 627 	 621 
i 491	 153 	 157 
i 226	 970 	 929 
i 369	 820 	 774 
i 924	 518 	 517 
i 890	 445 	 503 
i 723	 226 	 192 
i 779	 161 	 202 
i 717	 191 	 117 
i 182	 139 	 135 
i 763	 272 	 180 
i 810	 691 	 697 
i 777	 267 	 318 
i 576	 533 	 458 
i 35	 776 	 686 
i 410	 328 	 416 
i 540	 145 	 178 
i 597	 443 	 431 
i 687	 181 	 113 
i 719	 297 	 265 
i 901	 726 	 647 
i 553	 762 	 845 
i 729	 346 	 384 
i 205	 131 	 85 
i 953	 244 	 204 
i 198	 289 	 331 
i 237	 238 	 188 
i 610	 829 	 899 
i 690	 336 	 343 
i 899	 480 	 431 
i 591	 785 	 716 
i 324	 880 	 922 
i 589	 806 	 794 
i 613	 534 	 563 
i 762	 774 	 793 
i 963	 156 	 215 
i 107	 791 	 697 
i 915	 127 	 155 
i 169	 884 	 850 
i 584	 473 	 419 
i 343	 701 	 765 
i 208	 841 	 770 
i 990	 584 	 631 
i 467	 976 	 946 
i 214	 660 	 582 
i 265	 304 	 219 
i 30	 123 	 59 
i 49	 152 	 71 
i 918	 725 	 678 
i 326	 133 	 203 
i 989	 340 	 278 
i 811	 183 	 163 
i 344	 315 	 293 
i 318	 971 	 1042 
i 936	 393 	 307 
i 153	 494 	 461 
i 167	 562 	 535 
i 214	 725 	 708 
i 905	 813 	 779 
i 930	 161 	 192 
i 188	 918 	 947 
i 270	 202 	 193 
i 500	 559 	 619 
i 468	 908 	 832 
i 785	 783 	 694 
i 217	 848 	 790 
i 724	 259 	 234 
i 416	 585 	 603 
i 206	 954 	 953 
i 263	 361 	 346 
i 172	 946 	 968 
i 274	 633 	 709 
i 778	 153 	 129 
i 676	 867 	 937 
i 432	 975 	 1002 
i 262	 136 	 206 
i 428	 323 	 338 
i 961	 658 	 756 
i 909	 295 	 234 
i 192	 736 	 728 
i 132	 226 	 252 
i 719	 772 	 853 
i 767	 669 	 706 
i 618	 121 	 93 
i 590	 877 	 935 
i 619	 554 	 465 
i 858	 424 	 420 
i 475	 938 	 927 
i 682	 932 	 903 
i 385	 220 	 229 
i 515	 630 	 665 
i 260	 304 	 283 
i 887	 222 	 154 
i 898	 832 	 888 
i 761	 264 	 238 
i 260	 970 	 1068 
i 613	 131 	 201 
i 543	 562 	 527 
i 467	 958 	 859 
i 589	 385 	 363 
i 174	 871 	 952 
i 392	 585 	 518 
i 517	 939 	 849 
i 328	 196 	 286 
i 501	 892 	 934 
i 468	 335 	 429 
i 491	 328 	 345 
i 998	 195 	 120 
i 951	 485 	 504 
i 261	 491 	 428 
i 116	 840 	 811 
i 650	 758 	 808 
i 582	 906 	 859 
i 678	 954 	 973 
i 558	 913 	 832 
i 810	 658 	 670 
i 55	 635 	 546 
i 151	 268 	 178 
i 571	 383 	 284 
i 999	 914 	 867 
i 819	 190 	 166 
i 547	 509 	 415 
i 442	 288 	 310 
i 392	 526 	 484 
i 294	 166 	 235 
i 910	 252 	 283 
i 500	 753 	 795 
i 678	 802 	 874 
i 984	 850 	 837 
i 888	 855 	 842 
i 976	 203 	 153 
i 425	 543 	 603 
i 625	 571 	 519 
i 92	 228 	 255 
i 155	 487 	 572 
i 313	 354 	 421 
i 36	 940 	 907 
i 814	 686 	 589 
i 646	 566 	 466 
i 484	 954 	 1031 
i 588	 452 	 525 
i 75	 678 	 636 
i 593	 502 	 585 
i 725	 719 	 620 
i 149	 395 	 327 
i 423	 332 	 327 
i 356	 188 	 190 
i 4	 490 	 455 
i 516	 506 	 600 
i 464	 507 	 498 
i 848	 409 	 317 
i 487	 291 	 214 
i 927	 551 	 593 
i 612	 477 	 464 
i 931	 484 	 501 
i 180	 630 	 531 
i 268	 164 	 136 
i 695	 620 	 593 
i 140	 910 	 986 
i 586	 886 	 855 
i 922	 403 	 342 
i 126	 442 	 478 
i 620	 548 	 570 
i 33	 292 	 236 
i 453	 681 	 611 
i 37	 313 	 279 
i 97	 320 	 340 
i 670	 643 	 602 
i 569	 970 	 957 
i 441	 865 	 769 
i 770	 285 	 373 
i 144	 458 	 372 
i 636	 176 	 214 
i 840	 718 	 762 
i 482	 916 	 851 
i 709	 163 	 105 
i 944	 460 	 421 
i 544	 994 	 1089 
i 510	 369 	 378 
i 359	 757 	 854 
i 555	 777 	 828 
i 946	 728 	 808 
i 20	 790 	 797 
i 703	 516 	 491 
i 609	 269 	 341 
i 668	 426 	 439 
i 61	 615 	 617 
i 55	 890 	 801 
i 346	 872 	 885 
i 73	 470 	 555 
i 822	 461 	 457 
i 517	 248 	 233 
i 282	 161 	 150 
i 737	 640 	 570 
i 916	 977 	 1029 
i 271	 853 	 838 
i 838	 470 	 467 
i 715	 926 	 934 
i 571	 978 	 1055 
i 976	 594 	 686 
i 371	 530 	 586 
i 525	 959 	 919 
i 582	 452 	 468 
i 178	 850 	 813 
i 153	 986 	 933 
i 987	 773 	 774 
i 391	 266 	 234 
i 309	 701 	 612 
i 284	 296 	 322 
i 828	 198 	 219 
i 300	 165 	 260 
i 255	 862 	 862 
i 638	 240 	 156 
i 470	 758 	 710 
i 455	 153 	 135 
i 201	 362 	 342 
i 375	 812 	 870 
i 40	 229 	 149 
i 249	 281 	 257 
i 348	 842 	 784 
i 409	 492 	 494 
i 254	 471 	 524 
i 400	 917 	 898 
i 128	 992 	 1067 
i 176	 336 	 302 
i 458	 704 	 710 
i 247	 171 	 252 
i 380	 876 	 965 
i 572	 965 	 904 
i 395	 418 	 426 
i 823	 608 	 698 
i 229	 175 	 116 
i 137	 857 	 877 
i 128	 329 	 375 
i 381	 219 	 300 
i 49	 513 	 486 
i 117	 986 	 1008 
i 977	 903 	 1001 
i 938	 856 	 869 
i 285	 141 	 232 
i 843	 624 	 680 
i 915	 581 	 483 
i 755	 763 	 692 
i 1	 412 	 367 
i 123	 174 	 205 
i 575	 981 	 1022 
i 559	 417 	 481 
i 451	 962 	 1021 
i 289	 956 	 1003 
i 323	 569 	 473 
i 900	 534 	 607 
i 430	 341 	 397 
i 164	 352 	 359 
i 503	 484 	 491 
i 575	 730 	 761 
i 554	 425 	 371 
i 899	 163 	 221 
i 857	 893 	 841 
i 808	 715 	 721 
i 325	 481 	 552 
i 800	 501 	 552 
i 61	 381 	 318 
i 332	 187 	 156 
i 752	 663 	 733 
i 448	 251 	 236 
i 802	 837 	 933 
i 860	 156 	 232 
i 741	 861 	 908 
i 421	 188 	 197 
i 837	 662 	 736 
i 277	 533 	 567 
i 581	 317 	 363 
i 667	 482 	 395 
i 289	 793 	 856 
i 447	 662 	 615 
i 265	 153 	 66 
i 316	 137 	 222 
i 160	 921 	 954 
i 248	 690 	 607 
i 867	 288 	 373 
i 343	 175 	 115 
i 575	 774 	 831 
i 992	 537 	 527 
i 759	 596 	 644 
i 379	 433 	 370 
i 427	 670 	 660 
i 457	 730 	 783 
i 370	 666 	 751 
i 22	 372 	 307 
i 221	 451 	 359 
i 294	 387 	 364 
i 41	 569 	 661 
i 520	 378 	 468 
i 66	 781 	 823 
i 429	 551 	 469 
i 58	 719 	 722 
i 754	 234 	 329 
i 380	 918 	 887 
i 673	 855 	 828 
i 57	 123 	 140 
i 368	 162 	 238 
i 883	 506 	 590 
i 185	 472 	 460 
i 938	 430 	 431 
i 434	 175 	 262 
i 120	 257 	 356 
i 258	 718 	 768 
i 166	 697 	 623 
i 4	 116 	 176 
i 18	 443 	 515 
i 77	 966 	 911 
i 521	 861 	 783 
i 927	 792 	 751 
i 287	 298 	 244 
i 359	 750 	 783 
i 524	 695 	 752 
i 208	 692 	 600 
i 867	 471 	 413 
i 873	 587 	 529 
i 248	 412 	 358 
i 210	 288 	 249 
i 54	 491 	 556 
i 820	 589 	 640 
i 32	 852 	 760 
i 750	 171 	 151 
i 409	 764 	 849 
i 64	 575 	 501 
i 469	 615 	 515 
i 5	 802 	 877 
i 344	 993 	 917 
i 543	 311 	 277 
i 971	 586 	 563 
i 510	 434 	 375 
i 344	 218 	 165 
i 411	 257 	 354 
i 147	 615 	 594 
i 669	 550 	 542 
i 237	 669 	 754 
i 15	 671 	 757 
i 8	 560 	 515 
i 234	 669 	 733 
i 768	 964 	 1022 
i 133	 418 	 378 
i 254	 602 	 631 
i 419	 813 	 724 
i 986	 803 	 743 
i 482	 267 	 341 
i 111	 676 	 597 
i 740	 612 	 536 
i 246	 552 	 478 
i 874	 798 	 770 
i 835	 638 	 564 
i 182	 453 	 405 
i 734	 721 	 724 
i 525	 405 	 492 
i 303	 455 	 539 
i 479	 636 	 617 
i 115	 523 	 526 
i 678	 619 	 570 
i 176	 728 	 728 
i 949	 845 	 820 
i 543	 279 	 221 
i 928	 397 	 375 
i 615	 632 	 557 
i 946	 203 	 233 
i 335	 148 	 239 
i 925	 969 	 955 
i 390	 441 	 450 
i 961	 899 	 844 
i 656	 238 	 218 
i 482	 685 	 655 
i 672	 131 	 210 
i 993	 319 	 383 
i 580	 669 	 656 
i 684	 783 	 760 
i 726	 474 	 518 
i 692	 435 	 464 
i 64	 821 	 728 
i 950	 420 	 519 
i 95	 622 	 652 
i 740	 981 	 908 
i 763	 405 	 466 
i 998	 312 	 372 
i 627	 156 	 132 
i 384	 547 	 460 
i 793	 890 	 948 
i 158	 642 	 638 
i 957	 328 	 337 
i 306	 360 	 359 
i 881	 358 	 376 
i 860	 939 	 905 
i 192	 171 	 90 
i 419	 889 	 807 
i 470	 713 	 757 
i 961	 164 	 84 
i 838	 222 	 301 
i 436	 927 	 838 
i 680	 468 	 370 
i 960	 955 	 918 
i 239	 509 	 449 
i 171	 147 	 59 
i 239	 444 	 394 
i 115	 529 	 563 
i 792	 613 	 541 
i 852	 365 	 285 
i 978	 459 	 547 
i 896	 368 	 343 
i 299	 417 	 328 
i 249	 429 	 332 
i 697	 713 	 664 
i 738	 892 	 877 
i 113	 947 	 980 
i 584	 284 	 340 
i 150	 882 	 896 
i 436	 120 	 105 
i 827	 213 	 193 
i 117	 161 	 121 
i 462	 497 	 516 
i 820	 549 	 618 
i 499	 566 	 574 
i 378	 794 	 750 
i 320	 286 	 265 
i 515	 878 	 973 
i 383	 684 	 609 
i 394	 305 	 318 
i 508	 684 	 662 
i 565	 154 	 156 
i 1	 422 	 516 
i 493	 954 	 1012 
i 6	 819 	 777 
i 774	 414 	 448 
i 971	 665 	 762 
i 835	 128 	 128 
i 480	 999 	 1076 
i 698	 225 	 181 
i 343	 728 	 785 
i 393	 189 	 160 
i 742	 643 	 614 
i 691	 618 	 687 
i 488	 434 	 504 
i 829	 694 	 719 
i 453	 401 	 420 
i 472	 392 	 378 
i 471	 841 	 923 
i 600	 741 	 763 
i 295	 991 	 1082 
i 383	 804 	 773 
i 981	 231 	 149 
i 552	 547 	 603 
i 916	 412 	 366 
i 573	 282 	 201 
i 899	 840 	 850 
i 216	 484 	 388 
i 38	 870 	 869 
i 747	 794 	 713 
i 737	 450 	 428 
i 518	 411 	 465 
i 653	 721 	 771 
i 144	 802 	 763 
i 483	 609 	 553 
i 675	 850 	 909 
i 495	 939 	 978 
i 915	 541 	 623 
i 770	 562 	 652 
i 540	 114 	 153 
i 921	 199 	 185 
i 261	 546 	 636 
i 947	 345 	 366 
i 726	 126 	 175 
i 287	 399 	 345 
i 119	 598 	 679 
i 51	 417 	 397 
i 534	 148 	 111 
i 43	 959 	 876 
i 47	 915 	 940 
i 146	 645 	 654 
i 636	 142 	 203 
i 899	 989 	 1040 
i 917	 638 	 634 
i 242	 415 	 468 
i 790	 621 	 698 
i 135	 538 	 625 
i 177	 896 	 890 
i 131	 290 	 293 
i 36	 368 	 380 
i 637	 926 	 967 
i 673	 525 	 493 
i 661	 356 	 304 
i 255	 140 	 72 
i 597	 570 	 550 
i 172	 365 	 303 
i 653	 266 	 231 
i 536	 211 	 211 
i 738	 632 	 658 
i 28	 201 	 235 
i 944	 700 	 661 
i 411	 440 	 536 
i 687	 745 	 773 
i 720	 962 	 1041 
i 237	 215 	 213 
i 523	 572 	 604 
i 698	 743 	 706 
i 811	 144 	 214 
i 398	 592 	 610 
i 499	 267 	 290 
i 162	 863 	 875 
i 533	 247 	 341 
i 247	 230 	 262 
i 204	 800 	 776 
i 322	 707 	 730 
i 840	 257 	 185 
i 552	 847 	 914 
i 590	 240 	 269 
i 132	 999 	 908 
i 308	 636 	 645 
i 154	 297 	 338 
i 308	 798 	 746 
i 442	 775 	 772 
i 218	 473 	 511 
i 889	 812 	 714 
i 54	 472 	 542 
i 882	 598 	 579 
i 28	 454 	 553 
i 28	 143 	 68 
i 618	 185 	 171 
i 828	 670 	 687 
i 601	 411 	 490 
i 349	 625 	 592 
i 756	 170 	 181 
i 546	 785 	 774 
i 953	 796 	 796 
i 501	 667 	 643 
i 887	 138 	 120 
i 923	 135 	 122 
i 8	 247 	 158 
i 637	 634 	 710 
i 975	 268 	 264 
i 555	 176 	 242 
i 621	 478 	 496 
i 380	 973 	 900 
i 151	 481 	 398 
i 776	 926 	 944 
i 808	 377 	 372 
i 835	 742 	 722 
i 989	 242 	 223 
i 578	 292 	 201 
i 755	 188 	 92 
i 828	 619 	 634 
i 242	 471 	 410 
i 212	 996 	 1011 
i 628	 228 	 273 
i 546	 307 	 308 
i 845	 831 	 793 
i 556	 367 	 296 
i 704	 724 	 651 
i 907	 198 	 241 
i 995	 240 	 234 
i 568	 259 	 218 
i 973	 772 	 780 
i 969	 948 	 998 
i 102	 572 	 548 
i 322	 330 	 415 
i 133	 779 	 833 
i 421	 169 	 134 
i 112	 301 	 207 
i 210	 423 	 510 
i 355	 170 	 257 
i 522	 588 	 588 
i 266	 854 	 849 
i 208	 445 	 434 
i 726	 225 	 234 
i 974	 563 	 636 
i 726	 498 	 398 
i 792	 295 	 279 
i 7	 587 	 593 
i 359	 616 	 664 
i 426	 562 	 481 
i 962	 505 	 529 
i 798	 952 	 1029 
i 175	 486 	 405 
i 303	 882 	 946 
i 812	 480 	 539 
i 248	 363 	 367 
i 456	 365 	 328 
i 992	 741 	 705 
i 560	 328 	 364 
i 69	 990 	 911 
i 511	 189 	 102 
i 458	 742 	 815 
i 880	 642 	 550 
i 748	 728 	 697 
i 164	 570 	 501 
i 448	 389 	 370 
i 734	 854 	 926 
i 444	 245 	 315 
i 688	 532 	 514 
i 677	 248 	 244 
i 766	 342 	 440 
i 476	 403 	 393 
i 75	 285 	 251 
i 768	 323 	 239 
i 285	 630 	 578 
i 598	 770 	 808 
i 434	 241 	 226 
i 586	 119 	 193 
i 60	 878 	 889 
i 215	 357 	 304 
i 475	 786 	 686 
i 804	 781 	 776 
i 1	 293 	 303 
i 239	 588 	 552 
i 823	 659 	 680 
i 564	 876 	 817 
i 712	 602 	 629 
i 721	 981 	 926 
i 584	 866 	 823 
i 861	 474 	 474 
i 621	 685 	 780 
i 375	 687 	 742 
i 580	 224 	 279 
i 118	 716 	 619 
i 734	 113 	 181 
i 595	 653 	 634 
i 149	 835 	 758 
i 128	 515 	 582 
i 977	 716 	 700 
i 387	 970 	 927 
i 34	 526 	 607 
i 682	 504 	 460 
i 809	 307 	 379 
i 490	 111 	 207 
i 492	 128 	 170 
i 103	 877 	 838 
i 917	 349 	 340 
i 373	 454 	 471 
i 54	 311 	 323 
i 21	 688 	 778 
i 487	 942 	 1038 
i 929	 859 	 892 
i 151	 221 	 215 
i 153	 988 	 1080 
i 172	 970 	 961 
i 34	 716 	 727 
i 302	 992 	 987 
i 688	 510 	 579 
i 913	 141 	 221 
i 563	 643 	 727 
i 498	 599 	 581 
i 340	 585 	 552 
i 464	 288 	 286 
i 451	 710 	 738 
i 417	 678 	 741 
i 99	 195 	 264 
i 90	 692 	 622 
i 539	 227 	 294 
i 574	 981 	 1031 
i 172	 895 	 858 
i 721	 826 	 888 
i 255	 302 	 232 
i 454	 604 	 627 
i 128	 151 	 64 
i 766	 723 	 720 
i 861	 558 	 574 
i 516	 424 	 458 
i 646	 558 	 500 
i 626	 415 	 472 
i 508	 195 	 286 
i 313	 476 	 512 
i 528	 311 	 397 
i 83	 448 	 425 
i 129	 998 	 1001 
i 817	 170 	 126 
i 321	 602 	 530 
i 673	 233 	 265 
i 178	 832 	 793 
i 520	 133 	 219 
i 615	 832 	 820 
i 27	 795 	 845 
i 253	 511 	 467 
i 633	 453 	 425 
i 631	 799 	 797 
i 698	 369 	 330 
i 251	 621 	 647 
i 388	 749 	 709 
i 200	 447 	 443 
i 225	 720 	 620 
i 36	 660 	 683 
i 806	 163 	 191 
i 257	 833 	 912 
i 642	 194 	 199 
i 416	 518 	 450 
i 707	 955 	 1026 
i 282	 341 	 262 
i 1	 902 	 901 
i 379	 283 	 322 
i 65	 710 	 794 
i 682	 711 	 802 
i 741	 370 	 422 
i 553	 941 	 844 
i 647	 849 	 881 
i 106	 430 	 345 
i 56	 573 	 630 
i 316	 446 	 359 
i 206	 543 	 456 
i 399	 985 	 974 
i 74	 715 	 717 
i 749	 644 	 582 
i 41	 606 	 693 
i 974	 395 	 392 
i 805	 412 	 339 
i 165	 111 	 59 
i 685	 180 	 139 
i 63	 878 	 900 
i 549	 938 	 1001 
i 532	 998 	 941 
i 212	 506 	 464 
i 812	 960 	 867 
i 369	 244 	 159 
i 689	 186 	 96 
i 28	 621 	 692 
i 29	 742 	 646 
i 108	 956 	 997 
i 970	 331 	 385 
i 901	 875 	 839 
i 899	 713 	 783 
i 344	 905 	 818 
i 299	 274 	 349 
i 449	 309 	 258 
i 534	 380 	 467 
i 109	 428 	 520 
i 818	 304 	 402 
i 769	 326 	 245 
i 17	 957 	 870 
i 876	 754 	 848 
i 554	 151 	 225 
i 447	 910 	 852 
i 631	 969 	 971 
i 854	 860 	 952 
i 158	 190 	 189 
i 515	 133 	 153 
i 733	 989 	 973 
i 975	 982 	 920 
i 927	 181 	 122 
i 651	 243 	 159 
i 697	 217 	 244 
i 596	 991 	 908 
i 561	 292 	 335 
i 404	 748 	 762 
i 494	 713 	 758 
i 519	 265 	 213 
i 507	 803 	 898 
i 487	 289 	 379 
i 566	 459 	 534 
i 715	 644 	 650 
i 835	 719 	 664 
i 825	 397 	 461 
i 30	 474 	 451 
i 746	 222 	 280 
i 424	 730 	 686 
i 598	 490 	 550 
i 377	 707 	 668 
i 578	 687 	 746 
i 969	 645 	 617 
i 569	 538 	 453 
i 254	 121 	 203 
i 577	 324 	 371 
i 985	 168 	 221 
i 111	 511 	 513 
i 808	 325 	 412 
i 235	 577 	 584 
i 905	 402 	 484 
i 554	 678 	 676 
i 156	 497 	 489 
i 636	 819 	 725 
i 648	 888 	 844 
i 888	 811 	 883 
i 953	 579 	 648 
i 404	 373 	 464 
i 645	 830 	 883 
i 171	 775 	 675 
i 499	 363 	 444 
i 137	 287 	 278 
i 571	 724 	 746 
i 368	 245 	 195 
i 243	 272 	 351 
i 32	 525 	 582 
i 558	 402 	 450 
i 852	 266 	 195 
i 662	 229 	 287 
i 409	 910 	 1002 
i 694	 910 	 901 
i 892	 826 	 845 
i 582	 345 	 278 
i 734	 892 	 899 
i 915	 226 	 281 
i 383	 137 	 198 
i 711	 837 	 810 
i 886	 607 	 550 
i 20	 737 	 813 
i 918	 551 	 509 
i 817	 516 	 612 
i 622	 925 	 1000 
i 885	 566 	 557 
i 764	 714 	 652 
i 894	 301 	 222 
i 923	 994 	 992 
i 741	 824 	 764 
i 300	 262 	 179 
i 4	 457 	 378 
i 499	 352 	 257 
i 955	 610 	 678 
i 871	 597 	 590 
i 383	 487 	 457 
i 63	 896 	 819 
i 277	 178 	 79 
i 271	 275 	 361 
i 74	 712 	 746 
i 244	 891 	 985 
i 633	 970 	 1065 
i 905	 177 	 172 
i 468	 201 	 187 
i 15	 951 	 911 
i 438	 476 	 513 
i 321	 788 	 837 
i 398	 891 	 796 
i 582	 899 	 858 
i 259	 840 	 813 
i 137	 550 	 572 
i 105	 527 	 476 
i 180	 507 	 437 
i 281	 930 	 953 
i 227	 425 	 451 
i 638	 694 	 608 
i 400	 414 	 392 
i 278	 190 	 247 
i 166	 212 	 186 
i 986	 475 	 501 
i 481	 803 	 856 
i 948	 459 	 533 
i 394	 677 	 587 
i 316	 812 	 778 
i 670	 473 	 484 
i 326	 146 	 85 
i 667	 210 	 229 
i 756	 559 	 634 
i 871	 372 	 280 
i 282	 703 	 608 
i 61	 375 	 376 
i 453	 168 	 159 
i 91	 943 	 1013 
i 879	 989 	 922 
i 287	 396 	 463 
i 327	 893 	 825 
i 438	 180 	 246 
i 942	 712 	 729 
i 237	 602 	 593 
i 902	 639 	 686 
i 200	 664 	 724 
i 265	 227 	 177 
i 201	 634 	 602 
i 190	 502 	 446 
i 510	 652 	 653 
i 391	 507 	 574 
i 469	 653 	 607 
i 146	 502 	 445 
i 698	 135 	 125 
i 293	 542 	 512 
i 915	 311 	 321 
i 47	 133 	 196 
i 635	 358 	 261 
i 76	 663 	 604 
i 685	 860 	 903 
i 132	 423 	 345 
i 741	 277 	 292 
i 182	 520 	 565 
i 209	 712 	 696 
i 694	 225 	 268 
i 919	 540 	 566 
i 945	 144 	 179 
i 224	 872 	 834 
i 844	 889 	 866 
i 688	 186 	 100 
i 40	 826 	 766 
i 226	 924 	 1012 
i 686	 550 	 475 
i 363	 306 	 273 
i 491	 682 	 587 
i 974	 429 	 518 
i 13	 990 	 1068 
i 868	 702 	 625 
i 744	 980 	 1072 
i 829	 435 	 465 
i 634	 500 	 538 
i 549	 681 	 764 
i 44	 632 	 652 
i 264	 744 	 837 
i 906	 153 	 144 
i 265	 179 	 165 
i 254	 135 	 123 
i 919	 930 	 892 
i 896	 147 	 58 
i 262	 114 	 191 
i 700	 693 	 696 
i 342	 417 	 330 
i 928	 343 	 265 
i 640	 879 	 853 
i 688	 849 	 805 
i 765	 366 	 375 
i 793	 750 	 809 
i 715	 256 	 299 
i 755	 533 	 556 
i 759	 583 	 658 
i 414	 481 	 496 
i 759	 943 	 1026 
i 22	 114 	 183 
i 886	 213 	 210 
i 717	 546 	 481 
i 5	 796 	 884 
i 724	 392 	 438 
i 887	 214 	 203 
i 364	 853 	 794 
i 895	 511 	 603 
i 312	 402 	 377 
i 248	 916 	 843 
i 252	 844 	 776 
i 367	 709 	 618 
i 856	 253 	 305 
i 628	 410 	 463 
i 944	 358 	 356 
i 61	 122 	 98 
i 895	 522 	 570 
i 346	 704 	 731 
i 673	 673 	 763 
i 579	 121 	 60 
i 405	 244 	 234 
i 78	 386 	 449 
i 239	 427 	 461 
i 575	 217 	 177 
i 853	 900 	 849 
i 866	 448 	 409 
i 329	 786 	 726 
i 996	 558 	 567 
i 629	 237 	 181 
i 640	 193 	 253 
i 790	 370 	 310 
i 101	 771 	 727 
i 457	 608 	 612 
i 576	 319 	 238 
i 464	 588 	 677 
i 843	 807 	 870 
i 604	 190 	 118 
i 108	 370 	 298 
i 250	 856 	 910 
i 343	 163 	 145 
i 635	 875 	 815 
i 377	 168 	 128 
i 937	 419 	 470 
i 172	 882 	 848 
i 708	 967 	 1026 
i 491	 922 	 950 
i 581	 758 	 706 
i 872	 887 	 857 
i 711	 123 	 143 
i 771	 808 	 896 
i 630	 284 	 299 
i 695	 463 	 554 
i 43	 730 	 808 
i 909	 515 	 428 
i 873	 811 	 865 
i 786	 631 	 583 
i 514	 312 	 381 
i 387	 529 	 572 
i 402	 842 	 827 
i 186	 488 	 428 
i 381	 438 	 504 
i 777	 953 	 958 
i 474	 914 	 927 
i 928	 819 	 814 
i 717	 877 	 847 
i 303	 676 	 603 
i 530	 911 	 941 
i 1	 773 	 680 
i 823	 523 	 511 
i 248	 905 	 930 
i 617	 194 	 95 
i 564	 933 	 989 
i 468	 512 	 463 
i 266	 128 	 65 
i 128	 553 	 633 
i 763	 865 	 806 
i 663	 988 	 1035 
i 409	 678 	 725 
i 873	 713 	 725 
i 766	 216 	 278 
i 860	 773 	 758 
i 785	 780 	 878 
i 237	 588 	 580 
i 256	 818 	 863 
i 753	 985 	 1055 
i 603	 900 	 923 
i 590	 196 	 151 
i 229	 852 	 889 
i 906	 619 	 631 
i 26	 230 	 195 
i 770	 950 	 887 
i 524	 441 	 535 
i 61	 434 	 376 
i 856	 843 	 836 
i 840	 599 	 543 
i 728	 469 	 533 
i 823	 128 	 110 
i 657	 377 	 405 
i 230	 989 	 998 
i 364	 600 	 614 
i 309	 892 	 860 
i 681	 171 	 244 
i 45	 148 	 233 
i 868	 335 	 392 
i 418	 750 	 775 
i 821	 945 	 915 
i 840	 788 	 723 
i 140	 266 	 332 
i 129	 836 	 748 
i 679	 434 	 419 
i 558	 944 	 991 
i 626	 361 	 344 
i 668	 243 	 235 
i 920	 180 	 146 
i 639	 878 	 927 
i 578	 545 	 558 
i 340	 858 	 840 
i 514	 127 	 137 
i 331	 869 	 904 
i 694	 925 	 896 
i 632	 417 	 500 
i 913	 182 	 190 
i 63	 553 	 494 
i 140	 964 	 890 
i 4	 369 	 422 
i 491	 146 	 115 
i 333	 652 	 689 
i 351	 128 	 68 
i 204	 618 	 624 
i 121	 332 	 277 
i 465	 651 	 722 
i 545	 576 	 630 
i 44	 169 	 235 
i 4	 356 	 450 
i 294	 471 	 566 
i 334	 266 	 259 
i 943	 574 	 634 
i 963	 296 	 226 
i 534	 474 	 445 
i 783	 947 	 942 
i 391	 259 	 347 
i 914	 132 	 129 
i 980	 818 	 823 
i 256	 670 	 676 
i 662	 646 	 711 
i 837	 625 	 557 
i 359	 152 	 72 
i 567	 864 	 777 
i 976	 998 	 1018 
i 917	 425 	 401 
i 84	 848 	 903 
i 109	 795 	 832 
i 903	 338 	 372 
i 532	 809 	 894 
i 135	 393 	 410 
i 714	 240 	 225 
i 760	 383 	 439 
i 608	 476 	 446 
i 607	 536 	 501 
i 960	 182 	 130 
i 790	 524 	 489 
i 561	 324 	 311 
i 816	 937 	 905 
i 602	 644 	 718 
i 919	 579 	 480 
i 66	 213 	 257 
i 372	 591 	 587 
i 782	 400 	 318 
i 261	 712 	 751 
i 340	 115 	 146 
i 805	 333 	 322 
i 45	 625 	 526 
i 974	 124 	 189 
i 575	 427 	 412 
i 102	 314 	 283 
i 217	 321 	 303 
i 757	 963 	 1019 
i 83	 503 	 516 
i 759	 583 	 648 
i 764	 313 	 246 
i 15	 898 	 992 
i 593	 407 	 310 
i 608	 415 	 513 
i 964	 259 	 272 
i 194	 639 	 672 
i 431	 947 	 1023 
i 390	 424 	 452 
i 831	 232 	 276 
i 363	 734 	 730 
i 590	 580 	 529 
i 476	 727 	 679 
i 809	 702 	 772 
i 152	 716 	 708 
i 319	 708 	 693 
i 913	 321 	 345 
i 854	 914 	 824 
i 207	 811 	 799 
i 344	 492 	 446 
i 46	 246 	 273 
i 573	 676 	 621 
i 267	 896 	 936 
i 931	 240 	 242 
i 612	 111 	 143 
i 284	 523 	 619 
i 521	 904 	 983 
i 426	 567 	 616 
i 214	 614 	 705 
i 642	 119 	 79 
i 795	 362 	 331 
i 432	 928 	 1011 
i 316	 240 	 177 
i 462	 865 	 788 
i 463	 431 	 476 
i 927	 132 	 34 
i 819	 116 	 122 
i 333	 912 	 1004 
i 899	 689 	 623 
i 908	 651 	 714 
i 192	 918 	 940 
i 111	 336 	 244 
i 257	 264 	 235 
i 106	 429 	 493 
i 466	 533 	 489 
i 489	 292 	 234 
i 495	 304 	 210 
i 397	 780 	 752 
i 48	 744 	 696 
i 656	 899 	 833 
i 564	 736 	 708 
i 818	 391 	 385 
i 990	 430 	 476 
i 349	 749 	 816 
i 823	 590 	 550 
i 29	 842 	 900 
i 247	 141 	 98 
i 999	 168 	 204 
i 712	 492 	 538 
i 599	 726 	 703 
i 303	 878 	 968 
i 618	 312 	 365 
i 977	 734 	 785 
i 695	 494 	 415 
i 235	 349 	 435 
i 58	 617 	 709 
i 93	 432 	 373 
i 158	 687 	 628 
i 586	 405 	 488 
i 279	 167 	 170 
i 142	 511 	 575 
i 369	 468 	 455 
i 70	 263 	 246 
i 502	 939 	 861 
i 769	 146 	 115 
i 340	 975 	 955 
i 701	 940 	 939 
i 349	 235 	 266 
i 681	 418 	 366 
i 744	 346 	 349 
i 195	 806 	 838 
i 597	 647 	 553 
i 768	 148 	 68 
i 700	 519 	 539 
i 740	 618 	 592 
i 712	 927 	 969 
i 645	 398 	 380 
i 784	 840 	 892 
c
c
W 1014003
c end of file