c Instance Type c
c
n 4000
c w	 v1	 v2
i 713	 515 	 581 
i 106	 907 	 1005 
i 856	 857 	 795 
i 250	 771 	 757 
i 772	 979 	 1061 
i 209	 148 	 100 
i 286	 957 	 857 
i 305	 503 	 540 
i 26	 707 	 638 
i 54	 305 	 327 
i 509	 435 	 400 
i 405	 287 	 273 
i 245	 279 	 236 
i 987	 449 	 456 
i 964	 834 	 795 
i 7	 755 	 758 
i 958	 987 	 1047 
i 401	 990 	 911 
i 72	 712 	 638 
i 291	 851 	 788 
i 655	 506 	 545 
i 854	 795 	 715 
i 44	 288 	 256 
i 425	 543 	 509 
i 239	 131 	 90 
i 963	 405 	 365 
i 949	 865 	 817 
i 938	 690 	 722 
i 615	 786 	 832 
i 448	 905 	 809 
i 892	 182 	 217 
i 662	 800 	 806 
i 862	 889 	 904 
i 349	 306 	 206 
i 371	 601 	 549 
i 702	 864 	 804 
i 551	 244 	 174 
i 202	 476 	 394 
i 961	 176 	 217 
i 855	 828 	 758 
i 935	 849 	 758 
i 710	 564 	 605 
i 586	 149 	 163 
i 806	 662 	 745 
i 358	 663 	 621 
i 205	 877 	 975 
i 355	 168 	 176 
i 766	 304 	 353 
i 840	 385 	 426 
i 647	 124 	 136 
i 478	 261 	 260 
i 988	 302 	 243 
i 32	 931 	 989 
i 652	 549 	 569 
i 274	 477 	 568 
i 136	 735 	 667 
i 201	 729 	 732 
i 419	 323 	 280 
i 728	 986 	 911 
i 743	 725 	 779 
i 912	 336 	 286 
i 128	 779 	 726 
i 52	 964 	 918 
i 545	 781 	 865 
i 957	 425 	 364 
i 660	 388 	 354 
i 356	 533 	 539 
i 595	 994 	 1084 
i 579	 359 	 395 
i 271	 470 	 454 
i 525	 268 	 235 
i 277	 491 	 483 
i 236	 704 	 707 
i 989	 944 	 856 
i 344	 875 	 778 
i 656	 161 	 196 
i 133	 456 	 362 
i 127	 929 	 954 
i 406	 887 	 828 
i 811	 602 	 597 
i 988	 979 	 879 
i 417	 390 	 346 
i 85	 803 	 806 
i 22	 373 	 374 
i 882	 427 	 496 
i 938	 444 	 445 
i 327	 158 	 185 
i 248	 189 	 242 
i 121	 748 	 682 
i 674	 934 	 1030 
i 651	 470 	 564 
i 965	 474 	 451 
i 744	 723 	 717 
i 40	 293 	 291 
i 396	 742 	 717 
i 770	 609 	 571 
i 824	 170 	 198 
i 912	 738 	 815 
i 630	 529 	 430 
i 556	 682 	 718 
i 960	 666 	 632 
i 369	 640 	 600 
i 58	 985 	 893 
i 263	 515 	 431 
i 973	 954 	 950 
i 534	 399 	 349 
i 601	 679 	 594 
i 307	 360 	 457 
i 777	 260 	 283 
i 420	 269 	 203 
i 46	 876 	 802 
i 641	 285 	 285 
i 625	 552 	 564 
i 80	 592 	 656 
i 30	 667 	 726 
i 354	 205 	 171 
i 993	 429 	 515 
i 274	 496 	 443 
i 442	 486 	 389 
i 620	 146 	 133 
i 482	 301 	 297 
i 678	 421 	 345 
i 175	 868 	 917 
i 716	 479 	 544 
i 342	 323 	 394 
i 449	 143 	 85 
i 807	 438 	 378 
i 241	 378 	 373 
i 663	 591 	 675 
i 704	 606 	 614 
i 918	 994 	 898 
i 267	 534 	 573 
i 120	 644 	 718 
i 534	 421 	 439 
i 772	 268 	 354 
i 809	 141 	 117 
i 178	 329 	 266 
i 479	 511 	 496 
i 19	 936 	 854 
i 576	 866 	 925 
i 570	 457 	 499 
i 47	 477 	 573 
i 647	 210 	 130 
i 995	 987 	 1013 
i 173	 623 	 604 
i 208	 563 	 506 
i 454	 902 	 880 
i 904	 181 	 255 
i 833	 563 	 641 
i 683	 646 	 639 
i 73	 466 	 373 
i 484	 212 	 129 
i 596	 196 	 242 
i 582	 286 	 331 
i 159	 850 	 930 
i 668	 324 	 245 
i 559	 517 	 529 
i 638	 867 	 860 
i 148	 755 	 714 
i 750	 660 	 756 
i 150	 187 	 97 
i 264	 222 	 229 
i 360	 297 	 224 
i 558	 948 	 991 
i 390	 706 	 781 
i 630	 617 	 625 
i 87	 713 	 633 
i 938	 324 	 372 
i 663	 738 	 815 
i 281	 115 	 142 
i 368	 988 	 1045 
i 492	 148 	 58 
i 702	 628 	 610 
i 644	 748 	 842 
i 314	 497 	 469 
i 884	 388 	 486 
i 563	 872 	 787 
i 802	 964 	 867 
i 508	 735 	 770 
i 513	 636 	 727 
i 501	 315 	 280 
i 543	 127 	 190 
i 125	 174 	 178 
i 841	 541 	 474 
i 277	 515 	 511 
i 588	 836 	 809 
i 445	 827 	 912 
i 406	 896 	 942 
i 108	 910 	 857 
i 699	 624 	 674 
i 929	 589 	 539 
i 948	 880 	 939 
i 20	 719 	 803 
i 504	 295 	 347 
i 959	 443 	 350 
i 774	 870 	 895 
i 581	 306 	 220 
i 464	 243 	 238 
i 363	 893 	 910 
i 940	 216 	 172 
i 479	 885 	 827 
i 344	 221 	 153 
i 29	 929 	 865 
i 236	 859 	 896 
i 609	 647 	 676 
i 464	 682 	 666 
i 684	 350 	 250 
i 833	 415 	 408 
i 712	 839 	 904 
i 831	 471 	 524 
i 703	 724 	 673 
i 827	 914 	 932 
i 748	 170 	 194 
i 590	 332 	 403 
i 195	 943 	 936 
i 837	 629 	 714 
i 107	 114 	 136 
i 449	 115 	 104 
i 269	 529 	 460 
i 673	 377 	 475 
i 363	 173 	 211 
i 267	 394 	 398 
i 334	 920 	 874 
i 584	 583 	 655 
i 520	 456 	 367 
i 104	 870 	 948 
i 108	 807 	 906 
i 113	 464 	 453 
i 584	 862 	 905 
i 884	 114 	 92 
i 954	 996 	 1046 
i 274	 724 	 628 
i 185	 299 	 270 
i 716	 539 	 626 
i 105	 416 	 407 
i 959	 465 	 477 
i 743	 370 	 403 
i 142	 369 	 425 
i 986	 768 	 741 
i 990	 517 	 467 
i 986	 865 	 806 
i 676	 646 	 641 
i 887	 665 	 697 
i 370	 981 	 957 
i 713	 926 	 923 
i 113	 446 	 435 
i 404	 946 	 883 
i 695	 652 	 617 
i 435	 459 	 422 
i 892	 785 	 746 
i 741	 120 	 78 
i 344	 303 	 396 
i 967	 729 	 800 
i 946	 431 	 376 
i 864	 769 	 856 
i 241	 312 	 222 
i 181	 708 	 699 
i 790	 876 	 806 
i 183	 280 	 297 
i 941	 560 	 555 
i 952	 832 	 775 
i 169	 203 	 215 
i 865	 174 	 180 
i 226	 935 	 930 
i 966	 247 	 215 
i 194	 193 	 209 
i 866	 238 	 290 
i 726	 643 	 653 
i 916	 777 	 824 
i 422	 408 	 443 
i 234	 833 	 858 
i 338	 139 	 198 
i 410	 639 	 671 
i 338	 221 	 298 
i 491	 645 	 716 
i 583	 948 	 857 
i 727	 577 	 659 
i 326	 366 	 394 
i 76	 857 	 868 
i 410	 622 	 717 
i 223	 335 	 277 
i 254	 894 	 904 
i 848	 715 	 807 
i 973	 415 	 374 
i 574	 316 	 374 
i 517	 187 	 161 
i 42	 231 	 151 
i 329	 155 	 140 
i 169	 725 	 725 
i 744	 332 	 414 
i 996	 314 	 240 
i 878	 504 	 481 
i 558	 995 	 942 
i 900	 961 	 902 
i 133	 338 	 394 
i 219	 151 	 111 
i 354	 483 	 451 
i 404	 573 	 607 
i 95	 952 	 1019 
i 344	 509 	 525 
i 572	 431 	 447 
i 15	 550 	 541 
i 10	 895 	 798 
i 965	 216 	 299 
i 221	 402 	 312 
i 267	 210 	 163 
i 686	 478 	 502 
i 206	 782 	 687 
i 153	 490 	 414 
i 601	 347 	 339 
i 961	 866 	 773 
i 455	 494 	 404 
i 337	 902 	 814 
i 456	 917 	 822 
i 783	 844 	 793 
i 895	 888 	 890 
i 309	 238 	 177 
i 65	 792 	 773 
i 491	 815 	 826 
i 757	 923 	 854 
i 607	 448 	 371 
i 39	 481 	 496 
i 928	 526 	 608 
i 835	 580 	 553 
i 660	 603 	 533 
i 535	 823 	 732 
i 678	 390 	 361 
i 445	 567 	 551 
i 238	 927 	 1009 
i 152	 534 	 567 
i 531	 675 	 630 
i 947	 781 	 743 
i 415	 404 	 352 
i 943	 326 	 241 
i 498	 653 	 700 
i 300	 788 	 742 
i 614	 830 	 920 
i 128	 257 	 236 
i 46	 631 	 657 
i 522	 552 	 609 
i 157	 258 	 221 
i 911	 503 	 455 
i 241	 783 	 818 
i 483	 999 	 1023 
i 93	 180 	 104 
i 854	 836 	 820 
i 663	 190 	 97 
i 828	 147 	 79 
i 415	 499 	 440 
i 911	 174 	 220 
i 78	 872 	 949 
i 519	 265 	 324 
i 276	 500 	 408 
i 275	 216 	 220 
i 353	 770 	 793 
i 169	 878 	 872 
i 258	 364 	 290 
i 299	 395 	 487 
i 736	 539 	 514 
i 807	 725 	 682 
i 663	 485 	 458 
i 837	 385 	 462 
i 276	 206 	 138 
i 394	 242 	 229 
i 136	 707 	 764 
i 999	 365 	 456 
i 285	 783 	 725 
i 605	 903 	 905 
i 88	 870 	 819 
i 778	 316 	 227 
i 200	 573 	 617 
i 508	 899 	 910 
i 615	 797 	 863 
i 763	 941 	 886 
i 433	 439 	 411 
i 720	 250 	 222 
i 477	 212 	 241 
i 368	 403 	 353 
i 222	 859 	 826 
i 453	 192 	 115 
i 973	 242 	 205 
i 860	 882 	 946 
i 633	 489 	 476 
i 567	 340 	 280 
i 936	 542 	 569 
i 94	 864 	 835 
i 208	 297 	 363 
i 536	 872 	 811 
i 378	 207 	 191 
i 470	 508 	 582 
i 618	 611 	 680 
i 486	 892 	 933 
i 911	 736 	 704 
i 170	 237 	 318 
i 655	 417 	 485 
i 504	 982 	 1069 
i 713	 409 	 338 
i 570	 259 	 295 
i 678	 437 	 348 
i 125	 811 	 816 
i 688	 699 	 628 
i 568	 564 	 590 
i 271	 304 	 312 
i 414	 607 	 649 
i 759	 526 	 499 
i 739	 387 	 461 
i 75	 332 	 349 
i 242	 461 	 392 
i 609	 178 	 245 
i 397	 231 	 322 
i 60	 701 	 730 
i 570	 832 	 775 
i 787	 505 	 502 
i 347	 989 	 1069 
i 813	 735 	 766 
i 125	 175 	 154 
i 374	 951 	 945 
i 768	 584 	 627 
i 844	 724 	 688 
i 979	 577 	 621 
i 643	 541 	 597 
i 455	 229 	 199 
i 898	 421 	 348 
i 886	 854 	 851 
i 589	 766 	 725 
i 661	 463 	 447 
i 607	 818 	 877 
i 140	 350 	 363 
i 829	 986 	 967 
i 354	 385 	 362 
i 838	 138 	 44 
i 971	 833 	 830 
i 320	 256 	 233 
i 156	 380 	 334 
i 893	 811 	 883 
i 290	 188 	 192 
i 87	 565 	 490 
i 356	 385 	 338 
i 341	 888 	 807 
i 650	 363 	 353 
i 681	 708 	 665 
i 493	 737 	 689 
i 657	 280 	 296 
i 959	 623 	 670 
i 748	 864 	 890 
i 835	 741 	 825 
i 347	 316 	 217 
i 655	 430 	 402 
i 530	 669 	 709 
i 813	 755 	 725 
i 486	 267 	 173 
i 190	 525 	 530 
i 381	 757 	 693 
i 957	 384 	 312 
i 805	 150 	 228 
i 514	 711 	 756 
i 745	 640 	 555 
i 105	 645 	 691 
i 732	 967 	 919 
i 458	 703 	 617 
i 634	 128 	 139 
i 101	 158 	 207 
i 827	 627 	 553 
i 135	 791 	 708 
i 180	 919 	 997 
i 855	 824 	 805 
i 450	 582 	 512 
i 52	 649 	 600 
i 17	 409 	 507 
i 683	 641 	 630 
i 703	 706 	 622 
i 756	 315 	 251 
i 338	 981 	 882 
i 104	 209 	 137 
i 13	 288 	 252 
i 815	 194 	 129 
i 345	 557 	 582 
i 950	 694 	 730 
i 287	 924 	 963 
i 883	 915 	 891 
i 553	 425 	 341 
i 783	 498 	 566 
i 762	 661 	 596 
i 873	 670 	 626 
i 73	 798 	 756 
i 167	 198 	 119 
i 669	 358 	 348 
i 326	 918 	 899 
i 240	 635 	 673 
i 146	 367 	 382 
i 499	 705 	 630 
i 935	 780 	 862 
i 555	 638 	 672 
i 184	 797 	 806 
i 957	 158 	 182 
i 56	 420 	 477 
i 334	 517 	 508 
i 242	 921 	 977 
i 831	 393 	 297 
i 120	 119 	 52 
i 789	 630 	 663 
i 542	 744 	 764 
i 136	 665 	 596 
i 908	 375 	 343 
i 961	 862 	 821 
i 310	 525 	 495 
i 767	 335 	 372 
i 679	 741 	 826 
i 996	 547 	 599 
i 6	 566 	 642 
i 590	 715 	 748 
i 303	 419 	 361 
i 926	 954 	 923 
i 225	 205 	 156 
i 70	 508 	 451 
i 535	 772 	 777 
i 788	 198 	 156 
i 498	 808 	 902 
i 988	 745 	 839 
i 501	 532 	 627 
i 182	 425 	 438 
i 528	 132 	 205 
i 477	 320 	 379 
i 583	 629 	 532 
i 30	 857 	 774 
i 774	 161 	 185 
i 872	 631 	 613 
i 657	 893 	 975 
i 371	 870 	 949 
i 845	 843 	 823 
i 200	 822 	 838 
i 223	 436 	 358 
i 458	 319 	 336 
i 42	 137 	 70 
i 880	 154 	 93 
i 938	 234 	 328 
i 523	 789 	 858 
i 403	 267 	 267 
i 257	 187 	 261 
i 81	 987 	 1030 
i 880	 454 	 537 
i 247	 972 	 900 
i 482	 180 	 199 
i 512	 702 	 730 
i 561	 853 	 857 
i 699	 141 	 133 
i 462	 118 	 214 
i 638	 870 	 847 
i 725	 428 	 456 
i 711	 316 	 360 
i 98	 955 	 975 
i 66	 882 	 952 
i 145	 119 	 85 
i 810	 652 	 720 
i 646	 333 	 314 
i 680	 797 	 718 
i 689	 317 	 330 
i 543	 303 	 244 
i 899	 646 	 732 
i 131	 329 	 357 
i 80	 972 	 1019 
i 947	 620 	 680 
i 957	 488 	 577 
i 566	 784 	 835 
i 816	 646 	 627 
i 589	 118 	 35 
i 821	 211 	 266 
i 38	 716 	 679 
i 640	 899 	 842 
i 885	 837 	 806 
i 854	 518 	 503 
i 428	 286 	 261 
i 853	 112 	 78 
i 611	 956 	 1035 
i 214	 743 	 786 
i 223	 214 	 174 
i 336	 291 	 216 
i 18	 980 	 912 
i 903	 373 	 433 
i 721	 567 	 604 
i 180	 876 	 884 
i 377	 368 	 462 
i 379	 702 	 767 
i 330	 998 	 985 
i 41	 908 	 938 
i 158	 655 	 729 
i 360	 926 	 868 
i 338	 149 	 94 
i 633	 295 	 221 
i 147	 121 	 191 
i 8	 734 	 640 
i 297	 329 	 310 
i 961	 305 	 362 
i 959	 151 	 74 
i 856	 540 	 471 
i 469	 230 	 192 
i 386	 119 	 153 
i 429	 306 	 208 
i 636	 509 	 538 
i 648	 626 	 684 
i 350	 495 	 554 
i 596	 523 	 442 
i 815	 886 	 797 
i 860	 697 	 600 
i 344	 800 	 874 
i 479	 940 	 908 
i 488	 331 	 376 
i 708	 930 	 861 
i 156	 941 	 1000 
i 735	 625 	 613 
i 168	 440 	 498 
i 631	 261 	 238 
i 504	 347 	 287 
i 164	 398 	 311 
i 939	 413 	 394 
i 872	 301 	 378 
i 120	 605 	 580 
i 42	 365 	 281 
i 975	 505 	 453 
i 554	 323 	 418 
i 925	 717 	 645 
i 95	 533 	 588 
i 361	 879 	 834 
i 683	 172 	 160 
i 24	 230 	 206 
i 238	 593 	 543 
i 794	 493 	 467 
i 80	 827 	 809 
i 524	 902 	 880 
i 763	 226 	 314 
i 446	 205 	 278 
i 921	 332 	 424 
i 785	 132 	 96 
i 854	 380 	 281 
i 988	 774 	 680 
i 532	 224 	 177 
i 962	 449 	 361 
i 768	 781 	 709 
i 659	 261 	 294 
i 789	 608 	 593 
i 895	 558 	 633 
i 145	 442 	 501 
i 170	 411 	 427 
i 473	 699 	 686 
i 220	 707 	 692 
i 347	 735 	 826 
i 728	 974 	 1057 
i 482	 141 	 178 
i 651	 268 	 237 
i 211	 860 	 787 
i 714	 354 	 260 
i 88	 243 	 178 
i 426	 952 	 921 
i 88	 581 	 644 
i 759	 969 	 876 
i 461	 459 	 436 
i 432	 421 	 343 
i 467	 350 	 369 
i 643	 962 	 911 
i 487	 381 	 372 
i 761	 503 	 437 
i 910	 531 	 482 
i 856	 688 	 725 
i 385	 996 	 1050 
i 351	 836 	 842 
i 743	 871 	 969 
i 93	 325 	 310 
i 363	 426 	 504 
i 320	 956 	 963 
i 625	 287 	 191 
i 66	 694 	 750 
i 538	 847 	 885 
i 188	 189 	 199 
i 184	 799 	 886 
i 999	 597 	 554 
i 854	 181 	 86 
i 96	 176 	 100 
i 450	 554 	 551 
i 402	 458 	 519 
i 600	 935 	 921 
i 257	 956 	 955 
i 85	 764 	 670 
i 174	 492 	 436 
i 947	 981 	 962 
i 495	 923 	 904 
i 574	 289 	 240 
i 647	 316 	 287 
i 147	 425 	 486 
i 538	 857 	 798 
i 465	 684 	 745 
i 416	 178 	 90 
i 151	 619 	 548 
i 579	 650 	 614 
i 558	 848 	 801 
i 473	 320 	 372 
i 674	 681 	 648 
i 904	 912 	 1009 
i 259	 338 	 264 
i 98	 165 	 198 
i 743	 349 	 276 
i 819	 178 	 188 
i 392	 234 	 274 
i 998	 366 	 322 
i 828	 651 	 719 
i 65	 890 	 852 
i 706	 680 	 777 
i 607	 980 	 1058 
i 863	 967 	 896 
i 924	 195 	 144 
i 194	 791 	 889 
i 269	 911 	 973 
i 408	 512 	 452 
i 694	 247 	 187 
i 303	 497 	 402 
i 180	 355 	 273 
i 820	 633 	 692 
i 798	 621 	 602 
i 761	 525 	 478 
i 857	 658 	 596 
i 622	 878 	 855 
i 522	 871 	 902 
i 973	 702 	 614 
i 128	 881 	 932 
i 562	 171 	 83 
i 837	 196 	 144 
i 426	 279 	 191 
i 1	 990 	 1061 
i 467	 462 	 486 
i 83	 702 	 697 
i 946	 875 	 795 
i 801	 331 	 355 
i 467	 915 	 934 
i 334	 972 	 1016 
i 401	 758 	 715 
i 498	 812 	 736 
i 687	 138 	 148 
i 676	 193 	 203 
i 72	 957 	 860 
i 737	 621 	 540 
i 596	 157 	 66 
i 844	 247 	 316 
i 748	 801 	 763 
i 717	 442 	 471 
i 445	 197 	 106 
i 235	 452 	 461 
i 266	 562 	 508 
i 358	 163 	 245 
i 311	 652 	 748 
i 884	 668 	 711 
i 936	 756 	 719 
i 91	 797 	 728 
i 866	 661 	 742 
i 240	 940 	 965 
i 337	 627 	 541 
i 720	 670 	 631 
i 229	 267 	 281 
i 287	 475 	 560 
i 896	 395 	 342 
i 523	 379 	 303 
i 250	 129 	 41 
i 23	 409 	 339 
i 642	 551 	 454 
i 576	 469 	 420 
i 157	 136 	 154 
i 785	 199 	 161 
i 961	 471 	 479 
i 371	 978 	 1043 
i 691	 916 	 961 
i 992	 240 	 189 
i 14	 351 	 350 
i 349	 405 	 409 
i 844	 539 	 471 
i 248	 555 	 602 
i 277	 784 	 863 
i 376	 422 	 458 
i 781	 701 	 729 
i 757	 294 	 196 
i 663	 142 	 182 
i 809	 787 	 826 
i 79	 120 	 162 
i 410	 564 	 476 
i 892	 139 	 219 
i 393	 285 	 215 
i 150	 942 	 927 
i 500	 850 	 911 
i 165	 567 	 584 
i 371	 250 	 218 
i 407	 263 	 164 
i 169	 889 	 952 
i 179	 620 	 698 
i 689	 363 	 323 
i 720	 417 	 356 
i 916	 332 	 350 
i 851	 468 	 516 
i 683	 850 	 798 
i 197	 677 	 658 
i 354	 309 	 364 
i 525	 615 	 551 
i 401	 621 	 591 
i 974	 458 	 464 
i 259	 364 	 307 
i 603	 635 	 722 
i 853	 811 	 882 
i 255	 447 	 488 
i 87	 216 	 194 
i 724	 430 	 447 
i 947	 791 	 879 
i 515	 592 	 585 
i 90	 755 	 828 
i 481	 178 	 246 
i 766	 650 	 570 
i 357	 845 	 885 
i 145	 791 	 802 
i 523	 663 	 725 
i 641	 404 	 483 
i 2	 752 	 776 
i 766	 386 	 400 
i 308	 335 	 252 
i 33	 750 	 685 
i 109	 632 	 663 
i 715	 492 	 476 
i 541	 581 	 636 
i 307	 318 	 402 
i 928	 813 	 802 
i 258	 646 	 563 
i 979	 556 	 473 
i 290	 221 	 292 
i 541	 729 	 661 
i 261	 805 	 744 
i 847	 962 	 922 
i 276	 658 	 561 
i 805	 145 	 156 
i 38	 838 	 911 
i 828	 771 	 829 
i 430	 280 	 190 
i 930	 359 	 265 
i 55	 439 	 403 
i 750	 311 	 383 
i 532	 456 	 380 
i 490	 630 	 723 
i 106	 899 	 848 
i 144	 916 	 825 
i 962	 524 	 441 
i 705	 404 	 487 
i 896	 221 	 190 
i 176	 267 	 222 
i 545	 295 	 261 
i 770	 580 	 496 
i 159	 457 	 479 
i 743	 566 	 486 
i 630	 539 	 480 
i 536	 757 	 727 
i 1	 801 	 764 
i 331	 879 	 783 
i 455	 805 	 888 
i 630	 223 	 141 
i 837	 469 	 496 
i 365	 764 	 745 
i 755	 836 	 849 
i 268	 493 	 454 
i 750	 585 	 673 
i 477	 771 	 766 
i 254	 195 	 190 
i 119	 475 	 536 
i 899	 494 	 446 
i 27	 420 	 498 
i 429	 503 	 549 
i 164	 181 	 100 
i 980	 543 	 613 
i 411	 158 	 81 
i 944	 434 	 507 
i 686	 381 	 350 
i 781	 804 	 824 
i 192	 340 	 383 
i 623	 169 	 192 
i 972	 403 	 432 
i 413	 309 	 223 
i 492	 959 	 906 
i 979	 156 	 99 
i 34	 913 	 938 
i 397	 131 	 145 
i 701	 904 	 856 
i 481	 323 	 231 
i 739	 856 	 802 
i 805	 607 	 678 
i 135	 268 	 333 
i 358	 842 	 790 
i 312	 908 	 954 
i 363	 231 	 273 
i 267	 426 	 475 
i 290	 986 	 914 
i 182	 607 	 675 
i 420	 838 	 803 
i 260	 875 	 787 
i 817	 194 	 267 
i 995	 957 	 857 
i 818	 805 	 777 
i 715	 132 	 166 
i 851	 785 	 692 
i 206	 531 	 491 
i 191	 306 	 324 
i 748	 434 	 488 
i 567	 296 	 234 
i 427	 586 	 576 
i 521	 643 	 597 
i 473	 527 	 480 
i 254	 531 	 447 
i 278	 852 	 912 
i 37	 562 	 592 
i 510	 595 	 666 
i 730	 864 	 773 
i 95	 502 	 561 
i 304	 302 	 274 
i 838	 475 	 532 
i 437	 879 	 841 
i 906	 231 	 287 
i 379	 469 	 376 
i 213	 545 	 508 
i 720	 367 	 337 
i 266	 946 	 1018 
i 114	 819 	 837 
i 554	 861 	 898 
i 769	 680 	 778 
i 180	 113 	 178 
i 44	 815 	 768 
i 180	 203 	 137 
i 582	 899 	 909 
i 71	 932 	 984 
i 359	 324 	 321 
i 299	 637 	 687 
i 96	 515 	 587 
i 939	 153 	 136 
i 580	 765 	 702 
i 583	 756 	 729 
i 376	 604 	 585 
i 479	 841 	 858 
i 366	 995 	 929 
i 291	 596 	 544 
i 531	 387 	 407 
i 124	 818 	 898 
i 579	 596 	 695 
i 627	 475 	 561 
i 363	 847 	 849 
i 89	 124 	 43 
i 645	 450 	 444 
i 467	 814 	 904 
i 462	 448 	 411 
i 8	 601 	 622 
i 319	 816 	 743 
i 115	 462 	 414 
i 661	 373 	 441 
i 72	 369 	 362 
i 899	 311 	 377 
i 915	 769 	 852 
i 297	 855 	 867 
i 88	 386 	 292 
i 468	 343 	 341 
i 20	 626 	 626 
i 813	 278 	 341 
i 209	 401 	 487 
i 504	 635 	 654 
i 795	 494 	 527 
i 22	 910 	 923 
i 761	 760 	 756 
i 599	 689 	 744 
i 909	 302 	 375 
i 171	 330 	 296 
i 750	 768 	 738 
i 938	 325 	 258 
i 266	 164 	 139 
i 855	 995 	 1071 
i 287	 636 	 671 
i 187	 341 	 380 
i 917	 845 	 836 
i 568	 385 	 296 
i 783	 188 	 281 
i 30	 959 	 886 
i 769	 367 	 444 
i 11	 682 	 747 
i 71	 831 	 749 
i 66	 276 	 365 
i 657	 170 	 116 
i 916	 770 	 754 
i 742	 501 	 468 
i 52	 909 	 990 
i 139	 960 	 998 
i 94	 931 	 974 
i 382	 165 	 162 
i 25	 955 	 954 
i 835	 801 	 815 
i 22	 883 	 910 
i 88	 837 	 795 
i 830	 157 	 98 
i 269	 532 	 622 
i 168	 833 	 733 
i 123	 751 	 679 
i 47	 475 	 422 
i 108	 226 	 249 
i 58	 661 	 689 
i 834	 216 	 211 
i 703	 723 	 722 
i 520	 400 	 417 
i 572	 660 	 643 
i 46	 847 	 884 
i 858	 804 	 874 
i 579	 807 	 902 
i 989	 933 	 837 
i 120	 253 	 178 
i 739	 802 	 739 
i 857	 484 	 388 
i 547	 909 	 953 
i 872	 463 	 411 
i 491	 984 	 1047 
i 319	 465 	 537 
i 99	 185 	 229 
i 882	 943 	 902 
i 807	 921 	 878 
i 967	 940 	 921 
i 745	 166 	 95 
i 166	 331 	 231 
i 64	 349 	 359 
i 460	 992 	 976 
i 442	 319 	 401 
i 840	 155 	 101 
i 924	 921 	 887 
i 860	 672 	 614 
i 771	 938 	 842 
i 705	 305 	 402 
i 767	 668 	 714 
i 16	 798 	 878 
i 284	 801 	 893 
i 275	 402 	 386 
i 510	 778 	 851 
i 560	 701 	 742 
i 472	 908 	 934 
i 104	 314 	 312 
i 35	 504 	 456 
i 254	 522 	 615 
i 880	 512 	 558 
i 653	 276 	 326 
i 430	 188 	 94 
i 757	 156 	 117 
i 508	 533 	 596 
i 173	 415 	 390 
i 70	 155 	 224 
i 298	 716 	 806 
i 739	 264 	 361 
i 203	 497 	 445 
i 654	 469 	 393 
i 840	 233 	 287 
i 927	 900 	 840 
i 978	 930 	 1022 
i 455	 315 	 308 
i 797	 153 	 181 
i 846	 489 	 531 
i 527	 356 	 257 
i 699	 314 	 363 
i 135	 302 	 392 
i 537	 516 	 537 
i 675	 624 	 613 
i 563	 423 	 397 
i 484	 603 	 573 
i 714	 569 	 630 
i 763	 986 	 1006 
i 189	 667 	 657 
i 465	 409 	 504 
i 693	 416 	 451 
i 909	 192 	 254 
i 366	 148 	 117 
i 943	 686 	 590 
i 294	 193 	 210 
i 848	 525 	 439 
i 364	 838 	 895 
i 349	 666 	 675 
i 973	 314 	 361 
i 310	 714 	 654 
i 654	 694 	 773 
i 745	 407 	 468 
i 787	 239 	 173 
i 435	 549 	 471 
i 528	 569 	 550 
i 994	 202 	 153 
i 813	 265 	 289 
i 438	 963 	 1056 
i 667	 561 	 649 
i 346	 328 	 278 
i 3	 508 	 589 
i 336	 415 	 445 
i 480	 242 	 230 
i 972	 394 	 469 
i 489	 495 	 475 
i 592	 858 	 837 
i 765	 198 	 140 
i 724	 750 	 779 
i 232	 723 	 686 
i 476	 673 	 705 
i 922	 899 	 931 
i 265	 817 	 717 
i 412	 508 	 504 
i 731	 900 	 890 
i 164	 789 	 877 
i 5	 259 	 265 
i 104	 612 	 571 
i 823	 799 	 703 
i 512	 487 	 437 
i 146	 768 	 814 
i 33	 467 	 497 
i 826	 169 	 252 
i 274	 169 	 135 
i 162	 597 	 509 
i 924	 999 	 943 
i 92	 948 	 893 
i 656	 533 	 499 
i 431	 799 	 730 
i 853	 820 	 853 
i 593	 157 	 219 
i 994	 806 	 875 
i 61	 498 	 532 
i 127	 425 	 514 
i 673	 719 	 640 
i 673	 773 	 679 
i 615	 973 	 897 
i 91	 287 	 342 
i 864	 583 	 525 
i 662	 721 	 633 
i 714	 426 	 457 
i 497	 260 	 290 
i 933	 123 	 165 
i 287	 721 	 788 
i 970	 674 	 676 
i 716	 770 	 707 
i 685	 799 	 859 
i 884	 909 	 987 
i 416	 714 	 765 
i 103	 901 	 884 
i 458	 958 	 884 
i 626	 653 	 678 
i 640	 344 	 356 
i 327	 977 	 1046 
i 960	 834 	 898 
i 702	 400 	 407 
i 476	 565 	 509 
i 375	 388 	 309 
i 54	 291 	 295 
i 942	 962 	 987 
i 896	 445 	 361 
i 507	 562 	 603 
i 769	 232 	 201 
i 743	 732 	 767 
i 557	 598 	 625 
i 883	 438 	 405 
i 395	 915 	 978 
i 706	 223 	 161 
i 909	 318 	 266 
i 867	 782 	 719 
i 244	 449 	 365 
i 751	 522 	 539 
i 888	 264 	 235 
i 588	 574 	 494 
i 137	 286 	 317 
i 506	 852 	 860 
i 411	 264 	 351 
i 537	 988 	 1016 
i 770	 268 	 278 
i 525	 485 	 468 
i 905	 651 	 683 
i 369	 725 	 708 
i 541	 360 	 320 
i 63	 678 	 756 
i 260	 769 	 674 
i 93	 466 	 472 
i 266	 948 	 1037 
i 253	 891 	 887 
i 430	 574 	 524 
i 851	 176 	 231 
i 460	 549 	 585 
i 151	 250 	 160 
i 431	 619 	 637 
i 70	 889 	 920 
i 810	 793 	 875 
i 211	 819 	 720 
i 153	 405 	 359 
i 31	 357 	 362 
i 552	 785 	 876 
i 626	 120 	 181 
i 120	 811 	 764 
i 277	 529 	 512 
i 848	 575 	 644 
i 724	 213 	 296 
i 492	 796 	 842 
i 290	 720 	 808 
i 621	 727 	 645 
i 897	 970 	 894 
i 657	 548 	 583 
i 667	 509 	 469 
i 456	 339 	 323 
i 926	 577 	 616 
i 450	 949 	 957 
i 565	 816 	 769 
i 337	 744 	 796 
i 23	 504 	 414 
i 716	 451 	 485 
i 682	 533 	 546 
i 175	 643 	 588 
i 624	 354 	 432 
i 880	 621 	 590 
i 405	 995 	 950 
i 348	 725 	 770 
i 142	 320 	 278 
i 854	 560 	 585 
i 297	 348 	 377 
i 680	 393 	 366 
i 156	 990 	 899 
i 754	 608 	 552 
i 28	 809 	 878 
i 602	 715 	 760 
i 597	 137 	 63 
i 288	 383 	 379 
i 524	 139 	 163 
i 30	 398 	 393 
i 296	 956 	 1010 
i 613	 645 	 635 
i 603	 970 	 991 
i 163	 124 	 96 
i 948	 323 	 300 
i 628	 186 	 284 
i 659	 833 	 850 
i 965	 950 	 1025 
i 997	 488 	 468 
i 322	 151 	 137 
i 274	 574 	 619 
i 874	 371 	 339 
i 842	 773 	 861 
i 857	 424 	 345 
i 96	 746 	 656 
i 182	 203 	 239 
i 993	 196 	 164 
i 938	 720 	 681 
i 363	 611 	 571 
i 408	 968 	 993 
i 929	 462 	 541 
i 223	 219 	 273 
i 968	 522 	 545 
i 321	 471 	 465 
i 36	 565 	 578 
i 140	 614 	 664 
i 237	 332 	 380 
i 922	 635 	 671 
i 485	 908 	 817 
i 450	 290 	 280 
i 846	 847 	 823 
i 968	 758 	 779 
i 431	 557 	 571 
i 837	 216 	 295 
i 349	 638 	 724 
i 914	 256 	 170 
i 164	 923 	 884 
i 754	 697 	 643 
i 651	 415 	 458 
i 852	 455 	 388 
i 680	 859 	 761 
i 408	 311 	 407 
i 910	 850 	 832 
i 30	 472 	 421 
i 623	 379 	 398 
i 786	 318 	 320 
i 700	 382 	 417 
i 360	 656 	 642 
i 702	 860 	 776 
i 91	 607 	 693 
i 932	 754 	 776 
i 158	 765 	 669 
i 989	 747 	 833 
i 396	 224 	 316 
i 698	 445 	 461 
i 931	 977 	 951 
i 237	 544 	 458 
i 849	 256 	 242 
i 693	 638 	 564 
i 252	 710 	 654 
i 976	 651 	 582 
i 712	 307 	 269 
i 428	 326 	 286 
i 556	 266 	 305 
i 932	 232 	 211 
i 907	 752 	 717 
i 394	 193 	 205 
i 558	 256 	 238 
i 152	 639 	 560 
i 826	 757 	 728 
i 434	 955 	 921 
i 655	 204 	 113 
i 898	 482 	 476 
i 73	 750 	 655 
i 210	 481 	 573 
i 931	 833 	 906 
i 25	 234 	 186 
i 188	 735 	 799 
i 782	 213 	 307 
i 510	 307 	 366 
i 460	 625 	 571 
i 566	 922 	 999 
i 983	 963 	 1020 
i 703	 495 	 567 
i 121	 522 	 436 
i 933	 489 	 389 
i 73	 373 	 278 
i 774	 607 	 549 
i 889	 449 	 548 
i 111	 426 	 427 
i 689	 248 	 341 
i 602	 456 	 462 
i 561	 357 	 360 
i 993	 168 	 111 
i 457	 932 	 900 
i 881	 995 	 949 
i 177	 996 	 965 
i 735	 131 	 55 
i 117	 321 	 222 
i 471	 319 	 243 
i 625	 770 	 831 
i 14	 741 	 723 
i 292	 326 	 420 
i 356	 785 	 878 
i 281	 980 	 964 
i 275	 394 	 355 
i 272	 637 	 633 
i 295	 944 	 887 
i 532	 162 	 128 
i 766	 171 	 232 
i 508	 278 	 264 
i 217	 998 	 986 
i 459	 475 	 522 
i 218	 452 	 370 
i 196	 423 	 397 
i 515	 800 	 829 
i 107	 182 	 265 
i 46	 611 	 553 
i 104	 805 	 853 
i 172	 213 	 215 
i 359	 929 	 832 
i 357	 423 	 370 
i 767	 818 	 856 
i 152	 582 	 664 
i 502	 663 	 584 
i 278	 994 	 1018 
i 359	 680 	 725 
i 922	 607 	 661 
i 703	 797 	 872 
i 819	 570 	 479 
i 740	 135 	 116 
i 92	 151 	 204 
i 887	 361 	 367 
i 418	 978 	 1014 
i 40	 899 	 836 
i 34	 995 	 988 
i 674	 660 	 724 
i 233	 419 	 468 
i 5	 219 	 208 
i 521	 111 	 64 
i 549	 155 	 56 
i 595	 518 	 438 
i 876	 310 	 407 
i 851	 784 	 764 
i 739	 504 	 492 
i 734	 671 	 666 
i 352	 195 	 125 
i 699	 927 	 904 
i 821	 701 	 679 
i 821	 211 	 293 
i 870	 450 	 442 
i 329	 458 	 369 
i 553	 547 	 633 
i 311	 536 	 592 
i 753	 896 	 900 
i 383	 402 	 353 
i 478	 827 	 848 
i 397	 963 	 924 
i 62	 416 	 341 
i 175	 763 	 852 
i 557	 685 	 748 
i 947	 205 	 134 
i 439	 255 	 295 
i 917	 193 	 95 
i 801	 889 	 941 
i 130	 463 	 392 
i 935	 691 	 716 
i 894	 341 	 245 
i 239	 613 	 529 
i 972	 726 	 677 
i 619	 680 	 742 
i 726	 519 	 571 
i 887	 650 	 590 
i 980	 383 	 306 
i 856	 393 	 476 
i 254	 183 	 92 
i 906	 314 	 410 
i 166	 870 	 945 
i 731	 890 	 813 
i 423	 964 	 881 
i 64	 304 	 345 
i 523	 140 	 126 
i 130	 817 	 781 
i 436	 996 	 956 
i 754	 212 	 143 
i 835	 140 	 122 
i 65	 183 	 146 
i 918	 169 	 165 
i 795	 949 	 892 
i 755	 164 	 191 
i 972	 243 	 283 
i 6	 872 	 817 
i 800	 369 	 339 
i 796	 655 	 713 
i 910	 924 	 932 
i 943	 176 	 152 
i 26	 543 	 531 
i 91	 826 	 798 
i 35	 368 	 299 
i 95	 560 	 642 
i 243	 239 	 316 
i 100	 863 	 941 
i 390	 174 	 212 
i 3	 490 	 487 
i 917	 304 	 283 
i 990	 788 	 756 
i 477	 237 	 210 
i 283	 632 	 623 
i 572	 955 	 953 
i 78	 206 	 223 
i 222	 128 	 194 
i 69	 916 	 1002 
i 141	 819 	 783 
i 567	 545 	 509 
i 784	 979 	 927 
i 546	 445 	 391 
i 689	 750 	 791 
i 276	 188 	 286 
i 226	 597 	 609 
i 333	 146 	 174 
i 353	 669 	 741 
i 259	 518 	 604 
i 56	 457 	 371 
i 545	 742 	 769 
i 522	 141 	 125 
i 898	 354 	 447 
i 618	 560 	 591 
i 706	 300 	 386 
i 253	 292 	 223 
i 293	 793 	 791 
i 920	 473 	 542 
i 380	 351 	 271 
i 769	 289 	 221 
i 479	 352 	 393 
i 513	 919 	 864 
i 787	 405 	 330 
i 293	 377 	 425 
i 506	 961 	 951 
i 710	 902 	 942 
i 478	 154 	 253 
i 886	 591 	 674 
i 157	 454 	 413 
i 357	 547 	 459 
i 629	 690 	 698 
i 538	 428 	 339 
i 869	 630 	 698 
i 169	 743 	 670 
i 125	 515 	 543 
i 15	 916 	 886 
i 64	 651 	 717 
i 604	 647 	 690 
i 991	 573 	 647 
i 482	 836 	 782 
i 134	 893 	 964 
i 491	 487 	 466 
i 76	 538 	 491 
i 786	 399 	 386 
i 242	 520 	 532 
i 148	 202 	 217 
i 756	 516 	 543 
i 360	 366 	 314 
i 880	 114 	 60 
i 696	 891 	 934 
i 576	 208 	 277 
i 1	 972 	 940 
i 481	 437 	 420 
i 804	 674 	 614 
i 265	 172 	 160 
i 368	 670 	 688 
i 823	 292 	 261 
i 111	 860 	 901 
i 116	 187 	 204 
i 993	 395 	 351 
i 103	 143 	 214 
i 72	 899 	 971 
i 438	 312 	 280 
i 72	 681 	 610 
i 141	 861 	 843 
i 770	 366 	 421 
i 974	 891 	 911 
i 817	 311 	 353 
i 903	 939 	 1004 
i 224	 572 	 636 
i 260	 824 	 908 
i 147	 700 	 799 
i 373	 575 	 561 
i 16	 879 	 880 
i 859	 119 	 148 
i 147	 484 	 467 
i 25	 287 	 265 
i 250	 822 	 763 
i 182	 567 	 489 
i 701	 413 	 379 
i 504	 254 	 272 
i 167	 187 	 234 
i 689	 182 	 104 
i 553	 567 	 492 
i 563	 128 	 225 
i 983	 702 	 628 
i 182	 183 	 114 
i 981	 530 	 511 
i 495	 714 	 731 
i 835	 812 	 769 
i 997	 220 	 278 
i 84	 748 	 840 
i 164	 516 	 545 
i 678	 617 	 557 
i 697	 731 	 784 
i 362	 720 	 769 
i 444	 838 	 924 
i 915	 979 	 1061 
i 595	 452 	 433 
i 384	 976 	 924 
i 507	 344 	 292 
i 224	 161 	 125 
i 680	 126 	 123 
i 250	 703 	 636 
i 947	 883 	 955 
i 633	 675 	 619 
i 452	 451 	 484 
i 428	 389 	 405 
i 812	 311 	 246 
i 785	 673 	 685 
i 49	 889 	 802 
i 106	 214 	 172 
i 123	 502 	 596 
i 789	 935 	 879 
i 658	 194 	 128 
i 294	 960 	 1020 
i 677	 271 	 222 
i 990	 865 	 901 
i 217	 495 	 494 
i 849	 654 	 610 
i 725	 265 	 231 
i 841	 327 	 314 
i 282	 588 	 599 
i 210	 565 	 534 
i 303	 765 	 666 
i 259	 918 	 878 
i 439	 744 	 839 
i 288	 972 	 1065 
i 720	 691 	 627 
i 332	 243 	 149 
i 505	 494 	 545 
i 749	 788 	 807 
i 287	 287 	 363 
i 798	 784 	 702 
i 534	 205 	 183 
i 442	 211 	 241 
i 155	 478 	 396 
i 124	 458 	 433 
i 776	 429 	 348 
i 926	 593 	 579 
i 358	 623 	 710 
i 120	 408 	 444 
i 319	 941 	 1035 
i 77	 835 	 889 
i 183	 916 	 876 
i 296	 376 	 425 
i 708	 956 	 1036 
i 100	 148 	 53 
i 458	 484 	 544 
i 1	 572 	 617 
i 577	 954 	 871 
i 911	 897 	 838 
i 846	 617 	 621 
i 662	 592 	 612 
i 568	 388 	 444 
i 866	 659 	 574 
i 818	 434 	 491 
i 859	 347 	 424 
i 280	 369 	 337 
i 799	 193 	 161 
i 748	 840 	 924 
i 633	 916 	 982 
i 203	 210 	 245 
i 744	 676 	 644 
i 57	 322 	 403 
i 673	 129 	 184 
i 38	 200 	 218 
i 303	 900 	 890 
i 594	 799 	 845 
i 687	 216 	 222 
i 508	 523 	 479 
i 415	 453 	 535 
i 527	 305 	 228 
i 164	 909 	 981 
i 401	 324 	 407 
i 422	 243 	 261 
i 522	 932 	 957 
i 410	 571 	 657 
i 185	 974 	 979 
i 304	 736 	 678 
i 767	 320 	 364 
i 154	 569 	 496 
i 373	 492 	 524 
i 271	 595 	 660 
i 511	 471 	 416 
i 659	 398 	 427 
i 584	 923 	 856 
i 102	 592 	 607 
i 73	 531 	 583 
i 776	 998 	 911 
i 13	 298 	 364 
i 529	 939 	 1036 
i 958	 170 	 142 
i 503	 758 	 784 
i 909	 603 	 531 
i 233	 804 	 864 
i 147	 490 	 467 
i 688	 641 	 638 
i 162	 266 	 278 
i 160	 945 	 912 
i 371	 115 	 84 
i 303	 857 	 932 
i 369	 847 	 914 
i 98	 278 	 245 
i 651	 839 	 788 
i 431	 966 	 962 
i 858	 790 	 815 
i 454	 244 	 207 
i 629	 677 	 672 
i 568	 286 	 313 
i 573	 586 	 487 
i 413	 897 	 859 
i 241	 789 	 825 
i 430	 644 	 699 
i 250	 946 	 931 
i 212	 278 	 350 
i 976	 706 	 749 
i 127	 376 	 310 
i 764	 657 	 717 
i 962	 194 	 168 
i 497	 761 	 849 
i 382	 770 	 741 
i 145	 158 	 177 
i 744	 763 	 668 
i 684	 566 	 521 
i 872	 948 	 945 
i 543	 824 	 817 
i 841	 575 	 593 
i 456	 729 	 700 
i 549	 553 	 516 
i 282	 883 	 946 
i 23	 833 	 772 
i 76	 262 	 230 
i 810	 793 	 710 
i 323	 818 	 872 
i 265	 176 	 204 
i 68	 611 	 548 
i 590	 136 	 41 
i 285	 662 	 658 
i 783	 979 	 885 
i 651	 374 	 336 
i 464	 210 	 177 
i 634	 386 	 368 
i 402	 690 	 634 
i 199	 767 	 776 
i 272	 563 	 625 
i 834	 246 	 321 
i 863	 412 	 405 
i 484	 436 	 486 
i 461	 865 	 872 
i 757	 894 	 831 
i 869	 284 	 314 
i 180	 584 	 541 
i 831	 951 	 988 
i 571	 260 	 337 
i 81	 745 	 676 
i 233	 577 	 675 
i 571	 468 	 539 
i 937	 884 	 851 
i 786	 664 	 724 
i 667	 251 	 262 
i 863	 418 	 403 
i 396	 996 	 1017 
i 341	 361 	 348 
i 509	 972 	 873 
i 223	 870 	 787 
i 747	 121 	 85 
i 150	 114 	 192 
i 20	 874 	 940 
i 642	 287 	 310 
i 801	 998 	 955 
i 147	 605 	 534 
i 144	 985 	 993 
i 425	 636 	 712 
i 394	 137 	 115 
i 248	 145 	 168 
i 260	 225 	 197 
i 264	 512 	 514 
i 123	 418 	 424 
i 321	 268 	 203 
i 319	 817 	 912 
i 875	 181 	 105 
i 859	 313 	 266 
i 450	 796 	 834 
i 480	 693 	 610 
i 519	 154 	 120 
i 648	 702 	 720 
i 100	 136 	 207 
i 446	 592 	 687 
i 623	 177 	 137 
i 418	 333 	 356 
i 498	 312 	 310 
i 725	 422 	 392 
i 497	 659 	 719 
i 153	 385 	 341 
i 201	 460 	 520 
i 866	 756 	 746 
i 894	 395 	 405 
i 437	 267 	 366 
i 512	 249 	 272 
i 762	 515 	 422 
i 989	 177 	 183 
i 340	 617 	 568 
i 956	 931 	 982 
i 265	 757 	 838 
i 658	 120 	 42 
i 385	 834 	 929 
i 704	 345 	 419 
i 880	 835 	 796 
i 36	 831 	 894 
i 491	 492 	 508 
i 566	 525 	 539 
i 136	 111 	 192 
i 59	 342 	 415 
i 786	 126 	 52 
i 797	 934 	 991 
i 611	 143 	 77 
i 875	 122 	 197 
i 690	 897 	 948 
i 500	 281 	 339 
i 930	 121 	 78 
i 397	 638 	 708 
i 397	 256 	 353 
i 658	 176 	 85 
i 676	 946 	 1012 
i 602	 173 	 198 
i 639	 875 	 823 
i 652	 140 	 63 
i 536	 921 	 982 
i 728	 707 	 668 
i 740	 525 	 472 
i 333	 779 	 805 
i 497	 648 	 554 
i 570	 636 	 673 
i 510	 677 	 649 
i 580	 528 	 621 
i 440	 199 	 220 
i 474	 413 	 364 
i 386	 516 	 574 
i 57	 343 	 347 
i 523	 616 	 568 
i 275	 826 	 845 
i 879	 499 	 417 
i 471	 526 	 558 
i 109	 249 	 183 
i 578	 572 	 622 
i 678	 542 	 480 
i 19	 192 	 225 
i 474	 421 	 331 
i 736	 239 	 160 
i 305	 704 	 730 
i 109	 938 	 1019 
i 546	 579 	 635 
i 14	 662 	 613 
i 169	 363 	 335 
i 688	 516 	 604 
i 174	 296 	 319 
i 266	 468 	 495 
i 615	 171 	 93 
i 759	 217 	 286 
i 427	 313 	 243 
i 358	 874 	 826 
i 884	 791 	 852 
i 505	 599 	 663 
i 789	 826 	 924 
i 245	 261 	 296 
i 454	 209 	 279 
i 856	 760 	 683 
i 923	 439 	 485 
i 44	 539 	 537 
i 272	 405 	 489 
i 131	 541 	 496 
i 895	 775 	 707 
i 445	 605 	 638 
i 251	 447 	 438 
i 420	 439 	 479 
i 531	 154 	 85 
i 262	 912 	 814 
i 631	 128 	 215 
i 113	 781 	 876 
i 444	 331 	 281 
i 928	 260 	 236 
i 676	 508 	 463 
i 233	 653 	 697 
i 611	 358 	 452 
i 980	 764 	 742 
i 30	 499 	 583 
i 930	 638 	 574 
i 950	 649 	 712 
i 705	 593 	 678 
i 952	 574 	 548 
i 122	 797 	 757 
i 568	 247 	 342 
i 178	 493 	 435 
i 456	 246 	 310 
i 191	 222 	 282 
i 628	 570 	 636 
i 222	 501 	 553 
i 828	 665 	 707 
i 371	 501 	 484 
i 892	 437 	 410 
i 665	 767 	 765 
i 818	 146 	 57 
i 250	 126 	 73 
i 402	 312 	 350 
i 527	 154 	 230 
i 45	 866 	 868 
i 484	 716 	 762 
i 108	 504 	 516 
i 546	 248 	 334 
i 913	 619 	 683 
i 652	 948 	 945 
i 692	 496 	 457 
i 709	 548 	 559 
i 936	 758 	 849 
i 984	 484 	 481 
i 834	 380 	 386 
i 516	 835 	 737 
i 959	 597 	 521 
i 115	 207 	 240 
i 686	 147 	 163 
i 629	 879 	 825 
i 63	 425 	 509 
i 554	 698 	 724 
i 283	 304 	 317 
i 704	 268 	 278 
i 8	 700 	 677 
i 821	 282 	 362 
i 369	 295 	 367 
i 478	 403 	 498 
i 518	 996 	 1028 
i 383	 623 	 581 
i 737	 830 	 801 
i 398	 762 	 843 
i 616	 436 	 374 
i 793	 942 	 1021 
i 456	 545 	 625 
i 649	 891 	 936 
i 856	 806 	 724 
i 185	 684 	 698 
i 181	 665 	 583 
i 757	 367 	 361 
i 566	 627 	 569 
i 300	 943 	 964 
i 666	 863 	 807 
i 601	 145 	 48 
i 91	 942 	 936 
i 967	 857 	 781 
i 750	 613 	 708 
i 396	 697 	 629 
i 19	 316 	 285 
i 307	 397 	 317 
i 888	 818 	 851 
i 825	 117 	 210 
i 671	 658 	 685 
i 710	 857 	 804 
i 646	 873 	 838 
i 486	 405 	 363 
i 51	 514 	 422 
i 710	 496 	 484 
i 942	 642 	 633 
i 265	 949 	 1002 
i 61	 151 	 181 
i 68	 747 	 742 
i 683	 719 	 649 
i 523	 395 	 467 
i 381	 605 	 606 
i 712	 896 	 994 
i 166	 269 	 177 
i 599	 308 	 359 
i 197	 699 	 738 
i 140	 219 	 311 
i 186	 900 	 804 
i 901	 592 	 509 
i 586	 129 	 183 
i 905	 263 	 222 
i 462	 140 	 175 
i 345	 592 	 569 
i 523	 586 	 596 
i 745	 626 	 556 
i 408	 409 	 378 
i 529	 140 	 137 
i 417	 995 	 1029 
i 958	 125 	 140 
i 980	 205 	 137 
i 153	 893 	 806 
i 186	 267 	 272 
i 727	 870 	 944 
i 262	 327 	 306 
i 842	 820 	 748 
i 178	 957 	 966 
i 211	 379 	 294 
i 205	 813 	 811 
i 222	 524 	 514 
i 328	 146 	 132 
i 208	 289 	 306 
i 385	 348 	 402 
i 239	 818 	 817 
i 482	 705 	 756 
i 281	 167 	 187 
i 233	 292 	 347 
i 534	 779 	 876 
i 325	 848 	 786 
i 790	 398 	 381 
i 830	 801 	 849 
i 32	 297 	 387 
i 300	 817 	 784 
i 96	 613 	 628 
i 763	 167 	 78 
i 827	 842 	 809 
i 32	 488 	 502 
i 783	 292 	 213 
i 613	 283 	 269 
i 936	 456 	 400 
i 713	 826 	 736 
i 922	 598 	 514 
i 717	 556 	 532 
i 283	 856 	 851 
i 346	 479 	 427 
i 169	 531 	 444 
i 593	 832 	 751 
i 797	 451 	 527 
i 991	 545 	 544 
i 380	 927 	 913 
i 184	 234 	 163 
i 732	 280 	 193 
i 234	 353 	 409 
i 73	 693 	 606 
i 486	 229 	 211 
i 959	 443 	 459 
i 770	 504 	 438 
i 154	 592 	 686 
i 642	 489 	 581 
i 561	 930 	 898 
i 700	 426 	 431 
i 890	 555 	 506 
i 164	 616 	 614 
i 819	 424 	 437 
i 952	 483 	 393 
i 326	 850 	 752 
i 768	 478 	 534 
i 311	 633 	 720 
i 736	 608 	 623 
i 658	 575 	 502 
i 13	 880 	 947 
i 513	 459 	 504 
i 82	 690 	 768 
i 434	 239 	 281 
i 853	 742 	 774 
i 685	 787 	 884 
i 98	 797 	 848 
i 685	 603 	 516 
i 245	 545 	 605 
i 767	 169 	 161 
i 633	 292 	 287 
i 26	 147 	 244 
i 677	 795 	 709 
i 821	 699 	 699 
i 531	 442 	 413 
i 293	 142 	 50 
i 66	 133 	 61 
i 619	 806 	 871 
i 109	 867 	 781 
i 174	 693 	 760 
i 378	 216 	 210 
i 419	 638 	 637 
i 190	 628 	 562 
i 851	 691 	 790 
i 224	 250 	 255 
i 260	 568 	 631 
i 285	 605 	 682 
i 68	 730 	 730 
i 918	 576 	 598 
i 574	 639 	 696 
i 692	 495 	 427 
i 286	 914 	 930 
i 868	 466 	 520 
i 521	 620 	 644 
i 678	 616 	 685 
i 193	 195 	 116 
i 749	 924 	 902 
i 446	 822 	 813 
i 969	 381 	 356 
i 564	 925 	 1015 
i 995	 736 	 765 
i 899	 882 	 968 
i 300	 512 	 572 
i 872	 310 	 274 
i 441	 865 	 765 
i 537	 730 	 668 
i 452	 825 	 913 
i 252	 285 	 262 
i 556	 694 	 665 
i 472	 141 	 225 
i 176	 989 	 1072 
i 44	 674 	 737 
i 495	 613 	 536 
i 719	 436 	 533 
i 568	 722 	 707 
i 265	 722 	 815 
i 69	 893 	 876 
i 265	 841 	 874 
i 921	 297 	 241 
i 955	 615 	 654 
i 943	 545 	 619 
i 577	 471 	 554 
i 142	 308 	 290 
i 508	 411 	 337 
i 196	 400 	 439 
i 883	 782 	 874 
i 764	 753 	 659 
i 586	 235 	 194 
i 795	 830 	 773 
i 363	 141 	 75 
i 851	 761 	 684 
i 257	 648 	 686 
i 479	 574 	 641 
i 816	 939 	 907 
i 143	 167 	 175 
i 898	 788 	 772 
i 621	 756 	 693 
i 761	 785 	 839 
i 570	 161 	 174 
i 605	 355 	 441 
i 337	 510 	 566 
i 942	 615 	 523 
i 463	 344 	 348 
i 396	 199 	 166 
i 459	 506 	 501 
i 221	 986 	 961 
i 947	 474 	 573 
i 706	 641 	 692 
i 762	 440 	 405 
i 38	 946 	 1032 
i 487	 886 	 840 
i 55	 694 	 636 
i 318	 731 	 766 
i 417	 304 	 218 
i 861	 604 	 610 
i 846	 141 	 191 
i 256	 476 	 516 
i 852	 474 	 455 
i 224	 260 	 193 
i 164	 553 	 494 
i 37	 495 	 533 
i 693	 737 	 786 
i 392	 927 	 840 
i 609	 640 	 636 
i 165	 705 	 673 
i 199	 289 	 227 
i 609	 959 	 948 
i 19	 692 	 652 
i 188	 164 	 168 
i 685	 314 	 351 
i 119	 498 	 542 
i 823	 225 	 208 
i 741	 890 	 951 
i 338	 949 	 932 
i 7	 490 	 506 
i 208	 796 	 852 
i 162	 967 	 945 
i 815	 475 	 456 
i 876	 742 	 761 
i 106	 319 	 275 
i 541	 930 	 910 
i 669	 684 	 628 
i 547	 167 	 260 
i 490	 886 	 846 
i 916	 369 	 330 
i 688	 887 	 890 
i 651	 692 	 727 
i 62	 151 	 149 
i 772	 515 	 488 
i 7	 156 	 151 
i 927	 407 	 310 
i 573	 764 	 801 
i 636	 962 	 908 
i 508	 932 	 976 
i 798	 312 	 339 
i 672	 587 	 552 
i 326	 157 	 252 
i 371	 760 	 667 
i 825	 310 	 372 
i 877	 639 	 702 
i 212	 173 	 221 
i 945	 187 	 150 
i 904	 796 	 886 
i 827	 114 	 106 
i 55	 756 	 707 
i 590	 434 	 520 
i 643	 724 	 675 
i 374	 704 	 729 
i 598	 739 	 729 
i 193	 570 	 536 
i 263	 407 	 415 
i 349	 180 	 177 
i 120	 462 	 440 
i 124	 420 	 364 
i 849	 831 	 785 
i 214	 173 	 245 
i 904	 112 	 113 
i 572	 341 	 417 
i 279	 899 	 894 
i 795	 414 	 448 
i 130	 709 	 795 
i 207	 303 	 259 
i 602	 737 	 717 
i 951	 198 	 203 
i 761	 394 	 369 
i 831	 638 	 655 
i 832	 518 	 516 
i 91	 969 	 882 
i 978	 863 	 831 
i 320	 400 	 327 
i 993	 997 	 950 
i 210	 938 	 933 
i 915	 301 	 216 
i 14	 659 	 564 
i 332	 237 	 294 
i 925	 571 	 595 
i 383	 206 	 196 
i 348	 645 	 653 
i 195	 703 	 707 
i 520	 119 	 187 
i 517	 243 	 310 
i 448	 481 	 390 
i 662	 903 	 995 
i 279	 972 	 1066 
i 421	 998 	 959 
i 939	 811 	 757 
i 48	 474 	 496 
i 648	 877 	 969 
i 315	 471 	 402 
i 324	 935 	 970 
i 473	 795 	 733 
i 889	 649 	 677 
i 781	 690 	 650 
i 751	 656 	 672 
i 749	 633 	 533 
i 537	 905 	 993 
i 946	 222 	 319 
i 808	 768 	 795 
i 214	 735 	 825 
i 142	 874 	 829 
i 911	 587 	 636 
i 518	 759 	 786 
i 170	 440 	 423 
i 783	 710 	 644 
i 370	 338 	 422 
i 264	 340 	 331 
i 389	 289 	 269 
i 129	 279 	 221 
i 830	 846 	 831 
i 690	 803 	 816 
i 226	 160 	 155 
i 955	 825 	 924 
i 326	 504 	 437 
i 1	 877 	 966 
i 256	 140 	 103 
i 514	 958 	 974 
i 714	 476 	 570 
i 904	 835 	 754 
i 731	 134 	 220 
i 511	 512 	 536 
i 566	 127 	 196 
i 370	 552 	 612 
i 812	 549 	 474 
i 675	 696 	 621 
i 708	 650 	 626 
i 661	 933 	 1012 
i 73	 562 	 584 
i 887	 536 	 539 
i 913	 625 	 574 
i 366	 563 	 614 
i 384	 226 	 190 
i 881	 978 	 1017 
i 374	 801 	 802 
i 32	 914 	 850 
i 638	 138 	 216 
i 563	 479 	 489 
i 71	 387 	 411 
i 550	 931 	 933 
i 129	 501 	 486 
i 638	 721 	 779 
i 767	 507 	 441 
i 743	 795 	 706 
i 520	 524 	 509 
i 424	 976 	 968 
i 455	 249 	 168 
i 869	 152 	 184 
i 181	 644 	 690 
i 105	 310 	 266 
i 544	 765 	 747 
i 231	 253 	 163 
i 676	 956 	 1019 
i 447	 222 	 234 
i 912	 272 	 188 
i 886	 654 	 655 
i 43	 175 	 267 
i 90	 264 	 330 
i 689	 853 	 755 
i 913	 617 	 540 
i 649	 869 	 900 
i 809	 347 	 424 
i 761	 392 	 405 
i 886	 230 	 132 
i 69	 729 	 814 
i 679	 802 	 864 
i 752	 362 	 432 
i 924	 327 	 415 
i 760	 176 	 202 
i 330	 186 	 195 
i 183	 289 	 227 
i 448	 875 	 775 
i 764	 777 	 829 
i 898	 392 	 422 
i 595	 403 	 446 
i 372	 337 	 316 
i 655	 170 	 100 
i 898	 928 	 843 
i 971	 878 	 945 
i 57	 551 	 484 
i 258	 146 	 115 
i 118	 319 	 378 
i 867	 322 	 334 
i 184	 113 	 104 
i 513	 692 	 602 
i 768	 442 	 427 
i 835	 797 	 713 
i 755	 931 	 1026 
i 618	 998 	 1088 
i 114	 852 	 753 
i 154	 999 	 951 
i 388	 419 	 395 
i 626	 237 	 187 
i 629	 735 	 721 
i 283	 254 	 343 
i 656	 302 	 345 
i 428	 680 	 690 
i 351	 751 	 712 
i 350	 732 	 816 
i 184	 688 	 595 
i 183	 695 	 633 
i 529	 930 	 945 
i 671	 382 	 323 
i 374	 604 	 670 
i 536	 990 	 913 
i 750	 944 	 998 
i 391	 691 	 630 
i 112	 292 	 302 
i 811	 565 	 645 
i 462	 497 	 413 
i 120	 531 	 484 
i 42	 701 	 759 
i 347	 327 	 320 
i 901	 509 	 577 
i 891	 362 	 337 
i 828	 465 	 390 
i 482	 263 	 266 
i 686	 440 	 465 
i 197	 930 	 918 
i 632	 841 	 921 
i 106	 915 	 819 
i 769	 263 	 175 
i 13	 969 	 951 
i 462	 494 	 456 
i 744	 352 	 292 
i 144	 686 	 592 
i 315	 799 	 801 
i 685	 370 	 309 
i 607	 930 	 909 
i 429	 433 	 338 
i 335	 347 	 273 
i 506	 367 	 447 
i 472	 424 	 507 
i 903	 789 	 764 
i 176	 177 	 101 
i 823	 358 	 311 
i 598	 386 	 402 
i 889	 842 	 795 
i 810	 130 	 204 
i 173	 482 	 442 
i 439	 508 	 535 
i 727	 627 	 555 
i 79	 541 	 564 
i 841	 467 	 470 
i 916	 803 	 842 
i 195	 912 	 915 
i 504	 260 	 183 
i 327	 776 	 677 
i 349	 123 	 186 
i 767	 899 	 996 
i 215	 279 	 264 
i 796	 846 	 776 
i 281	 974 	 920 
i 682	 632 	 547 
i 462	 204 	 302 
i 364	 822 	 759 
i 531	 394 	 432 
i 280	 497 	 400 
i 293	 502 	 475 
i 181	 339 	 265 
i 370	 329 	 298 
i 198	 709 	 638 
i 169	 847 	 832 
i 754	 166 	 87 
i 860	 233 	 246 
i 660	 225 	 311 
i 979	 391 	 383 
i 415	 117 	 165 
i 855	 133 	 40 
i 112	 459 	 402 
i 358	 579 	 596 
i 32	 890 	 947 
i 859	 131 	 221 
i 921	 510 	 551 
i 59	 606 	 619 
i 188	 224 	 169 
i 504	 165 	 106 
i 510	 578 	 602 
i 535	 350 	 345 
i 927	 383 	 400 
i 455	 576 	 665 
i 332	 210 	 305 
i 355	 908 	 975 
i 803	 866 	 917 
i 361	 607 	 670 
i 488	 222 	 122 
i 549	 425 	 426 
i 75	 609 	 512 
i 344	 273 	 283 
i 650	 698 	 694 
i 175	 332 	 419 
i 286	 285 	 238 
i 183	 265 	 289 
i 34	 120 	 105 
i 591	 794 	 851 
i 717	 631 	 586 
i 71	 636 	 701 
i 632	 199 	 279 
i 815	 216 	 164 
i 476	 709 	 788 
i 725	 248 	 161 
i 921	 193 	 164 
i 95	 432 	 439 
i 105	 987 	 1001 
i 873	 479 	 411 
i 459	 291 	 366 
i 50	 538 	 628 
i 149	 383 	 399 
i 267	 295 	 274 
i 939	 513 	 587 
i 95	 420 	 439 
i 188	 481 	 485 
i 550	 797 	 820 
i 536	 387 	 431 
i 950	 895 	 913 
i 154	 151 	 61 
i 634	 933 	 853 
i 941	 889 	 839 
i 149	 519 	 522 
i 601	 873 	 864 
i 949	 761 	 771 
i 366	 406 	 454 
i 139	 869 	 826 
i 449	 527 	 592 
i 332	 278 	 333 
i 377	 806 	 891 
i 302	 853 	 865 
i 179	 944 	 944 
i 637	 278 	 308 
i 495	 738 	 689 
i 228	 256 	 196 
i 560	 747 	 761 
i 413	 516 	 557 
i 881	 774 	 705 
i 71	 619 	 616 
i 852	 420 	 493 
i 687	 358 	 291 
i 625	 859 	 828 
i 813	 419 	 515 
i 519	 112 	 107 
i 682	 338 	 379 
i 399	 520 	 473 
i 855	 138 	 173 
i 601	 768 	 780 
i 174	 909 	 935 
i 522	 455 	 451 
i 800	 336 	 270 
i 642	 486 	 545 
i 989	 794 	 815 
i 991	 781 	 706 
i 248	 318 	 379 
i 708	 947 	 888 
i 739	 296 	 208 
i 479	 900 	 932 
i 377	 509 	 576 
i 764	 181 	 152 
i 19	 611 	 542 
i 441	 763 	 823 
i 211	 582 	 640 
i 964	 234 	 290 
i 198	 348 	 254 
i 139	 179 	 226 
i 347	 364 	 359 
i 235	 420 	 511 
i 683	 122 	 88 
i 763	 867 	 786 
i 326	 297 	 220 
i 61	 439 	 450 
i 591	 264 	 317 
i 730	 968 	 1014 
i 997	 776 	 862 
i 74	 803 	 717 
i 359	 571 	 554 
i 707	 996 	 1026 
i 720	 959 	 926 
i 571	 368 	 287 
i 780	 456 	 441 
i 151	 561 	 558 
i 323	 169 	 84 
i 288	 853 	 914 
i 37	 616 	 676 
i 815	 555 	 630 
i 334	 618 	 565 
i 330	 989 	 1077 
i 285	 681 	 713 
i 574	 980 	 927 
i 962	 179 	 82 
i 469	 558 	 491 
i 535	 990 	 987 
i 371	 170 	 225 
i 939	 887 	 949 
i 439	 713 	 738 
i 11	 605 	 697 
i 998	 816 	 774 
i 640	 767 	 782 
i 618	 469 	 399 
i 695	 678 	 600 
i 199	 692 	 708 
i 188	 840 	 763 
i 254	 387 	 384 
i 128	 189 	 174 
i 806	 913 	 986 
i 363	 584 	 659 
i 157	 551 	 626 
i 894	 812 	 815 
i 298	 437 	 363 
i 935	 572 	 637 
i 590	 674 	 579 
i 411	 304 	 247 
i 722	 410 	 403 
i 811	 845 	 864 
i 714	 337 	 317 
i 247	 220 	 273 
i 742	 112 	 196 
i 532	 891 	 954 
i 899	 462 	 384 
i 419	 582 	 492 
i 53	 431 	 459 
i 270	 456 	 366 
i 606	 648 	 702 
i 432	 176 	 192 
i 687	 707 	 666 
i 810	 177 	 185 
i 811	 858 	 815 
i 690	 789 	 852 
i 86	 626 	 669 
i 615	 728 	 655 
i 975	 772 	 710 
i 364	 452 	 444 
i 968	 498 	 411 
i 43	 297 	 296 
i 713	 816 	 753 
i 788	 192 	 291 
i 629	 677 	 738 
i 392	 932 	 931 
i 971	 772 	 788 
i 666	 523 	 462 
i 410	 646 	 581 
i 795	 816 	 823 
i 231	 336 	 337 
i 440	 396 	 405 
i 234	 841 	 793 
i 326	 118 	 28 
i 962	 115 	 151 
i 887	 833 	 747 
i 631	 387 	 295 
i 95	 906 	 948 
i 696	 194 	 118 
i 490	 350 	 433 
i 744	 829 	 758 
i 66	 391 	 408 
i 886	 880 	 944 
i 894	 225 	 154 
i 899	 271 	 192 
i 712	 876 	 975 
i 24	 940 	 965 
i 919	 979 	 1023 
i 14	 722 	 705 
i 283	 829 	 910 
i 92	 754 	 784 
i 407	 884 	 927 
i 273	 517 	 537 
i 402	 358 	 357 
i 582	 489 	 468 
i 443	 586 	 508 
i 376	 584 	 511 
i 354	 253 	 163 
i 41	 896 	 809 
i 849	 380 	 349 
i 573	 299 	 287 
i 443	 880 	 949 
i 900	 629 	 553 
i 179	 278 	 282 
i 604	 722 	 643 
i 140	 188 	 197 
i 672	 287 	 371 
i 832	 407 	 362 
i 716	 455 	 418 
i 19	 514 	 447 
i 231	 825 	 873 
i 97	 328 	 264 
i 680	 194 	 110 
i 868	 301 	 253 
i 557	 766 	 839 
i 644	 859 	 760 
i 842	 457 	 492 
i 176	 390 	 392 
i 562	 636 	 581 
i 17	 919 	 868 
i 821	 179 	 174 
i 67	 837 	 851 
i 160	 111 	 61 
i 374	 186 	 110 
i 112	 420 	 455 
i 954	 302 	 266 
i 345	 308 	 240 
i 658	 911 	 879 
i 250	 476 	 556 
i 159	 677 	 760 
i 235	 896 	 944 
i 53	 430 	 491 
i 53	 939 	 1032 
i 138	 275 	 243 
i 486	 384 	 374 
i 702	 987 	 968 
i 924	 385 	 435 
i 824	 532 	 513 
i 236	 834 	 865 
i 873	 747 	 810 
i 757	 675 	 585 
i 117	 445 	 365 
i 49	 272 	 203 
i 235	 242 	 201 
i 542	 545 	 601 
i 528	 946 	 942 
i 837	 418 	 399 
i 312	 196 	 142 
i 126	 560 	 553 
i 841	 256 	 224 
i 477	 982 	 901 
i 853	 139 	 82 
i 36	 231 	 183 
i 184	 371 	 370 
i 672	 633 	 541 
i 612	 439 	 452 
i 958	 869 	 850 
i 55	 342 	 385 
i 560	 548 	 616 
i 723	 964 	 1001 
i 703	 379 	 311 
i 735	 466 	 369 
i 870	 658 	 568 
i 164	 892 	 838 
i 751	 447 	 528 
i 122	 483 	 486 
i 973	 988 	 983 
i 234	 461 	 467 
i 726	 210 	 128 
i 686	 960 	 1023 
i 987	 680 	 683 
i 388	 825 	 775 
i 4	 838 	 762 
i 883	 883 	 840 
i 261	 203 	 110 
i 679	 119 	 51 
i 667	 580 	 506 
i 62	 115 	 88 
i 174	 588 	 506 
i 129	 670 	 726 
i 770	 506 	 559 
i 573	 967 	 898 
i 392	 303 	 234 
i 262	 414 	 322 
i 365	 669 	 629 
i 375	 704 	 800 
i 903	 847 	 877 
i 908	 966 	 1008 
i 446	 404 	 480 
i 76	 488 	 390 
i 521	 293 	 349 
i 485	 975 	 946 
i 702	 225 	 274 
i 43	 366 	 268 
i 671	 404 	 379 
i 339	 674 	 724 
i 168	 659 	 689 
i 130	 348 	 360 
i 460	 980 	 881 
i 885	 877 	 793 
i 90	 889 	 910 
i 63	 697 	 615 
i 191	 125 	 183 
i 479	 791 	 858 
i 809	 801 	 802 
i 443	 246 	 315 
i 60	 913 	 815 
i 326	 605 	 533 
i 304	 217 	 237 
i 167	 225 	 222 
i 43	 300 	 315 
i 702	 839 	 867 
i 719	 920 	 986 
i 485	 736 	 698 
i 262	 589 	 513 
i 413	 151 	 163 
i 316	 903 	 927 
i 872	 915 	 1004 
i 992	 153 	 103 
i 121	 690 	 673 
i 335	 235 	 227 
i 155	 749 	 681 
i 65	 430 	 506 
i 768	 281 	 254 
i 307	 558 	 584 
i 352	 665 	 573 
i 244	 276 	 247 
i 149	 830 	 776 
i 197	 784 	 728 
i 847	 120 	 89 
i 987	 492 	 528 
i 706	 903 	 969 
i 66	 160 	 239 
i 258	 946 	 979 
i 760	 385 	 479 
i 384	 945 	 910 
i 570	 984 	 997 
i 380	 415 	 458 
i 138	 622 	 704 
i 148	 821 	 873 
i 577	 240 	 289 
i 468	 844 	 835 
i 524	 697 	 701 
i 464	 607 	 662 
i 772	 311 	 318 
i 712	 288 	 372 
i 695	 577 	 575 
i 38	 194 	 268 
i 613	 832 	 734 
i 413	 755 	 686 
i 558	 543 	 590 
i 383	 320 	 260 
i 43	 724 	 769 
i 601	 299 	 237 
i 827	 991 	 1083 
i 27	 581 	 616 
i 552	 513 	 487 
i 646	 952 	 933 
i 458	 839 	 743 
i 183	 848 	 834 
i 669	 989 	 1087 
i 904	 754 	 728 
i 595	 935 	 918 
i 807	 693 	 596 
i 797	 863 	 932 
i 327	 831 	 905 
i 779	 544 	 528 
i 725	 874 	 788 
i 545	 348 	 353 
i 375	 368 	 410 
i 363	 754 	 730 
i 87	 746 	 703 
i 14	 190 	 266 
i 668	 561 	 598 
i 515	 578 	 574 
i 326	 441 	 503 
i 813	 327 	 345 
i 671	 704 	 667 
i 939	 767 	 839 
i 229	 347 	 294 
i 952	 979 	 998 
i 667	 428 	 465 
i 757	 681 	 720 
i 264	 575 	 548 
i 789	 298 	 374 
i 161	 729 	 670 
i 405	 561 	 465 
i 73	 197 	 235 
i 811	 478 	 504 
i 77	 354 	 425 
i 54	 564 	 626 
i 411	 208 	 203 
i 54	 818 	 765 
i 576	 550 	 550 
i 786	 876 	 834 
i 482	 771 	 761 
i 988	 956 	 1027 
i 86	 974 	 1059 
i 499	 700 	 747 
i 773	 372 	 435 
i 284	 248 	 322 
i 394	 969 	 925 
i 189	 506 	 472 
i 683	 716 	 798 
i 545	 272 	 311 
i 289	 530 	 465 
i 240	 931 	 864 
i 211	 803 	 753 
i 873	 739 	 789 
i 168	 507 	 512 
i 323	 344 	 405 
i 289	 229 	 169 
i 733	 479 	 457 
i 415	 776 	 691 
i 596	 697 	 721 
i 69	 428 	 509 
i 991	 587 	 516 
i 769	 736 	 707 
i 477	 961 	 907 
i 923	 741 	 721 
i 186	 319 	 363 
i 319	 149 	 51 
i 732	 329 	 378 
i 481	 677 	 608 
i 142	 745 	 796 
i 498	 407 	 471 
i 35	 326 	 389 
i 738	 458 	 475 
i 695	 778 	 690 
i 404	 984 	 1080 
i 638	 452 	 386 
i 681	 206 	 203 
i 927	 216 	 160 
i 565	 878 	 918 
i 278	 131 	 199 
i 612	 804 	 772 
i 855	 648 	 623 
i 247	 484 	 407 
i 996	 115 	 177 
i 979	 170 	 112 
i 363	 157 	 227 
i 470	 308 	 314 
i 589	 743 	 735 
i 452	 940 	 845 
i 476	 676 	 636 
i 256	 537 	 620 
i 860	 842 	 896 
i 281	 288 	 191 
i 286	 391 	 293 
i 353	 222 	 320 
i 405	 413 	 384 
i 628	 282 	 347 
i 339	 757 	 740 
i 273	 279 	 352 
i 908	 302 	 270 
i 389	 573 	 593 
i 212	 499 	 491 
i 411	 297 	 345 
i 726	 313 	 218 
i 851	 326 	 301 
i 193	 321 	 377 
i 386	 639 	 621 
i 114	 486 	 536 
i 303	 856 	 760 
i 518	 739 	 825 
i 39	 157 	 121 
i 476	 691 	 697 
i 685	 212 	 300 
i 912	 871 	 904 
i 155	 895 	 899 
i 391	 344 	 386 
i 985	 152 	 71 
i 407	 519 	 461 
i 246	 298 	 300 
i 953	 320 	 226 
i 6	 260 	 174 
i 658	 546 	 555 
i 772	 130 	 76 
i 627	 969 	 897 
i 510	 675 	 634 
i 772	 249 	 287 
i 819	 883 	 918 
i 279	 972 	 888 
i 490	 271 	 236 
i 726	 729 	 685 
i 894	 758 	 715 
i 384	 821 	 910 
i 405	 419 	 462 
i 371	 625 	 593 
i 6	 754 	 824 
i 161	 131 	 156 
i 31	 745 	 734 
i 998	 457 	 502 
i 180	 532 	 475 
i 875	 824 	 912 
i 604	 186 	 253 
i 404	 442 	 385 
i 750	 393 	 417 
i 330	 142 	 240 
i 54	 448 	 547 
i 77	 319 	 251 
i 790	 876 	 814 
i 181	 384 	 321 
i 654	 139 	 112 
i 457	 331 	 279 
i 542	 279 	 348 
i 915	 132 	 82 
i 233	 327 	 227 
i 269	 881 	 847 
i 648	 876 	 853 
i 883	 876 	 868 
i 744	 130 	 80 
i 52	 299 	 285 
i 84	 468 	 385 
i 332	 796 	 804 
i 521	 125 	 42 
i 545	 880 	 780 
i 788	 215 	 161 
i 656	 217 	 217 
i 517	 512 	 442 
i 379	 855 	 761 
i 400	 376 	 431 
i 613	 599 	 664 
i 15	 983 	 1065 
i 786	 171 	 120 
i 802	 654 	 707 
i 668	 730 	 692 
i 785	 730 	 650 
i 904	 938 	 989 
i 357	 495 	 449 
i 194	 629 	 659 
i 492	 658 	 568 
i 42	 461 	 494 
i 24	 309 	 345 
i 92	 232 	 225 
i 703	 450 	 403 
i 400	 242 	 329 
i 97	 519 	 563 
i 28	 608 	 633 
i 460	 391 	 487 
i 43	 635 	 570 
i 659	 325 	 358 
i 53	 372 	 414 
i 276	 964 	 1010 
i 413	 679 	 744 
i 794	 205 	 210 
i 942	 444 	 529 
i 402	 388 	 293 
i 961	 140 	 50 
i 277	 698 	 700 
i 866	 683 	 694 
i 109	 840 	 782 
i 403	 546 	 499 
i 362	 289 	 297 
i 2	 942 	 1033 
i 108	 788 	 838 
i 483	 370 	 408 
i 795	 307 	 225 
i 828	 330 	 241 
i 489	 377 	 343 
i 133	 833 	 772 
i 953	 438 	 399 
i 443	 628 	 670 
i 644	 866 	 780 
i 580	 460 	 375 
i 343	 421 	 357 
i 635	 200 	 233 
i 856	 816 	 808 
i 104	 900 	 857 
i 404	 950 	 1005 
i 217	 357 	 439 
i 585	 534 	 606 
i 168	 808 	 769 
i 18	 551 	 641 
i 411	 617 	 623 
i 760	 684 	 759 
i 860	 846 	 848 
i 654	 550 	 523 
i 542	 960 	 954 
i 486	 329 	 403 
i 763	 132 	 50 
i 240	 942 	 977 
i 25	 822 	 890 
i 521	 207 	 279 
i 91	 165 	 119 
i 735	 639 	 545 
i 563	 529 	 607 
i 57	 982 	 991 
i 13	 419 	 336 
i 258	 838 	 852 
i 283	 726 	 693 
i 219	 806 	 821 
i 19	 518 	 538 
i 128	 378 	 302 
i 190	 253 	 195 
i 784	 494 	 583 
i 255	 522 	 523 
i 236	 425 	 438 
i 583	 910 	 925 
i 401	 988 	 1055 
i 93	 609 	 532 
i 875	 908 	 875 
i 333	 530 	 501 
i 634	 175 	 171 
i 794	 283 	 317 
i 226	 472 	 463 
i 688	 424 	 466 
i 43	 877 	 966 
i 942	 491 	 497 
i 929	 116 	 202 
i 490	 860 	 765 
i 387	 966 	 1046 
i 859	 377 	 323 
i 931	 694 	 767 
i 127	 235 	 267 
i 532	 835 	 912 
i 885	 353 	 368 
i 747	 987 	 1010 
i 175	 942 	 954 
i 182	 526 	 524 
i 26	 466 	 562 
i 987	 489 	 462 
i 287	 401 	 346 
i 943	 609 	 540 
i 84	 491 	 448 
i 898	 190 	 253 
i 172	 980 	 1020 
i 158	 604 	 594 
i 93	 265 	 290 
i 560	 765 	 826 
i 960	 313 	 379 
i 386	 296 	 359 
i 712	 624 	 545 
i 273	 826 	 735 
i 700	 968 	 894 
i 790	 333 	 239 
i 768	 171 	 111 
i 323	 796 	 768 
i 497	 307 	 297 
i 234	 862 	 764 
i 461	 691 	 785 
i 670	 541 	 512 
i 248	 380 	 294 
i 53	 475 	 443 
i 17	 519 	 427 
i 267	 638 	 704 
i 334	 666 	 686 
i 105	 846 	 931 
i 326	 278 	 262 
i 172	 680 	 711 
i 824	 692 	 615 
i 309	 669 	 726 
i 612	 988 	 894 
i 23	 162 	 79 
i 482	 468 	 388 
i 76	 507 	 480 
i 700	 359 	 399 
i 528	 894 	 955 
i 716	 828 	 755 
i 357	 314 	 275 
i 12	 897 	 823 
i 639	 112 	 99 
i 627	 811 	 721 
i 685	 841 	 755 
i 87	 918 	 929 
i 533	 121 	 147 
i 812	 450 	 416 
i 694	 187 	 259 
i 500	 907 	 922 
i 729	 138 	 224 
i 614	 410 	 499 
i 616	 527 	 544 
i 404	 918 	 860 
i 226	 964 	 1043 
i 134	 141 	 237 
i 146	 636 	 639 
i 528	 310 	 275 
i 614	 606 	 510 
i 510	 483 	 487 
i 540	 996 	 946 
i 877	 938 	 1011 
i 346	 890 	 886 
i 254	 522 	 599 
i 214	 711 	 633 
i 249	 620 	 569 
i 839	 606 	 584 
i 64	 177 	 261 
i 621	 469 	 475 
i 40	 490 	 398 
i 36	 955 	 971 
i 966	 291 	 283 
i 843	 174 	 235 
i 306	 603 	 515 
i 981	 503 	 457 
i 554	 603 	 607 
i 111	 822 	 794 
i 185	 282 	 267 
i 589	 211 	 120 
i 16	 686 	 603 
i 965	 726 	 650 
i 169	 356 	 273 
i 240	 766 	 852 
i 794	 594 	 541 
i 236	 648 	 591 
i 790	 891 	 945 
i 590	 467 	 543 
i 783	 789 	 702 
i 896	 278 	 309 
i 544	 320 	 354 
i 237	 397 	 424 
i 512	 505 	 566 
i 250	 584 	 493 
i 793	 523 	 591 
i 398	 734 	 649 
i 277	 928 	 1001 
i 677	 726 	 717 
i 440	 622 	 570 
i 628	 683 	 610 
i 864	 378 	 414 
i 186	 976 	 1059 
i 629	 654 	 640 
i 162	 483 	 519 
i 626	 525 	 519 
i 327	 384 	 458 
i 247	 453 	 382 
i 939	 335 	 400 
i 515	 742 	 695 
i 160	 957 	 1036 
i 460	 191 	 242 
i 434	 798 	 886 
i 46	 726 	 740 
i 464	 220 	 267 
i 930	 826 	 798 
i 238	 359 	 396 
i 622	 246 	 333 
i 875	 379 	 454 
i 586	 225 	 203 
i 538	 462 	 472 
i 628	 368 	 270 
i 401	 154 	 142 
i 94	 994 	 992 
i 217	 615 	 705 
i 22	 381 	 457 
i 301	 702 	 626 
i 453	 426 	 474 
i 754	 370 	 393 
i 882	 259 	 199 
i 278	 607 	 655 
i 567	 208 	 182 
i 616	 218 	 272 
i 610	 613 	 686 
i 178	 160 	 76 
i 481	 120 	 40 
i 148	 906 	 886 
i 502	 126 	 197 
i 793	 787 	 809 
i 961	 449 	 447 
i 520	 631 	 685 
i 629	 403 	 370 
i 749	 733 	 824 
i 315	 531 	 544 
i 371	 411 	 459 
i 381	 485 	 429 
i 277	 577 	 551 
i 294	 936 	 1010 
i 56	 809 	 842 
i 436	 464 	 489 
i 22	 903 	 832 
i 351	 700 	 755 
i 51	 113 	 118 
i 523	 962 	 1030 
i 861	 576 	 518 
i 283	 347 	 365 
i 807	 546 	 620 
i 736	 876 	 808 
i 522	 764 	 708 
i 919	 468 	 499 
i 811	 138 	 173 
i 475	 270 	 175 
i 477	 961 	 876 
i 436	 540 	 560 
i 959	 400 	 392 
i 225	 590 	 639 
i 715	 229 	 239 
i 577	 114 	 71 
i 312	 261 	 323 
i 714	 456 	 502 
i 745	 151 	 159 
i 924	 753 	 656 
i 880	 778 	 777 
i 364	 848 	 934 
i 690	 494 	 571 
i 229	 905 	 827 
i 362	 679 	 745 
i 366	 281 	 262 
i 535	 538 	 581 
i 924	 370 	 356 
i 969	 132 	 67 
i 692	 614 	 534 
i 443	 630 	 726 
i 272	 181 	 150 
i 703	 119 	 26 
i 597	 910 	 863 
i 237	 123 	 148 
i 428	 861 	 960 
i 909	 334 	 340 
i 202	 974 	 964 
i 226	 471 	 455 
i 791	 630 	 553 
i 376	 722 	 733 
i 455	 707 	 773 
i 465	 128 	 134 
i 364	 162 	 88 
i 379	 400 	 373 
i 223	 959 	 1018 
i 475	 955 	 995 
i 446	 538 	 619 
i 851	 942 	 868 
i 435	 429 	 513 
i 123	 532 	 491 
i 794	 140 	 190 
i 814	 878 	 821 
i 871	 464 	 480 
i 197	 580 	 672 
i 152	 907 	 843 
i 102	 725 	 756 
i 581	 462 	 383 
i 517	 379 	 470 
i 875	 496 	 474 
i 350	 427 	 429 
i 382	 693 	 654 
i 246	 474 	 398 
i 643	 668 	 766 
i 172	 298 	 236 
i 67	 263 	 231 
i 758	 427 	 415 
i 154	 125 	 30 
i 455	 218 	 226 
i 888	 179 	 162 
i 245	 527 	 580 
i 900	 984 	 913 
i 309	 369 	 347 
i 936	 478 	 385 
i 148	 473 	 414 
i 319	 643 	 598 
i 675	 948 	 854 
i 691	 453 	 390 
i 812	 476 	 504 
i 889	 957 	 963 
i 359	 439 	 494 
i 342	 232 	 267 
i 633	 364 	 461 
i 47	 715 	 799 
i 454	 749 	 662 
i 54	 935 	 912 
i 994	 292 	 204 
i 380	 323 	 374 
i 790	 490 	 503 
i 743	 173 	 164 
i 113	 645 	 708 
i 249	 446 	 377 
i 534	 159 	 217 
i 214	 146 	 213 
i 932	 966 	 924 
i 859	 138 	 107 
i 64	 484 	 452 
i 303	 541 	 585 
i 730	 324 	 326 
i 800	 829 	 779 
i 402	 348 	 321 
i 779	 185 	 208 
i 833	 325 	 255 
i 873	 140 	 112 
i 835	 885 	 844 
i 866	 255 	 186 
i 287	 563 	 507 
i 771	 865 	 869 
i 12	 617 	 567 
i 819	 182 	 92 
i 87	 409 	 400 
i 170	 735 	 681 
i 411	 394 	 307 
i 444	 528 	 616 
i 315	 852 	 907 
i 478	 227 	 255 
i 986	 366 	 451 
i 836	 563 	 603 
i 406	 139 	 181 
i 486	 364 	 370 
i 822	 412 	 435 
i 525	 816 	 873 
i 844	 136 	 75 
i 314	 197 	 225 
i 149	 144 	 235 
i 280	 835 	 822 
i 568	 517 	 501 
i 77	 454 	 405 
i 109	 188 	 220 
i 394	 820 	 750 
i 733	 403 	 497 
i 527	 952 	 951 
i 556	 762 	 730 
i 652	 938 	 969 
i 691	 620 	 680 
i 505	 582 	 498 
i 962	 970 	 1000 
i 350	 456 	 501 
i 436	 687 	 754 
i 235	 388 	 334 
i 564	 522 	 615 
i 510	 498 	 496 
i 243	 940 	 849 
i 173	 355 	 395 
i 746	 938 	 916 
i 277	 764 	 843 
i 243	 839 	 910 
i 632	 531 	 472 
i 280	 291 	 320 
i 592	 147 	 222 
i 56	 353 	 341 
i 491	 323 	 413 
i 424	 760 	 699 
i 698	 803 	 776 
i 628	 537 	 459 
i 364	 885 	 863 
i 184	 793 	 819 
i 656	 668 	 621 
i 859	 854 	 863 
i 900	 539 	 466 
i 174	 432 	 370 
i 412	 826 	 862 
i 143	 784 	 705 
i 922	 958 	 1019 
i 403	 396 	 382 
i 274	 498 	 557 
i 43	 846 	 942 
i 670	 521 	 548 
i 506	 757 	 756 
i 987	 354 	 333 
i 349	 477 	 491 
i 154	 649 	 745 
i 910	 368 	 293 
i 863	 464 	 373 
i 185	 292 	 282 
i 621	 678 	 722 
i 448	 498 	 551 
i 909	 482 	 469 
i 636	 160 	 248 
i 910	 602 	 688 
i 322	 956 	 911 
i 928	 574 	 560 
i 219	 559 	 527 
i 616	 671 	 612 
i 820	 714 	 692 
i 458	 225 	 127 
i 894	 870 	 861 
i 312	 662 	 635 
i 368	 162 	 63 
i 921	 111 	 194 
i 871	 938 	 885 
i 393	 298 	 231 
i 897	 683 	 659 
i 527	 988 	 888 
i 206	 283 	 347 
i 335	 631 	 586 
i 189	 642 	 576 
i 809	 161 	 158 
i 867	 489 	 559 
i 867	 494 	 548 
i 798	 419 	 448 
i 10	 630 	 537 
i 653	 777 	 864 
i 640	 230 	 222 
i 833	 230 	 263 
i 419	 960 	 860 
i 17	 318 	 256 
i 74	 472 	 372 
i 499	 903 	 976 
i 930	 773 	 820 
i 278	 572 	 578 
i 861	 257 	 265 
i 612	 291 	 230 
i 746	 234 	 301 
i 881	 646 	 679 
i 836	 351 	 268 
i 71	 354 	 274 
i 477	 525 	 460 
i 369	 527 	 562 
i 114	 410 	 431 
i 633	 176 	 253 
i 797	 651 	 700 
i 2	 246 	 217 
i 141	 421 	 342 
i 742	 275 	 372 
i 14	 871 	 935 
i 288	 949 	 1027 
i 754	 153 	 127 
i 223	 311 	 358 
i 560	 914 	 984 
i 634	 565 	 562 
i 242	 464 	 420 
i 395	 239 	 195 
i 743	 559 	 543 
i 928	 653 	 586 
i 784	 641 	 577 
i 727	 484 	 477 
i 775	 389 	 333 
i 2	 718 	 706 
i 905	 486 	 386 
i 417	 355 	 382 
i 813	 787 	 863 
i 958	 150 	 105 
i 463	 403 	 306 
i 73	 780 	 869 
i 669	 929 	 975 
i 89	 200 	 191 
i 402	 616 	 562 
i 85	 813 	 760 
i 507	 320 	 248 
i 782	 324 	 335 
i 543	 891 	 865 
i 587	 785 	 750 
i 915	 141 	 199 
i 669	 158 	 230 
i 589	 111 	 117 
i 689	 761 	 785 
i 258	 280 	 184 
i 49	 489 	 410 
i 283	 699 	 722 
i 523	 824 	 803 
i 402	 431 	 518 
i 161	 761 	 766 
i 195	 165 	 153 
i 248	 869 	 791 
i 249	 748 	 788 
i 980	 333 	 310 
i 172	 886 	 915 
i 597	 907 	 946 
i 259	 115 	 210 
i 61	 661 	 661 
i 421	 125 	 205 
i 153	 961 	 873 
i 214	 540 	 491 
i 67	 933 	 934 
i 784	 143 	 194 
i 35	 766 	 813 
i 907	 223 	 304 
i 803	 799 	 800 
i 808	 528 	 580 
i 428	 510 	 574 
i 445	 956 	 905 
i 401	 870 	 849 
i 883	 928 	 950 
i 809	 269 	 304 
i 846	 721 	 713 
i 583	 504 	 503 
i 710	 270 	 250 
i 484	 189 	 130 
i 954	 638 	 541 
i 403	 428 	 416 
i 354	 272 	 349 
i 209	 490 	 447 
i 128	 844 	 778 
i 306	 498 	 594 
i 992	 212 	 277 
i 435	 622 	 604 
i 614	 174 	 98 
i 702	 532 	 552 
i 295	 716 	 727 
i 652	 729 	 821 
i 833	 234 	 197 
i 261	 134 	 138 
i 86	 391 	 421 
i 522	 544 	 635 
i 636	 527 	 616 
i 211	 374 	 350 
i 282	 739 	 838 
i 756	 846 	 886 
i 437	 494 	 593 
i 134	 990 	 1019 
i 273	 956 	 952 
i 299	 347 	 395 
i 614	 813 	 878 
i 102	 503 	 473 
i 570	 465 	 562 
i 866	 420 	 359 
i 573	 762 	 757 
i 400	 761 	 708 
i 831	 495 	 529 
i 820	 491 	 552 
i 771	 178 	 93 
i 38	 606 	 581 
i 827	 378 	 476 
i 269	 225 	 143 
i 667	 537 	 569 
i 16	 525 	 530 
i 748	 701 	 621 
i 479	 238 	 238 
i 911	 446 	 412 
i 340	 155 	 85 
i 415	 871 	 956 
i 973	 939 	 1031 
i 274	 385 	 443 
i 403	 377 	 288 
i 882	 460 	 505 
i 349	 160 	 208 
i 13	 631 	 628 
i 156	 722 	 815 
i 533	 280 	 356 
i 583	 577 	 521 
i 438	 715 	 742 
i 371	 650 	 671 
i 679	 618 	 694 
i 979	 432 	 388 
i 373	 485 	 418 
i 428	 243 	 246 
i 14	 902 	 907 
i 701	 449 	 485 
i 892	 421 	 364 
i 417	 315 	 374 
i 97	 511 	 458 
i 703	 187 	 208 
i 274	 728 	 685 
i 635	 624 	 577 
i 58	 877 	 905 
i 206	 137 	 50 
i 97	 595 	 511 
i 477	 176 	 232 
i 826	 784 	 819 
i 57	 977 	 895 
i 508	 799 	 736 
i 594	 121 	 199 
i 289	 662 	 595 
i 866	 918 	 978 
i 728	 267 	 338 
i 757	 836 	 748 
i 303	 897 	 828 
i 377	 970 	 997 
i 135	 777 	 769 
i 109	 489 	 492 
i 882	 570 	 475 
i 894	 738 	 762 
i 514	 642 	 724 
i 422	 789 	 844 
i 597	 612 	 612 
i 414	 486 	 438 
i 298	 542 	 555 
i 265	 684 	 772 
i 16	 361 	 276 
i 441	 772 	 709 
i 957	 345 	 258 
i 664	 370 	 462 
i 262	 922 	 917 
i 26	 842 	 921 
i 589	 644 	 643 
i 12	 203 	 284 
i 497	 436 	 377 
i 142	 939 	 933 
i 424	 888 	 885 
i 168	 956 	 1041 
i 432	 232 	 309 
i 724	 292 	 301 
i 637	 258 	 320 
i 460	 682 	 749 
i 60	 591 	 576 
i 164	 143 	 130 
i 530	 951 	 1037 
i 462	 246 	 161 
i 336	 666 	 666 
i 287	 210 	 243 
i 424	 145 	 65 
i 628	 933 	 997 
i 794	 532 	 524 
i 437	 365 	 449 
i 977	 220 	 316 
i 14	 599 	 527 
i 958	 988 	 1023 
i 111	 930 	 857 
i 735	 998 	 992 
i 846	 554 	 606 
i 886	 259 	 195 
i 810	 348 	 410 
i 285	 192 	 213 
i 571	 601 	 509 
i 694	 531 	 434 
i 244	 514 	 420 
i 231	 643 	 741 
i 152	 354 	 274 
i 151	 476 	 543 
i 649	 896 	 932 
i 816	 683 	 696 
i 84	 846 	 821 
i 175	 678 	 710 
i 727	 328 	 275 
i 200	 365 	 450 
i 653	 383 	 317 
i 252	 411 	 391 
i 526	 403 	 414 
i 936	 494 	 535 
i 820	 348 	 319 
i 464	 956 	 890 
i 291	 573 	 524 
i 930	 910 	 896 
i 175	 612 	 543 
i 461	 822 	 793 
i 767	 760 	 662 
i 106	 914 	 866 
i 435	 384 	 441 
i 866	 878 	 923 
i 134	 617 	 626 
i 84	 933 	 834 
i 604	 197 	 157 
i 503	 425 	 371 
i 68	 808 	 788 
i 868	 948 	 1021 
i 599	 377 	 403 
i 503	 387 	 434 
i 810	 620 	 554 
i 673	 432 	 340 
i 243	 188 	 122 
i 169	 673 	 624 
i 266	 681 	 753 
i 620	 947 	 920 
i 405	 263 	 249 
i 347	 623 	 583 
i 647	 504 	 584 
i 957	 178 	 158 
i 531	 836 	 778 
i 892	 991 	 1068 
i 979	 138 	 64 
i 612	 292 	 251 
i 253	 522 	 535 
i 195	 399 	 336 
i 366	 723 	 741 
i 943	 219 	 306 
i 386	 487 	 503 
i 462	 399 	 407 
i 278	 759 	 673 
i 268	 949 	 1042 
i 299	 850 	 939 
i 503	 967 	 978 
i 965	 344 	 406 
i 290	 847 	 748 
i 978	 124 	 98 
i 102	 649 	 611 
i 525	 594 	 634 
i 850	 225 	 157 
i 579	 707 	 695 
i 523	 771 	 812 
i 354	 741 	 642 
i 317	 692 	 694 
i 580	 298 	 293 
i 409	 130 	 183 
i 423	 135 	 184 
i 29	 465 	 534 
i 572	 745 	 719 
i 700	 479 	 423 
i 371	 623 	 683 
i 115	 126 	 90 
i 823	 756 	 791 
i 477	 763 	 862 
i 688	 328 	 343 
i 710	 752 	 848 
i 738	 544 	 525 
i 137	 317 	 304 
i 850	 181 	 82 
i 264	 511 	 552 
i 841	 708 	 623 
i 858	 531 	 469 
i 585	 819 	 722 
i 319	 533 	 531 
i 564	 528 	 464 
i 285	 150 	 228 
i 772	 136 	 161 
i 6	 498 	 551 
i 84	 885 	 908 
i 534	 892 	 968 
i 207	 632 	 676 
i 680	 703 	 719 
i 477	 875 	 808 
i 951	 889 	 885 
i 421	 438 	 347 
i 466	 599 	 565 
i 495	 503 	 424 
i 930	 174 	 96 
i 801	 855 	 793 
i 680	 514 	 559 
i 267	 408 	 495 
i 933	 161 	 184 
i 792	 677 	 595 
i 668	 823 	 731 
i 37	 365 	 357 
i 587	 407 	 493 
i 29	 704 	 689 
i 100	 797 	 768 
i 937	 896 	 827 
i 391	 179 	 246 
i 726	 827 	 747 
i 782	 770 	 677 
i 420	 428 	 493 
i 222	 510 	 509 
i 508	 548 	 554 
i 841	 961 	 885 
i 509	 900 	 830 
i 281	 389 	 338 
i 165	 705 	 642 
i 242	 845 	 860 
i 48	 700 	 660 
i 790	 792 	 709 
i 147	 826 	 827 
i 596	 674 	 719 
i 89	 228 	 175 
i 45	 704 	 619 
i 932	 812 	 829 
i 246	 946 	 1019 
i 914	 279 	 185 
i 740	 445 	 399 
i 404	 960 	 924 
i 171	 342 	 264 
i 974	 419 	 370 
i 609	 870 	 940 
i 741	 628 	 716 
i 409	 838 	 935 
i 198	 906 	 989 
i 138	 538 	 471 
i 327	 421 	 336 
i 703	 449 	 513 
i 658	 692 	 636 
i 918	 977 	 955 
i 266	 187 	 160 
i 120	 417 	 512 
i 701	 287 	 331 
i 519	 236 	 161 
i 415	 224 	 189 
i 895	 153 	 145 
i 245	 300 	 358 
i 625	 371 	 369 
i 279	 211 	 141 
i 254	 410 	 324 
i 341	 761 	 728 
i 685	 200 	 191 
i 883	 181 	 112 
i 25	 821 	 856 
i 153	 936 	 854 
i 201	 338 	 435 
i 414	 750 	 696 
i 707	 565 	 636 
i 820	 115 	 42 
i 158	 251 	 229 
i 889	 315 	 361 
i 990	 615 	 598 
i 71	 132 	 91 
i 869	 272 	 236 
i 798	 875 	 870 
i 55	 957 	 992 
i 774	 946 	 864 
i 285	 264 	 323 
i 290	 137 	 160 
i 448	 258 	 313 
i 678	 605 	 638 
i 245	 366 	 397 
i 269	 736 	 781 
i 451	 113 	 132 
i 311	 402 	 380 
i 262	 826 	 815 
i 202	 540 	 484 
i 375	 621 	 622 
i 404	 442 	 501 
i 571	 992 	 940 
i 128	 793 	 877 
i 415	 496 	 429 
i 118	 190 	 177 
i 121	 835 	 912 
i 448	 475 	 414 
i 253	 826 	 818 
i 736	 335 	 367 
i 311	 532 	 439 
i 683	 983 	 971 
i 675	 802 	 704 
i 443	 131 	 58 
i 876	 951 	 961 
i 965	 212 	 246 
i 779	 601 	 659 
i 190	 501 	 449 
i 994	 677 	 675 
i 247	 198 	 144 
i 721	 787 	 795 
i 703	 820 	 764 
i 481	 324 	 403 
i 504	 334 	 302 
i 450	 458 	 401 
i 564	 951 	 887 
i 116	 659 	 751 
i 554	 475 	 405 
i 192	 689 	 618 
i 291	 239 	 217 
i 52	 444 	 367 
i 850	 925 	 988 
i 91	 235 	 194 
i 342	 145 	 205 
i 733	 449 	 399 
i 678	 644 	 707 
i 296	 807 	 893 
i 705	 774 	 771 
i 356	 910 	 945 
i 501	 152 	 245 
i 876	 503 	 407 
i 792	 606 	 680 
i 931	 444 	 536 
i 970	 711 	 671 
i 352	 536 	 443 
i 951	 761 	 804 
i 735	 598 	 500 
i 481	 538 	 581 
i 380	 970 	 884 
i 427	 685 	 699 
i 868	 658 	 647 
i 425	 677 	 625 
i 800	 562 	 496 
i 475	 528 	 456 
i 953	 799 	 798 
i 685	 832 	 821 
i 233	 579 	 515 
i 713	 589 	 621 
i 681	 336 	 244 
i 327	 401 	 395 
i 942	 910 	 877 
i 579	 421 	 473 
i 88	 636 	 648 
i 558	 790 	 698 
i 332	 918 	 1016 
i 143	 470 	 505 
i 669	 868 	 950 
i 207	 142 	 167 
i 461	 732 	 693 
i 788	 771 	 797 
i 687	 301 	 316 
i 37	 603 	 533 
i 627	 393 	 341 
i 391	 895 	 954 
i 300	 931 	 857 
i 704	 926 	 880 
i 557	 640 	 728 
i 592	 562 	 491 
i 291	 229 	 251 
i 35	 501 	 480 
i 249	 175 	 92 
i 802	 687 	 611 
i 121	 824 	 874 
i 4	 150 	 78 
i 926	 861 	 849 
i 843	 977 	 906 
i 439	 331 	 371 
i 947	 280 	 238 
i 81	 413 	 430 
i 520	 957 	 980 
i 592	 423 	 496 
i 241	 500 	 534 
i 43	 609 	 667 
i 87	 387 	 446 
i 930	 514 	 558 
i 905	 906 	 919 
i 153	 146 	 47 
i 344	 770 	 860 
i 684	 143 	 49 
i 636	 663 	 673 
i 987	 326 	 254 
i 425	 209 	 185 
i 985	 806 	 791 
i 298	 621 	 623 
i 750	 440 	 428 
i 645	 193 	 163 
i 685	 696 	 696 
i 428	 701 	 770 
i 464	 659 	 665 
i 87	 688 	 621 
i 328	 290 	 220 
i 439	 418 	 433 
i 221	 760 	 773 
i 795	 251 	 323 
i 166	 709 	 731 
i 258	 215 	 166 
i 916	 526 	 614 
i 581	 974 	 948 
i 198	 838 	 905 
i 847	 421 	 505 
i 50	 570 	 520 
i 395	 708 	 746 
i 126	 334 	 416 
i 285	 837 	 878 
i 957	 715 	 789 
i 75	 371 	 297 
i 543	 601 	 510 
i 514	 552 	 577 
i 332	 883 	 948 
i 681	 738 	 772 
i 198	 669 	 713 
i 869	 892 	 815 
i 121	 617 	 565 
i 937	 538 	 543 
i 617	 277 	 274 
i 910	 163 	 175 
i 463	 279 	 199 
i 959	 321 	 344 
i 828	 880 	 969 
i 534	 725 	 750 
i 163	 436 	 501 
i 42	 189 	 228 
i 611	 295 	 358 
i 93	 512 	 562 
i 280	 982 	 956 
i 340	 525 	 481 
i 529	 134 	 183 
i 766	 226 	 266 
i 631	 775 	 781 
i 323	 729 	 642 
i 689	 400 	 345 
i 777	 246 	 200 
i 984	 865 	 941 
i 436	 703 	 797 
i 416	 485 	 435 
i 882	 815 	 833 
i 909	 178 	 102 
i 40	 840 	 917 
i 786	 577 	 581 
i 482	 161 	 229 
i 807	 220 	 226 
i 960	 423 	 385 
i 809	 664 	 623 
i 476	 559 	 605 
i 896	 536 	 465 
i 690	 762 	 667 
i 765	 401 	 488 
i 585	 510 	 605 
i 111	 411 	 463 
i 168	 874 	 823 
i 291	 735 	 645 
i 643	 319 	 222 
i 266	 595 	 659 
i 769	 858 	 818 
i 249	 619 	 558 
i 981	 750 	 827 
i 308	 776 	 806 
i 756	 722 	 669 
i 95	 702 	 671 
i 953	 493 	 495 
i 655	 713 	 774 
i 890	 762 	 751 
i 436	 775 	 817 
i 276	 619 	 615 
i 847	 886 	 932 
i 566	 172 	 214 
i 315	 960 	 864 
i 3	 650 	 705 
i 668	 861 	 935 
i 99	 280 	 345 
i 776	 738 	 734 
i 509	 565 	 539 
i 256	 964 	 1025 
i 828	 710 	 626 
i 700	 251 	 337 
i 769	 902 	 901 
i 724	 647 	 709 
i 331	 666 	 728 
i 175	 468 	 464 
i 366	 354 	 370 
i 72	 199 	 170 
i 583	 626 	 699 
i 544	 957 	 881 
i 219	 785 	 875 
i 377	 858 	 888 
i 267	 796 	 779 
i 870	 349 	 277 
i 495	 181 	 175 
i 896	 905 	 934 
i 171	 445 	 347 
i 271	 961 	 878 
i 850	 390 	 423 
i 802	 271 	 213 
i 561	 380 	 366 
i 402	 336 	 397 
i 174	 914 	 829 
i 441	 398 	 487 
i 521	 526 	 514 
i 414	 948 	 915 
i 790	 636 	 637 
i 747	 649 	 705 
i 62	 726 	 752 
i 243	 433 	 419 
i 545	 623 	 721 
i 798	 118 	 97 
i 702	 838 	 851 
i 27	 905 	 807 
i 494	 858 	 864 
i 436	 362 	 451 
i 28	 664 	 711 
i 633	 228 	 224 
i 326	 922 	 930 
i 689	 594 	 651 
i 266	 979 	 945 
i 275	 974 	 900 
i 93	 438 	 504 
i 986	 944 	 1015 
i 827	 954 	 924 
i 112	 537 	 594 
i 733	 489 	 552 
i 866	 254 	 243 
i 779	 683 	 738 
i 323	 278 	 270 
i 300	 978 	 1023 
i 271	 384 	 284 
i 639	 500 	 419 
i 576	 351 	 267 
i 525	 226 	 308 
i 6	 539 	 443 
i 431	 351 	 402 
i 593	 187 	 211 
i 237	 586 	 566 
i 426	 386 	 430 
i 402	 799 	 703 
i 709	 558 	 516 
i 147	 562 	 648 
i 418	 648 	 649 
i 547	 722 	 628 
i 30	 643 	 551 
i 300	 663 	 657 
i 386	 446 	 358 
i 921	 999 	 959 
i 231	 466 	 511 
i 5	 220 	 145 
i 508	 241 	 308 
i 17	 502 	 598 
i 621	 443 	 423 
i 309	 896 	 985 
i 907	 927 	 1022 
i 529	 963 	 918 
i 905	 493 	 526 
i 904	 550 	 567 
i 305	 819 	 882 
i 428	 576 	 640 
i 574	 691 	 657 
i 16	 547 	 516 
i 389	 533 	 626 
i 272	 891 	 846 
i 191	 846 	 783 
i 149	 827 	 869 
i 579	 186 	 209 
i 74	 778 	 782 
i 870	 410 	 475 
i 394	 247 	 198 
i 48	 978 	 1044 
i 538	 383 	 452 
i 14	 692 	 639 
i 891	 663 	 664 
i 718	 910 	 949 
i 524	 185 	 254 
c
c
W 995954
c end of file