c Instance Type c
c
n 4000
c w	 v1	 v2
i 394	 857 	 913 
i 911	 820 	 759 
i 768	 409 	 364 
i 477	 603 	 628 
i 513	 435 	 525 
i 636	 925 	 968 
i 607	 236 	 139 
i 138	 326 	 386 
i 401	 250 	 175 
i 998	 207 	 150 
i 839	 566 	 588 
i 637	 374 	 378 
i 972	 549 	 507 
i 527	 796 	 849 
i 891	 466 	 422 
i 807	 424 	 507 
i 949	 173 	 178 
i 193	 187 	 219 
i 349	 902 	 814 
i 458	 128 	 40 
i 970	 322 	 402 
i 267	 867 	 874 
i 760	 444 	 446 
i 532	 704 	 611 
i 931	 500 	 586 
i 285	 751 	 798 
i 354	 679 	 716 
i 440	 258 	 334 
i 331	 848 	 793 
i 351	 905 	 942 
i 589	 961 	 992 
i 440	 874 	 958 
i 814	 465 	 501 
i 483	 920 	 863 
i 920	 955 	 884 
i 641	 894 	 880 
i 281	 661 	 718 
i 447	 384 	 329 
i 276	 277 	 288 
i 170	 481 	 562 
i 126	 202 	 201 
i 984	 787 	 874 
i 383	 719 	 768 
i 294	 438 	 384 
i 245	 630 	 560 
i 126	 761 	 819 
i 745	 256 	 170 
i 53	 955 	 959 
i 240	 267 	 326 
i 656	 762 	 855 
i 759	 679 	 597 
i 520	 230 	 145 
i 205	 173 	 165 
i 573	 839 	 890 
i 158	 157 	 256 
i 890	 292 	 217 
i 55	 998 	 1072 
i 5	 175 	 259 
i 181	 638 	 570 
i 913	 459 	 522 
i 552	 430 	 445 
i 687	 513 	 432 
i 757	 582 	 542 
i 577	 993 	 1068 
i 629	 775 	 682 
i 833	 775 	 860 
i 831	 887 	 982 
i 903	 772 	 868 
i 497	 703 	 635 
i 889	 848 	 763 
i 248	 688 	 713 
i 700	 314 	 277 
i 232	 403 	 317 
i 224	 673 	 703 
i 971	 564 	 520 
i 719	 596 	 518 
i 592	 530 	 618 
i 337	 511 	 580 
i 4	 497 	 465 
i 833	 643 	 589 
i 483	 711 	 707 
i 712	 382 	 318 
i 41	 663 	 645 
i 674	 729 	 756 
i 185	 419 	 440 
i 730	 668 	 633 
i 203	 769 	 853 
i 653	 719 	 670 
i 88	 584 	 536 
i 686	 890 	 808 
i 362	 209 	 224 
i 666	 638 	 595 
i 289	 800 	 765 
i 984	 279 	 179 
i 332	 846 	 783 
i 958	 499 	 582 
i 699	 790 	 714 
i 384	 720 	 774 
i 916	 949 	 1021 
i 793	 291 	 300 
i 905	 375 	 456 
i 498	 887 	 902 
i 274	 255 	 327 
i 464	 548 	 617 
i 291	 551 	 487 
i 727	 719 	 646 
i 492	 647 	 714 
i 179	 754 	 698 
i 122	 554 	 481 
i 325	 431 	 517 
i 622	 918 	 985 
i 496	 838 	 804 
i 659	 461 	 482 
i 152	 341 	 255 
i 647	 206 	 178 
i 332	 367 	 285 
i 934	 490 	 506 
i 659	 346 	 398 
i 158	 544 	 620 
i 518	 667 	 608 
i 426	 606 	 671 
i 245	 461 	 426 
i 639	 759 	 855 
i 897	 411 	 338 
i 6	 476 	 532 
i 294	 799 	 721 
i 721	 880 	 789 
i 986	 510 	 551 
i 474	 298 	 371 
i 100	 194 	 170 
i 657	 379 	 440 
i 52	 228 	 138 
i 781	 517 	 555 
i 119	 504 	 521 
i 530	 625 	 644 
i 304	 432 	 509 
i 170	 534 	 555 
i 619	 578 	 597 
i 829	 318 	 232 
i 923	 198 	 131 
i 226	 539 	 604 
i 357	 369 	 444 
i 815	 417 	 448 
i 258	 143 	 198 
i 836	 667 	 628 
i 198	 307 	 329 
i 674	 208 	 264 
i 201	 750 	 730 
i 434	 391 	 337 
i 533	 453 	 383 
i 15	 604 	 580 
i 306	 450 	 497 
i 650	 342 	 352 
i 686	 928 	 989 
i 312	 731 	 760 
i 533	 116 	 184 
i 643	 660 	 663 
i 362	 467 	 510 
i 678	 823 	 753 
i 64	 140 	 177 
i 619	 277 	 317 
i 2	 615 	 516 
i 262	 382 	 413 
i 181	 873 	 841 
i 879	 704 	 734 
i 885	 389 	 326 
i 503	 250 	 315 
i 904	 711 	 649 
i 706	 461 	 534 
i 739	 597 	 683 
i 926	 318 	 328 
i 494	 940 	 950 
i 799	 945 	 1007 
i 657	 639 	 738 
i 325	 942 	 1016 
i 638	 634 	 685 
i 795	 800 	 752 
i 471	 648 	 581 
i 865	 818 	 892 
i 413	 701 	 723 
i 645	 641 	 648 
i 579	 242 	 148 
i 518	 734 	 800 
i 113	 568 	 565 
i 49	 564 	 626 
i 638	 452 	 442 
i 413	 238 	 187 
i 18	 472 	 515 
i 813	 621 	 637 
i 477	 508 	 607 
i 75	 163 	 191 
i 223	 641 	 584 
i 923	 671 	 718 
i 439	 522 	 592 
i 948	 957 	 1036 
i 334	 792 	 799 
i 478	 305 	 394 
i 884	 525 	 618 
i 458	 274 	 330 
i 904	 792 	 743 
i 963	 788 	 754 
i 561	 468 	 478 
i 191	 664 	 659 
i 654	 431 	 514 
i 606	 298 	 371 
i 374	 208 	 147 
i 593	 685 	 720 
i 59	 641 	 653 
i 243	 612 	 515 
i 10	 416 	 500 
i 770	 645 	 722 
i 173	 940 	 929 
i 795	 544 	 571 
i 156	 969 	 927 
i 366	 895 	 974 
i 476	 775 	 729 
i 123	 952 	 1025 
i 718	 665 	 749 
i 283	 274 	 207 
i 626	 291 	 226 
i 228	 223 	 312 
i 161	 123 	 46 
i 648	 521 	 604 
i 614	 200 	 114 
i 496	 461 	 448 
i 244	 371 	 453 
i 191	 614 	 520 
i 814	 494 	 544 
i 997	 427 	 334 
i 201	 576 	 608 
i 328	 733 	 810 
i 342	 685 	 595 
i 803	 792 	 831 
i 904	 717 	 679 
i 298	 779 	 840 
i 591	 279 	 189 
i 158	 201 	 149 
i 589	 232 	 143 
i 945	 901 	 812 
i 469	 933 	 884 
i 169	 632 	 648 
i 815	 534 	 619 
i 582	 579 	 624 
i 264	 311 	 337 
i 17	 589 	 675 
i 206	 419 	 423 
i 307	 467 	 502 
i 443	 684 	 637 
i 333	 736 	 678 
i 258	 785 	 821 
i 845	 125 	 195 
i 322	 645 	 678 
i 848	 579 	 529 
i 74	 338 	 340 
i 611	 902 	 908 
i 958	 841 	 888 
i 360	 416 	 324 
i 6	 132 	 129 
i 708	 371 	 435 
i 468	 562 	 477 
i 484	 280 	 364 
i 85	 149 	 97 
i 611	 743 	 661 
i 867	 965 	 898 
i 757	 534 	 589 
i 579	 117 	 164 
i 922	 772 	 691 
i 946	 811 	 731 
i 240	 355 	 416 
i 746	 195 	 150 
i 937	 265 	 317 
i 981	 196 	 265 
i 692	 414 	 405 
i 654	 497 	 461 
i 130	 644 	 560 
i 137	 447 	 478 
i 880	 212 	 228 
i 668	 298 	 303 
i 943	 388 	 441 
i 39	 219 	 221 
i 212	 465 	 455 
i 308	 253 	 239 
i 650	 115 	 40 
i 85	 521 	 577 
i 684	 809 	 891 
i 63	 881 	 790 
i 177	 579 	 664 
i 388	 208 	 227 
i 700	 678 	 685 
i 822	 472 	 487 
i 222	 930 	 987 
i 382	 443 	 362 
i 387	 829 	 878 
i 849	 941 	 1007 
i 635	 746 	 749 
i 502	 666 	 681 
i 30	 708 	 759 
i 139	 644 	 572 
i 777	 285 	 353 
i 184	 764 	 797 
i 106	 389 	 466 
i 480	 201 	 155 
i 288	 288 	 319 
i 222	 952 	 953 
i 936	 803 	 731 
i 561	 372 	 400 
i 233	 887 	 921 
i 832	 670 	 732 
i 29	 798 	 816 
i 764	 660 	 714 
i 77	 363 	 439 
i 179	 264 	 235 
i 379	 504 	 533 
i 326	 200 	 273 
i 105	 651 	 712 
i 399	 777 	 750 
i 272	 461 	 480 
i 901	 171 	 157 
i 675	 894 	 886 
i 293	 530 	 474 
i 577	 329 	 289 
i 749	 223 	 219 
i 193	 542 	 613 
i 293	 229 	 165 
i 900	 113 	 70 
i 650	 829 	 866 
i 45	 266 	 357 
i 113	 800 	 872 
i 994	 295 	 302 
i 466	 704 	 769 
i 712	 904 	 885 
i 838	 283 	 213 
i 324	 709 	 678 
i 457	 584 	 612 
i 460	 748 	 756 
i 269	 116 	 54 
i 444	 727 	 674 
i 219	 691 	 660 
i 426	 568 	 536 
i 95	 155 	 216 
i 986	 892 	 896 
i 180	 363 	 334 
i 853	 501 	 537 
i 386	 809 	 737 
i 104	 490 	 510 
i 110	 971 	 1044 
i 802	 252 	 214 
i 456	 462 	 468 
i 970	 773 	 864 
i 21	 189 	 99 
i 899	 909 	 816 
i 184	 483 	 426 
i 623	 802 	 716 
i 409	 521 	 512 
i 835	 646 	 658 
i 803	 290 	 324 
i 962	 174 	 169 
i 358	 452 	 538 
i 104	 926 	 1006 
i 192	 889 	 973 
i 90	 936 	 1000 
i 509	 971 	 871 
i 287	 278 	 303 
i 748	 343 	 250 
i 351	 752 	 826 
i 553	 364 	 399 
i 624	 962 	 989 
i 9	 495 	 594 
i 925	 434 	 353 
i 801	 346 	 304 
i 729	 276 	 252 
i 698	 117 	 194 
i 886	 121 	 56 
i 149	 679 	 764 
i 870	 711 	 666 
i 156	 597 	 662 
i 113	 309 	 299 
i 546	 876 	 868 
i 909	 872 	 849 
i 174	 960 	 897 
i 360	 330 	 413 
i 367	 669 	 692 
i 379	 570 	 570 
i 18	 728 	 758 
i 693	 661 	 665 
i 242	 906 	 941 
i 464	 754 	 811 
i 325	 268 	 234 
i 182	 678 	 626 
i 138	 132 	 115 
i 385	 299 	 354 
i 14	 226 	 154 
i 531	 773 	 777 
i 225	 330 	 338 
i 844	 908 	 855 
i 739	 481 	 476 
i 463	 193 	 281 
i 640	 893 	 846 
i 278	 301 	 290 
i 303	 518 	 535 
i 515	 889 	 983 
i 644	 692 	 788 
i 390	 821 	 824 
i 637	 397 	 445 
i 534	 879 	 895 
i 950	 199 	 163 
i 44	 623 	 680 
i 924	 571 	 556 
i 139	 808 	 849 
i 597	 317 	 218 
i 473	 839 	 843 
i 127	 814 	 747 
i 925	 800 	 811 
i 248	 370 	 308 
i 113	 139 	 184 
i 212	 658 	 693 
i 788	 946 	 990 
i 306	 757 	 786 
i 91	 248 	 304 
i 323	 875 	 851 
i 142	 882 	 952 
i 932	 457 	 553 
i 708	 606 	 687 
i 1	 212 	 142 
i 32	 384 	 337 
i 647	 142 	 137 
i 587	 745 	 698 
i 314	 497 	 511 
i 468	 182 	 214 
i 328	 879 	 976 
i 195	 330 	 255 
i 585	 200 	 112 
i 143	 184 	 237 
i 257	 990 	 1043 
i 564	 239 	 299 
i 599	 476 	 465 
i 313	 902 	 809 
i 747	 251 	 220 
i 827	 760 	 823 
i 692	 461 	 390 
i 939	 448 	 416 
i 41	 562 	 647 
i 123	 616 	 529 
i 113	 410 	 374 
i 257	 205 	 282 
i 668	 917 	 914 
i 559	 426 	 486 
i 716	 458 	 467 
i 447	 769 	 743 
i 840	 607 	 520 
i 221	 736 	 637 
i 728	 150 	 59 
i 297	 972 	 905 
i 633	 143 	 99 
i 740	 431 	 438 
i 647	 332 	 273 
i 3	 766 	 818 
i 393	 588 	 584 
i 134	 186 	 271 
i 692	 519 	 572 
i 395	 579 	 676 
i 439	 585 	 628 
i 409	 626 	 528 
i 445	 776 	 805 
i 806	 137 	 114 
i 56	 616 	 522 
i 792	 799 	 706 
i 330	 590 	 575 
i 414	 129 	 141 
i 873	 954 	 904 
i 400	 748 	 778 
i 933	 739 	 656 
i 513	 488 	 487 
i 262	 501 	 589 
i 292	 187 	 236 
i 860	 532 	 592 
i 635	 562 	 581 
i 175	 595 	 680 
i 196	 977 	 945 
i 145	 588 	 530 
i 861	 815 	 837 
i 569	 504 	 513 
i 993	 584 	 495 
i 433	 137 	 101 
i 519	 976 	 998 
i 993	 753 	 747 
i 501	 579 	 500 
i 47	 221 	 177 
i 21	 155 	 150 
i 558	 457 	 481 
i 351	 647 	 644 
i 794	 303 	 213 
i 326	 789 	 698 
i 356	 841 	 837 
i 329	 238 	 337 
i 52	 783 	 881 
i 579	 315 	 313 
i 702	 412 	 420 
i 753	 664 	 676 
i 144	 202 	 125 
i 746	 756 	 750 
i 963	 299 	 251 
i 726	 347 	 365 
i 548	 389 	 478 
i 690	 816 	 771 
i 447	 815 	 780 
i 676	 809 	 890 
i 16	 359 	 380 
i 639	 839 	 811 
i 741	 449 	 450 
i 467	 555 	 505 
i 679	 973 	 916 
i 944	 320 	 408 
i 258	 845 	 842 
i 52	 797 	 732 
i 845	 154 	 179 
i 630	 445 	 405 
i 909	 362 	 325 
i 729	 904 	 995 
i 110	 337 	 376 
i 609	 786 	 719 
i 580	 121 	 189 
i 815	 312 	 369 
i 641	 260 	 169 
i 414	 694 	 613 
i 463	 853 	 941 
i 839	 520 	 534 
i 123	 789 	 785 
i 15	 182 	 124 
i 269	 144 	 108 
i 29	 764 	 850 
i 41	 911 	 913 
i 268	 772 	 737 
i 435	 584 	 677 
i 92	 626 	 602 
i 926	 714 	 782 
i 387	 664 	 700 
i 150	 285 	 346 
i 231	 715 	 779 
i 268	 904 	 822 
i 4	 301 	 224 
i 903	 240 	 172 
i 647	 695 	 680 
i 180	 985 	 1057 
i 759	 957 	 1047 
i 438	 407 	 483 
i 61	 269 	 222 
i 257	 877 	 860 
i 936	 705 	 734 
i 829	 546 	 629 
i 45	 626 	 709 
i 191	 732 	 796 
i 848	 875 	 869 
i 832	 366 	 396 
i 784	 244 	 226 
i 119	 203 	 272 
i 297	 986 	 1067 
i 159	 335 	 267 
i 827	 706 	 626 
i 317	 393 	 479 
i 896	 319 	 414 
i 596	 247 	 180 
i 455	 979 	 881 
i 742	 508 	 577 
i 892	 197 	 223 
i 997	 562 	 611 
i 981	 427 	 335 
i 235	 345 	 285 
i 904	 491 	 397 
i 223	 581 	 550 
i 457	 520 	 468 
i 611	 498 	 565 
i 588	 646 	 605 
i 35	 658 	 565 
i 133	 521 	 607 
i 640	 193 	 278 
i 995	 858 	 939 
i 259	 898 	 826 
i 687	 190 	 99 
i 218	 217 	 171 
i 678	 526 	 571 
i 115	 743 	 710 
i 716	 601 	 686 
i 332	 863 	 955 
i 794	 897 	 816 
i 886	 835 	 882 
i 728	 771 	 817 
i 614	 691 	 789 
i 703	 819 	 854 
i 823	 862 	 941 
i 291	 215 	 229 
i 3	 862 	 899 
i 554	 275 	 255 
i 401	 211 	 258 
i 285	 178 	 183 
i 101	 262 	 245 
i 843	 916 	 844 
i 496	 677 	 728 
i 293	 668 	 660 
i 138	 382 	 339 
i 255	 288 	 303 
i 101	 798 	 813 
i 286	 520 	 446 
i 399	 878 	 884 
i 475	 644 	 707 
i 645	 226 	 309 
i 552	 596 	 648 
i 189	 725 	 676 
i 816	 510 	 520 
i 121	 920 	 957 
i 321	 285 	 373 
i 94	 797 	 705 
i 554	 423 	 389 
i 418	 542 	 587 
i 18	 127 	 67 
i 147	 855 	 924 
i 693	 783 	 763 
i 384	 571 	 589 
i 833	 801 	 782 
i 744	 401 	 406 
i 939	 124 	 193 
i 712	 963 	 1051 
i 65	 114 	 113 
i 549	 407 	 489 
i 568	 167 	 253 
i 405	 348 	 263 
i 162	 215 	 269 
i 680	 572 	 503 
i 456	 207 	 304 
i 783	 568 	 614 
i 798	 147 	 181 
i 757	 901 	 877 
i 761	 848 	 837 
i 95	 400 	 499 
i 159	 323 	 336 
i 426	 261 	 355 
i 543	 331 	 257 
i 62	 127 	 189 
i 171	 265 	 218 
i 685	 255 	 165 
i 726	 906 	 975 
i 615	 614 	 635 
i 445	 956 	 929 
i 770	 466 	 458 
i 10	 465 	 489 
i 180	 968 	 877 
i 427	 942 	 960 
i 446	 171 	 201 
i 620	 893 	 957 
i 782	 242 	 243 
i 677	 288 	 234 
i 244	 154 	 223 
i 196	 694 	 652 
i 595	 133 	 45 
i 993	 545 	 459 
i 958	 209 	 159 
i 893	 251 	 287 
i 961	 776 	 701 
i 841	 467 	 516 
i 989	 310 	 315 
i 189	 761 	 702 
i 238	 969 	 959 
i 895	 835 	 864 
i 920	 207 	 155 
i 409	 265 	 211 
i 520	 330 	 268 
i 677	 556 	 473 
i 426	 271 	 180 
i 827	 383 	 460 
i 52	 158 	 233 
i 784	 628 	 541 
i 749	 811 	 771 
i 564	 322 	 261 
i 673	 896 	 819 
i 846	 221 	 226 
i 94	 430 	 339 
i 595	 601 	 646 
i 775	 677 	 607 
i 83	 719 	 815 
i 136	 620 	 526 
i 717	 510 	 573 
i 505	 569 	 582 
i 743	 839 	 765 
i 626	 127 	 187 
i 750	 234 	 264 
i 110	 704 	 752 
i 661	 747 	 714 
i 299	 504 	 426 
i 983	 639 	 578 
i 556	 622 	 588 
i 7	 650 	 559 
i 522	 487 	 497 
i 342	 990 	 949 
i 361	 216 	 300 
i 499	 931 	 965 
i 167	 620 	 676 
i 883	 392 	 380 
i 325	 694 	 742 
i 920	 795 	 840 
i 495	 971 	 927 
i 103	 377 	 334 
i 526	 422 	 484 
i 515	 915 	 845 
i 634	 291 	 293 
i 557	 223 	 125 
i 130	 822 	 757 
i 447	 630 	 542 
i 103	 136 	 113 
i 872	 796 	 757 
i 840	 553 	 613 
i 141	 805 	 886 
i 491	 173 	 159 
i 396	 893 	 982 
i 599	 140 	 156 
i 725	 596 	 523 
i 526	 607 	 560 
i 111	 766 	 808 
i 139	 821 	 884 
i 910	 277 	 314 
i 409	 550 	 555 
i 190	 375 	 409 
i 260	 290 	 222 
i 140	 674 	 685 
i 174	 626 	 557 
i 719	 254 	 330 
i 278	 376 	 357 
i 16	 614 	 617 
i 815	 360 	 391 
i 3	 197 	 210 
i 496	 810 	 905 
i 793	 392 	 324 
i 995	 988 	 972 
i 629	 243 	 255 
i 210	 739 	 786 
i 371	 878 	 869 
i 670	 772 	 818 
i 237	 246 	 296 
i 517	 706 	 719 
i 615	 401 	 414 
i 402	 905 	 817 
i 719	 883 	 954 
i 706	 140 	 210 
i 855	 517 	 513 
i 562	 129 	 167 
i 425	 785 	 697 
i 169	 302 	 348 
i 321	 955 	 1048 
i 991	 732 	 729 
i 318	 346 	 266 
i 211	 850 	 850 
i 80	 907 	 851 
i 113	 780 	 865 
i 569	 649 	 705 
i 590	 189 	 158 
i 349	 804 	 858 
i 564	 860 	 947 
i 513	 623 	 575 
i 213	 595 	 545 
i 478	 139 	 152 
i 310	 229 	 285 
i 206	 677 	 748 
i 958	 874 	 968 
i 565	 811 	 819 
i 653	 619 	 545 
i 433	 926 	 922 
i 277	 722 	 630 
i 852	 669 	 680 
i 398	 901 	 955 
i 430	 236 	 185 
i 563	 742 	 753 
i 200	 547 	 600 
i 60	 422 	 466 
i 847	 398 	 355 
i 419	 879 	 967 
i 337	 996 	 970 
i 25	 535 	 565 
i 653	 575 	 575 
i 542	 182 	 262 
i 683	 868 	 834 
i 394	 200 	 278 
i 885	 698 	 616 
i 237	 489 	 419 
i 559	 243 	 143 
i 424	 500 	 483 
i 420	 447 	 498 
i 897	 780 	 836 
i 420	 470 	 456 
i 500	 917 	 1012 
i 352	 829 	 860 
i 453	 234 	 144 
i 114	 140 	 227 
i 539	 223 	 158 
i 688	 360 	 406 
i 126	 360 	 291 
i 504	 733 	 748 
i 258	 515 	 510 
i 662	 320 	 399 
i 569	 706 	 685 
i 377	 685 	 734 
i 516	 382 	 322 
i 549	 429 	 391 
i 676	 375 	 445 
i 955	 531 	 539 
i 237	 296 	 329 
i 936	 437 	 371 
i 392	 951 	 936 
i 628	 486 	 403 
i 298	 393 	 424 
i 943	 745 	 652 
i 249	 521 	 531 
i 607	 700 	 620 
i 905	 979 	 1034 
i 378	 848 	 894 
i 586	 439 	 532 
i 953	 142 	 223 
i 898	 294 	 253 
i 321	 674 	 759 
i 639	 754 	 698 
i 353	 451 	 384 
i 815	 483 	 466 
i 478	 975 	 879 
i 455	 176 	 261 
i 285	 867 	 828 
i 654	 630 	 708 
i 690	 603 	 672 
i 896	 520 	 568 
i 530	 785 	 698 
i 254	 719 	 759 
i 637	 917 	 828 
i 57	 177 	 251 
i 29	 546 	 515 
i 103	 566 	 626 
i 953	 501 	 418 
i 538	 773 	 821 
i 93	 677 	 663 
i 553	 539 	 504 
i 312	 312 	 383 
i 995	 370 	 292 
i 903	 995 	 1045 
i 978	 157 	 218 
i 468	 932 	 999 
i 979	 354 	 441 
i 419	 180 	 258 
i 164	 259 	 244 
i 800	 920 	 924 
i 283	 416 	 331 
i 509	 709 	 686 
i 800	 584 	 560 
i 795	 684 	 641 
i 847	 462 	 414 
i 771	 290 	 336 
i 46	 144 	 186 
i 124	 978 	 904 
i 291	 881 	 839 
i 201	 374 	 293 
i 545	 839 	 814 
i 218	 906 	 983 
i 749	 361 	 398 
i 395	 701 	 697 
i 790	 956 	 922 
i 992	 302 	 222 
i 31	 953 	 882 
i 6	 698 	 652 
i 873	 814 	 826 
i 170	 188 	 240 
i 988	 272 	 233 
i 883	 608 	 612 
i 165	 508 	 462 
i 828	 229 	 262 
i 779	 658 	 649 
i 995	 952 	 942 
i 943	 153 	 149 
i 604	 285 	 282 
i 396	 526 	 498 
i 482	 136 	 142 
i 664	 814 	 817 
i 225	 199 	 179 
i 671	 665 	 678 
i 804	 909 	 888 
i 421	 615 	 550 
i 367	 135 	 69 
i 416	 537 	 459 
i 611	 966 	 1009 
i 79	 512 	 434 
i 107	 833 	 852 
i 898	 416 	 368 
i 997	 879 	 876 
i 622	 348 	 279 
i 520	 852 	 944 
i 89	 315 	 291 
i 116	 471 	 520 
i 595	 623 	 555 
i 558	 725 	 780 
i 9	 474 	 544 
i 821	 576 	 668 
i 166	 217 	 288 
i 30	 449 	 520 
i 297	 880 	 875 
i 131	 130 	 229 
i 361	 984 	 901 
i 767	 435 	 375 
i 344	 211 	 270 
i 35	 358 	 329 
i 444	 158 	 130 
i 966	 917 	 854 
i 87	 882 	 852 
i 467	 757 	 733 
i 333	 630 	 665 
i 356	 167 	 229 
i 339	 167 	 101 
i 703	 245 	 332 
i 816	 425 	 381 
i 95	 246 	 209 
i 148	 562 	 613 
i 56	 887 	 932 
i 923	 164 	 226 
i 650	 477 	 433 
i 235	 817 	 839 
i 299	 532 	 625 
i 362	 363 	 324 
i 513	 516 	 418 
i 867	 461 	 526 
i 20	 711 	 795 
i 528	 992 	 905 
i 401	 779 	 704 
i 461	 535 	 444 
i 873	 369 	 408 
i 668	 619 	 705 
i 143	 275 	 221 
i 427	 248 	 266 
i 882	 521 	 442 
i 276	 531 	 625 
i 951	 377 	 475 
i 943	 307 	 311 
i 695	 370 	 454 
i 173	 481 	 458 
i 464	 524 	 475 
i 36	 257 	 342 
i 221	 198 	 111 
i 376	 406 	 405 
i 837	 934 	 909 
i 310	 141 	 171 
i 610	 119 	 140 
i 831	 114 	 123 
i 123	 579 	 527 
i 540	 511 	 494 
i 5	 853 	 929 
i 170	 194 	 277 
i 269	 129 	 56 
i 600	 190 	 192 
i 527	 630 	 600 
i 562	 966 	 998 
i 571	 658 	 612 
i 575	 307 	 227 
i 102	 796 	 741 
i 552	 124 	 176 
i 387	 495 	 548 
i 481	 390 	 477 
i 501	 316 	 257 
i 590	 439 	 500 
i 175	 896 	 863 
i 137	 320 	 399 
i 753	 908 	 901 
i 974	 260 	 168 
i 745	 351 	 279 
i 760	 552 	 591 
i 193	 343 	 259 
i 506	 138 	 150 
i 737	 973 	 886 
i 108	 269 	 300 
i 991	 988 	 1054 
i 227	 397 	 490 
i 124	 306 	 350 
i 292	 723 	 761 
i 563	 761 	 749 
i 59	 890 	 830 
i 320	 620 	 598 
i 351	 694 	 773 
i 322	 307 	 334 
i 500	 365 	 413 
i 487	 949 	 996 
i 809	 798 	 890 
i 30	 769 	 686 
i 718	 521 	 496 
i 450	 250 	 338 
i 327	 641 	 541 
i 900	 819 	 783 
i 557	 280 	 314 
i 778	 190 	 288 
i 65	 757 	 755 
i 8	 530 	 626 
i 781	 295 	 352 
i 522	 262 	 325 
i 984	 339 	 346 
i 141	 676 	 773 
i 738	 624 	 586 
i 535	 625 	 567 
i 725	 910 	 964 
i 815	 619 	 628 
i 542	 613 	 635 
i 14	 163 	 187 
i 222	 145 	 125 
i 392	 847 	 932 
i 649	 687 	 769 
i 286	 276 	 186 
i 864	 265 	 322 
i 443	 544 	 508 
i 343	 735 	 645 
i 914	 532 	 605 
i 479	 131 	 112 
i 538	 678 	 662 
i 577	 342 	 370 
i 406	 700 	 607 
i 55	 634 	 671 
i 241	 555 	 649 
i 414	 600 	 666 
i 902	 413 	 368 
i 605	 701 	 724 
i 79	 746 	 752 
i 102	 626 	 528 
i 739	 989 	 999 
i 999	 475 	 400 
i 663	 158 	 164 
i 253	 190 	 207 
i 752	 799 	 865 
i 303	 773 	 721 
i 642	 626 	 555 
i 307	 873 	 923 
i 22	 535 	 600 
i 602	 121 	 207 
i 591	 133 	 167 
i 1	 623 	 657 
i 55	 738 	 704 
i 144	 324 	 341 
i 918	 848 	 815 
i 663	 697 	 725 
i 244	 914 	 870 
i 102	 156 	 174 
i 580	 824 	 846 
i 592	 672 	 614 
i 617	 611 	 671 
i 194	 319 	 380 
i 899	 915 	 987 
i 140	 323 	 223 
i 968	 844 	 928 
i 629	 256 	 273 
i 533	 826 	 891 
i 584	 189 	 275 
i 387	 713 	 715 
i 19	 369 	 289 
i 582	 559 	 602 
i 816	 386 	 468 
i 722	 213 	 275 
i 961	 978 	 1068 
i 787	 981 	 1064 
i 950	 912 	 921 
i 755	 543 	 459 
i 843	 391 	 424 
i 522	 330 	 240 
i 812	 783 	 697 
i 317	 874 	 904 
i 626	 624 	 617 
i 742	 547 	 485 
i 718	 379 	 309 
i 697	 336 	 423 
i 599	 264 	 342 
i 86	 752 	 781 
i 402	 825 	 822 
i 648	 528 	 430 
i 405	 575 	 639 
i 264	 638 	 565 
i 841	 329 	 382 
i 332	 746 	 747 
i 634	 916 	 861 
i 887	 163 	 247 
i 61	 999 	 1003 
i 782	 902 	 923 
i 586	 587 	 489 
i 56	 133 	 164 
i 578	 143 	 55 
i 171	 875 	 840 
i 417	 999 	 932 
i 132	 791 	 791 
i 39	 354 	 281 
i 98	 556 	 460 
i 98	 488 	 404 
i 987	 953 	 1026 
i 523	 606 	 596 
i 549	 615 	 616 
i 586	 312 	 229 
i 446	 368 	 319 
i 445	 659 	 693 
i 211	 810 	 871 
i 485	 366 	 434 
i 986	 487 	 575 
i 411	 508 	 415 
i 360	 583 	 488 
i 916	 464 	 474 
i 485	 867 	 786 
i 711	 431 	 468 
i 2	 508 	 434 
i 619	 738 	 753 
i 405	 449 	 506 
i 692	 277 	 231 
i 116	 139 	 90 
i 562	 976 	 1009 
i 94	 123 	 28 
i 491	 146 	 235 
i 342	 636 	 622 
i 702	 724 	 652 
i 151	 444 	 372 
i 856	 561 	 613 
i 237	 184 	 117 
i 424	 883 	 954 
i 455	 236 	 330 
i 429	 466 	 473 
i 443	 172 	 198 
i 483	 198 	 122 
i 74	 149 	 141 
i 764	 532 	 465 
i 140	 658 	 621 
i 645	 785 	 719 
i 727	 573 	 554 
i 596	 721 	 787 
i 737	 596 	 553 
i 137	 574 	 617 
i 206	 163 	 95 
i 304	 724 	 752 
i 348	 832 	 875 
i 822	 356 	 352 
i 438	 504 	 528 
i 197	 786 	 739 
i 717	 940 	 1038 
i 404	 415 	 432 
i 950	 267 	 232 
i 472	 523 	 515 
i 531	 272 	 306 
i 221	 415 	 509 
i 33	 987 	 951 
i 308	 735 	 663 
i 751	 274 	 290 
i 511	 825 	 880 
i 444	 172 	 171 
i 787	 166 	 246 
i 963	 690 	 760 
i 428	 981 	 945 
i 610	 505 	 575 
i 952	 211 	 125 
i 937	 188 	 109 
i 640	 475 	 457 
i 824	 603 	 536 
i 627	 231 	 266 
i 697	 924 	 848 
i 759	 476 	 557 
i 411	 387 	 461 
i 390	 254 	 213 
i 833	 542 	 623 
i 946	 412 	 484 
i 34	 478 	 537 
i 444	 573 	 561 
i 997	 941 	 893 
i 134	 199 	 277 
i 48	 801 	 818 
i 459	 908 	 877 
i 769	 826 	 877 
i 931	 712 	 641 
i 417	 979 	 1075 
i 755	 898 	 983 
i 170	 776 	 868 
i 689	 598 	 579 
i 624	 989 	 969 
i 723	 335 	 342 
i 500	 240 	 256 
i 397	 763 	 671 
i 202	 183 	 245 
i 878	 858 	 906 
i 855	 990 	 922 
i 741	 973 	 1056 
i 489	 909 	 826 
i 38	 876 	 931 
i 26	 348 	 327 
i 279	 706 	 630 
i 424	 294 	 318 
i 158	 814 	 717 
i 240	 852 	 796 
i 81	 686 	 605 
i 70	 458 	 548 
i 40	 602 	 641 
i 938	 527 	 463 
i 799	 604 	 548 
i 66	 404 	 353 
i 736	 758 	 763 
i 942	 867 	 957 
i 733	 531 	 452 
i 567	 548 	 517 
i 215	 744 	 729 
i 606	 832 	 831 
i 159	 791 	 798 
i 627	 521 	 516 
i 182	 685 	 640 
i 512	 883 	 851 
i 241	 214 	 129 
i 92	 682 	 585 
i 564	 639 	 689 
i 56	 736 	 699 
i 768	 156 	 162 
i 579	 538 	 466 
i 346	 980 	 939 
i 807	 569 	 654 
i 453	 992 	 913 
i 322	 348 	 371 
i 438	 651 	 723 
i 82	 720 	 810 
i 676	 737 	 740 
i 379	 517 	 531 
i 431	 801 	 768 
i 911	 387 	 470 
i 889	 512 	 464 
i 405	 777 	 691 
i 397	 711 	 715 
i 664	 806 	 875 
i 273	 468 	 424 
i 958	 344 	 317 
i 663	 301 	 209 
i 121	 759 	 743 
i 897	 378 	 448 
i 209	 680 	 732 
i 659	 608 	 638 
i 409	 844 	 755 
i 84	 907 	 897 
i 866	 485 	 408 
i 269	 349 	 327 
i 531	 602 	 571 
i 745	 928 	 830 
i 475	 966 	 892 
i 776	 451 	 357 
i 417	 320 	 267 
i 977	 998 	 1077 
i 802	 689 	 650 
i 698	 740 	 718 
i 120	 255 	 206 
i 388	 361 	 366 
i 940	 709 	 620 
i 860	 131 	 191 
i 822	 142 	 97 
i 206	 261 	 171 
i 441	 287 	 280 
i 439	 499 	 488 
i 91	 409 	 358 
i 798	 681 	 770 
i 961	 140 	 53 
i 243	 368 	 358 
i 916	 835 	 814 
i 939	 885 	 836 
i 975	 708 	 623 
i 144	 953 	 909 
i 343	 999 	 1043 
i 780	 527 	 459 
i 116	 924 	 874 
i 757	 255 	 165 
i 790	 208 	 110 
i 80	 267 	 218 
i 894	 671 	 605 
i 765	 134 	 56 
i 438	 361 	 278 
i 386	 431 	 377 
i 385	 682 	 696 
i 854	 437 	 407 
i 768	 583 	 577 
i 931	 808 	 753 
i 41	 855 	 758 
i 217	 867 	 786 
i 847	 207 	 305 
i 873	 362 	 413 
i 156	 462 	 401 
i 515	 540 	 556 
i 159	 747 	 840 
i 526	 368 	 432 
i 58	 684 	 701 
i 842	 213 	 216 
i 679	 415 	 427 
i 531	 431 	 486 
i 640	 518 	 542 
i 922	 511 	 510 
i 318	 295 	 325 
i 801	 469 	 402 
i 517	 986 	 951 
i 807	 956 	 1026 
i 452	 796 	 877 
i 567	 431 	 481 
i 909	 893 	 879 
i 270	 502 	 594 
i 728	 303 	 323 
i 179	 858 	 862 
i 386	 410 	 478 
i 789	 990 	 1018 
i 773	 250 	 182 
i 724	 539 	 632 
i 496	 408 	 392 
i 856	 327 	 424 
i 736	 995 	 1074 
i 177	 490 	 423 
i 393	 456 	 535 
i 234	 992 	 906 
i 571	 569 	 560 
i 560	 429 	 378 
i 716	 113 	 17 
i 199	 257 	 306 
i 533	 229 	 177 
i 777	 603 	 522 
i 772	 592 	 659 
i 199	 500 	 402 
i 588	 649 	 629 
i 579	 556 	 583 
i 95	 621 	 562 
i 454	 141 	 194 
i 457	 362 	 359 
i 622	 382 	 418 
i 755	 158 	 101 
i 309	 374 	 473 
i 850	 462 	 515 
i 288	 316 	 409 
i 893	 326 	 336 
i 394	 686 	 612 
i 968	 365 	 310 
i 3	 551 	 587 
i 286	 346 	 273 
i 591	 778 	 830 
i 644	 497 	 500 
i 940	 691 	 755 
i 336	 687 	 721 
i 566	 480 	 572 
i 808	 451 	 521 
i 456	 943 	 892 
i 742	 173 	 116 
i 238	 375 	 318 
i 502	 981 	 981 
i 252	 216 	 135 
i 687	 891 	 939 
i 341	 461 	 497 
i 989	 304 	 207 
i 405	 903 	 919 
i 788	 869 	 847 
i 725	 740 	 809 
i 794	 962 	 979 
i 93	 265 	 330 
i 73	 460 	 425 
i 191	 909 	 925 
i 69	 995 	 948 
i 463	 764 	 785 
i 680	 480 	 499 
i 572	 494 	 394 
i 426	 123 	 181 
i 135	 471 	 474 
i 92	 335 	 297 
i 266	 859 	 839 
i 660	 705 	 700 
i 558	 997 	 1030 
i 553	 625 	 671 
i 288	 863 	 802 
i 703	 515 	 590 
i 136	 158 	 147 
i 150	 161 	 236 
i 555	 865 	 766 
i 808	 434 	 354 
i 651	 711 	 684 
i 320	 180 	 85 
i 318	 603 	 620 
i 896	 306 	 233 
i 742	 959 	 944 
i 198	 246 	 172 
i 252	 137 	 90 
i 309	 536 	 519 
i 157	 426 	 520 
i 521	 434 	 490 
i 196	 525 	 511 
i 274	 852 	 902 
i 828	 877 	 790 
i 49	 509 	 601 
i 4	 633 	 674 
i 155	 123 	 203 
i 185	 239 	 170 
i 663	 476 	 468 
i 18	 846 	 870 
i 382	 821 	 749 
i 848	 626 	 593 
i 683	 120 	 142 
i 545	 787 	 775 
i 993	 848 	 845 
i 580	 816 	 814 
i 595	 555 	 584 
i 740	 470 	 536 
i 151	 609 	 607 
i 978	 133 	 135 
i 778	 686 	 764 
i 358	 812 	 860 
i 368	 224 	 209 
i 130	 768 	 862 
i 958	 271 	 363 
i 752	 706 	 714 
i 252	 254 	 181 
i 656	 830 	 905 
i 218	 680 	 585 
i 243	 231 	 132 
i 890	 686 	 743 
i 679	 592 	 520 
i 807	 364 	 366 
i 547	 743 	 771 
i 728	 717 	 737 
i 398	 684 	 654 
i 560	 279 	 300 
i 369	 403 	 355 
i 10	 295 	 290 
i 144	 321 	 365 
i 791	 329 	 351 
i 334	 139 	 97 
i 619	 268 	 187 
i 330	 724 	 753 
i 12	 406 	 380 
i 657	 940 	 994 
i 847	 365 	 331 
i 176	 903 	 942 
i 383	 247 	 288 
i 620	 673 	 743 
i 865	 425 	 453 
i 897	 969 	 1064 
i 75	 340 	 359 
i 764	 427 	 512 
i 97	 113 	 200 
i 30	 445 	 464 
i 316	 241 	 229 
i 208	 536 	 559 
i 361	 269 	 169 
i 993	 899 	 923 
i 347	 768 	 765 
i 314	 452 	 428 
i 571	 432 	 423 
i 927	 963 	 907 
i 930	 898 	 861 
i 306	 843 	 812 
i 453	 484 	 517 
i 931	 877 	 951 
i 110	 538 	 484 
i 996	 539 	 484 
i 736	 201 	 215 
i 121	 634 	 711 
i 483	 975 	 966 
i 442	 493 	 470 
i 328	 691 	 654 
i 152	 975 	 999 
i 571	 397 	 312 
i 434	 988 	 889 
i 914	 875 	 798 
i 396	 194 	 116 
i 498	 395 	 465 
i 87	 906 	 1000 
i 59	 806 	 796 
i 490	 325 	 404 
i 143	 669 	 613 
i 116	 951 	 925 
i 438	 616 	 705 
i 425	 684 	 660 
i 285	 691 	 649 
i 378	 796 	 834 
i 698	 897 	 834 
i 593	 764 	 719 
i 376	 739 	 705 
i 617	 253 	 317 
i 246	 161 	 254 
i 192	 359 	 275 
i 760	 693 	 697 
i 406	 645 	 734 
i 59	 983 	 928 
i 829	 356 	 377 
i 714	 970 	 931 
i 450	 249 	 328 
i 157	 495 	 450 
i 317	 792 	 870 
i 374	 636 	 563 
i 653	 607 	 573 
i 309	 681 	 599 
i 909	 255 	 254 
i 891	 207 	 218 
i 168	 411 	 387 
i 135	 951 	 870 
i 291	 334 	 343 
i 723	 245 	 285 
i 490	 489 	 393 
i 82	 394 	 372 
i 641	 517 	 426 
i 283	 811 	 782 
i 446	 892 	 845 
i 554	 445 	 376 
i 892	 939 	 903 
i 838	 391 	 382 
i 90	 479 	 529 
i 241	 966 	 960 
i 666	 702 	 794 
i 984	 721 	 630 
i 442	 183 	 220 
i 231	 225 	 318 
i 110	 542 	 525 
i 486	 779 	 872 
i 418	 918 	 990 
i 733	 318 	 358 
i 148	 727 	 785 
i 110	 506 	 412 
i 775	 927 	 966 
i 462	 895 	 931 
i 543	 936 	 860 
i 672	 657 	 627 
i 158	 630 	 622 
i 908	 111 	 201 
i 817	 973 	 946 
i 52	 851 	 771 
i 745	 584 	 533 
i 190	 398 	 369 
i 108	 425 	 351 
i 990	 155 	 173 
i 919	 762 	 689 
i 534	 872 	 933 
i 120	 299 	 392 
i 120	 712 	 787 
i 90	 668 	 706 
i 922	 996 	 1044 
i 456	 197 	 194 
i 778	 419 	 454 
i 133	 737 	 794 
i 183	 856 	 911 
i 915	 495 	 534 
i 772	 617 	 563 
i 983	 448 	 418 
i 660	 418 	 411 
i 287	 307 	 318 
i 283	 923 	 919 
i 380	 696 	 783 
i 727	 242 	 285 
i 432	 846 	 915 
i 271	 657 	 563 
i 703	 459 	 548 
i 274	 190 	 233 
i 653	 395 	 435 
i 999	 706 	 678 
i 220	 235 	 264 
i 134	 732 	 818 
i 792	 271 	 233 
i 941	 216 	 123 
i 768	 853 	 847 
i 384	 719 	 767 
i 776	 747 	 736 
i 864	 699 	 742 
i 185	 449 	 423 
i 854	 184 	 158 
i 994	 506 	 524 
i 693	 194 	 239 
i 874	 133 	 136 
i 992	 410 	 401 
i 828	 445 	 390 
i 512	 864 	 886 
i 228	 634 	 611 
i 889	 142 	 92 
i 271	 781 	 768 
i 354	 224 	 182 
i 798	 555 	 512 
i 891	 192 	 287 
i 916	 838 	 908 
i 253	 410 	 479 
i 629	 819 	 853 
i 476	 133 	 70 
i 66	 677 	 659 
i 101	 133 	 93 
i 855	 358 	 372 
i 982	 747 	 832 
i 483	 118 	 163 
i 575	 372 	 395 
i 393	 353 	 359 
i 729	 223 	 280 
i 526	 975 	 958 
i 552	 685 	 763 
i 190	 851 	 942 
i 215	 329 	 240 
i 493	 599 	 681 
i 210	 220 	 299 
i 218	 155 	 130 
i 511	 800 	 890 
i 784	 460 	 429 
i 910	 934 	 848 
i 883	 745 	 765 
i 530	 225 	 155 
i 362	 129 	 97 
i 608	 980 	 991 
i 158	 142 	 52 
i 280	 953 	 904 
i 331	 860 	 855 
i 107	 307 	 404 
i 500	 265 	 319 
i 427	 572 	 608 
i 141	 639 	 652 
i 270	 284 	 203 
i 291	 420 	 411 
i 269	 724 	 637 
i 305	 331 	 275 
i 253	 376 	 376 
i 96	 607 	 673 
i 317	 142 	 230 
i 491	 132 	 120 
i 11	 819 	 892 
i 605	 538 	 439 
i 800	 154 	 109 
i 149	 240 	 253 
i 839	 647 	 714 
i 88	 707 	 635 
i 386	 906 	 884 
i 943	 465 	 463 
i 979	 318 	 379 
i 4	 266 	 225 
i 800	 658 	 619 
i 282	 541 	 623 
i 331	 549 	 591 
i 476	 796 	 868 
i 80	 413 	 453 
i 750	 269 	 327 
i 644	 395 	 330 
i 43	 746 	 669 
i 277	 293 	 212 
i 451	 121 	 41 
i 68	 387 	 467 
i 552	 662 	 599 
i 45	 586 	 589 
i 815	 333 	 431 
i 156	 211 	 125 
i 334	 837 	 901 
i 653	 650 	 643 
i 368	 806 	 807 
i 573	 913 	 969 
i 585	 112 	 59 
i 896	 203 	 163 
i 516	 117 	 187 
i 52	 281 	 360 
i 301	 740 	 783 
i 415	 732 	 806 
i 231	 795 	 735 
i 838	 635 	 706 
i 621	 160 	 105 
i 523	 612 	 671 
i 524	 420 	 396 
i 628	 630 	 586 
i 635	 899 	 958 
i 826	 770 	 839 
i 534	 681 	 610 
i 233	 428 	 440 
i 3	 313 	 371 
i 593	 495 	 521 
i 649	 369 	 319 
i 213	 570 	 625 
i 561	 391 	 351 
i 146	 732 	 817 
i 33	 981 	 993 
i 774	 800 	 778 
i 416	 665 	 750 
i 773	 797 	 728 
i 1	 409 	 341 
i 433	 226 	 276 
i 724	 788 	 768 
i 241	 124 	 147 
i 556	 815 	 750 
i 255	 193 	 157 
i 235	 130 	 100 
i 11	 631 	 556 
i 635	 979 	 988 
i 407	 912 	 875 
i 743	 164 	 127 
i 873	 307 	 357 
i 635	 977 	 972 
i 651	 447 	 490 
i 443	 995 	 949 
i 536	 263 	 268 
i 559	 550 	 602 
i 145	 865 	 919 
i 122	 980 	 961 
i 23	 575 	 637 
i 83	 858 	 869 
i 304	 253 	 239 
i 279	 921 	 834 
i 657	 456 	 499 
i 652	 203 	 135 
i 823	 445 	 484 
i 318	 914 	 865 
i 166	 702 	 682 
i 144	 500 	 504 
i 667	 862 	 870 
i 508	 698 	 723 
i 668	 305 	 391 
i 580	 687 	 629 
i 967	 746 	 819 
i 73	 495 	 498 
i 449	 637 	 605 
i 352	 368 	 400 
i 18	 595 	 660 
i 456	 950 	 1043 
i 302	 525 	 552 
i 962	 120 	 48 
i 181	 678 	 740 
i 829	 616 	 594 
i 545	 803 	 774 
i 976	 685 	 671 
i 569	 258 	 334 
i 858	 563 	 509 
i 404	 261 	 211 
i 348	 995 	 1036 
i 814	 968 	 869 
i 825	 645 	 738 
i 463	 774 	 703 
i 32	 607 	 702 
i 811	 955 	 959 
i 458	 386 	 386 
i 624	 771 	 685 
i 133	 664 	 749 
i 302	 871 	 837 
i 297	 205 	 241 
i 262	 832 	 831 
i 863	 838 	 802 
i 609	 811 	 867 
i 168	 944 	 1007 
i 118	 926 	 951 
i 428	 503 	 419 
i 171	 948 	 989 
i 793	 122 	 190 
i 649	 947 	 875 
i 755	 354 	 341 
i 567	 959 	 999 
i 386	 510 	 522 
i 174	 795 	 729 
i 112	 602 	 570 
i 30	 438 	 429 
i 471	 995 	 1072 
i 413	 181 	 92 
i 426	 810 	 880 
i 367	 669 	 669 
i 640	 796 	 747 
i 595	 298 	 362 
i 45	 922 	 863 
i 813	 534 	 510 
i 367	 688 	 687 
i 734	 991 	 995 
i 729	 510 	 608 
i 808	 409 	 390 
i 595	 461 	 527 
i 224	 329 	 269 
i 995	 774 	 842 
i 207	 113 	 100 
i 119	 845 	 840 
i 595	 142 	 100 
i 245	 483 	 514 
i 236	 923 	 901 
i 685	 500 	 424 
i 22	 496 	 582 
i 415	 858 	 863 
i 660	 710 	 759 
i 407	 888 	 936 
i 410	 746 	 836 
i 237	 244 	 158 
i 272	 670 	 703 
i 691	 931 	 1013 
i 605	 628 	 557 
i 44	 979 	 1045 
i 477	 199 	 269 
i 319	 138 	 91 
i 993	 605 	 690 
i 867	 383 	 349 
i 583	 156 	 204 
i 733	 113 	 209 
i 364	 175 	 125 
i 287	 767 	 855 
i 868	 687 	 696 
i 845	 817 	 835 
i 944	 667 	 581 
i 975	 535 	 512 
i 532	 773 	 749 
i 837	 708 	 658 
i 888	 117 	 183 
i 891	 779 	 792 
i 963	 761 	 847 
i 702	 986 	 929 
i 351	 937 	 854 
i 146	 537 	 623 
i 770	 176 	 251 
i 248	 239 	 309 
i 992	 585 	 561 
i 665	 926 	 870 
i 672	 259 	 180 
i 424	 112 	 12 
i 156	 616 	 708 
i 141	 555 	 588 
i 71	 748 	 651 
i 550	 824 	 756 
i 623	 763 	 849 
i 767	 653 	 589 
i 302	 521 	 455 
i 219	 861 	 928 
i 386	 168 	 170 
i 387	 266 	 353 
i 955	 266 	 184 
i 455	 235 	 181 
i 172	 827 	 787 
i 974	 842 	 912 
i 709	 986 	 981 
i 319	 926 	 874 
i 780	 198 	 207 
i 624	 353 	 405 
i 690	 210 	 139 
i 864	 665 	 672 
i 40	 607 	 605 
i 180	 688 	 777 
i 985	 895 	 819 
i 808	 275 	 194 
i 793	 144 	 204 
i 711	 567 	 491 
i 809	 784 	 864 
i 83	 379 	 384 
i 194	 169 	 112 
i 817	 302 	 218 
i 376	 779 	 703 
i 27	 328 	 288 
i 908	 282 	 239 
i 94	 389 	 307 
i 132	 474 	 551 
i 645	 300 	 319 
i 402	 409 	 390 
i 704	 323 	 321 
i 769	 792 	 828 
i 984	 985 	 985 
i 737	 169 	 244 
i 982	 276 	 356 
i 176	 544 	 606 
i 489	 797 	 878 
i 897	 881 	 788 
i 111	 780 	 816 
i 446	 423 	 339 
i 685	 786 	 843 
i 451	 332 	 343 
i 435	 941 	 949 
i 500	 498 	 454 
i 687	 390 	 342 
i 174	 304 	 291 
i 946	 138 	 223 
i 813	 943 	 1007 
i 567	 976 	 1062 
i 918	 694 	 670 
i 678	 768 	 681 
i 927	 580 	 583 
i 861	 187 	 277 
i 297	 670 	 660 
i 611	 919 	 846 
i 829	 263 	 225 
i 859	 652 	 603 
i 796	 586 	 500 
i 770	 429 	 456 
i 426	 371 	 382 
i 166	 709 	 656 
i 694	 767 	 699 
i 780	 337 	 241 
i 410	 293 	 257 
i 319	 694 	 780 
i 491	 817 	 869 
i 100	 206 	 230 
i 634	 436 	 419 
i 993	 500 	 437 
i 286	 180 	 202 
i 959	 675 	 730 
i 698	 885 	 879 
i 952	 141 	 91 
i 158	 162 	 194 
i 814	 448 	 544 
i 609	 388 	 382 
i 716	 176 	 190 
i 83	 728 	 669 
i 521	 210 	 150 
i 598	 376 	 373 
i 234	 922 	 911 
i 105	 725 	 653 
i 139	 257 	 176 
i 198	 483 	 433 
i 577	 184 	 97 
i 889	 169 	 204 
i 962	 590 	 568 
i 657	 211 	 206 
i 769	 395 	 494 
i 69	 574 	 593 
i 980	 118 	 183 
i 672	 515 	 601 
i 837	 643 	 557 
i 256	 729 	 683 
i 339	 955 	 1024 
i 404	 128 	 175 
i 943	 731 	 770 
i 57	 192 	 163 
i 377	 616 	 541 
i 897	 614 	 552 
i 905	 254 	 189 
i 360	 991 	 1060 
i 959	 932 	 968 
i 655	 997 	 1085 
i 605	 348 	 303 
i 624	 212 	 248 
i 322	 867 	 892 
i 414	 600 	 636 
i 982	 917 	 829 
i 548	 140 	 231 
i 709	 313 	 385 
i 700	 469 	 413 
i 624	 333 	 269 
i 621	 942 	 1009 
i 887	 890 	 878 
i 3	 250 	 163 
i 853	 858 	 835 
i 404	 527 	 587 
i 311	 247 	 304 
i 344	 301 	 267 
i 572	 264 	 172 
i 974	 143 	 191 
i 226	 342 	 315 
i 162	 505 	 602 
i 39	 361 	 436 
i 195	 755 	 830 
i 36	 815 	 861 
i 505	 272 	 199 
i 658	 986 	 975 
i 872	 795 	 853 
i 45	 203 	 175 
i 82	 242 	 209 
i 342	 903 	 915 
i 786	 341 	 385 
i 68	 331 	 383 
i 793	 222 	 313 
i 585	 114 	 212 
i 766	 764 	 763 
i 751	 885 	 816 
i 521	 393 	 298 
i 625	 207 	 121 
i 773	 529 	 459 
i 666	 829 	 828 
i 925	 440 	 396 
i 174	 195 	 165 
i 299	 873 	 801 
i 303	 836 	 881 
i 39	 830 	 828 
i 909	 384 	 333 
i 227	 523 	 576 
i 335	 548 	 526 
i 805	 613 	 546 
i 613	 750 	 816 
i 983	 302 	 353 
i 79	 552 	 638 
i 937	 864 	 810 
i 753	 991 	 997 
i 563	 749 	 763 
i 871	 300 	 296 
i 335	 518 	 559 
i 827	 311 	 219 
i 393	 660 	 729 
i 112	 807 	 799 
i 327	 657 	 646 
i 823	 442 	 446 
i 671	 380 	 372 
i 661	 585 	 527 
i 380	 170 	 225 
i 593	 677 	 706 
i 52	 215 	 311 
i 277	 844 	 906 
i 894	 882 	 822 
i 678	 747 	 709 
i 294	 268 	 296 
i 666	 664 	 656 
i 969	 241 	 168 
i 503	 651 	 710 
i 570	 841 	 776 
i 207	 643 	 697 
i 325	 331 	 395 
i 150	 316 	 235 
i 18	 148 	 246 
i 733	 329 	 363 
i 911	 609 	 702 
i 533	 290 	 316 
i 680	 703 	 723 
i 288	 824 	 745 
i 110	 643 	 677 
i 709	 801 	 877 
i 957	 596 	 537 
i 189	 438 	 409 
i 231	 526 	 500 
i 476	 521 	 442 
i 37	 230 	 133 
i 238	 199 	 209 
i 904	 761 	 707 
i 707	 407 	 411 
i 307	 500 	 526 
i 83	 211 	 179 
i 629	 995 	 954 
i 997	 290 	 287 
i 465	 608 	 651 
i 926	 941 	 879 
i 61	 148 	 93 
i 161	 166 	 159 
i 892	 657 	 631 
i 226	 864 	 779 
i 664	 438 	 415 
i 778	 998 	 991 
i 773	 411 	 330 
i 975	 676 	 594 
i 535	 219 	 230 
i 469	 856 	 853 
i 512	 138 	 147 
i 574	 341 	 382 
i 189	 757 	 776 
i 36	 199 	 264 
i 404	 269 	 266 
i 402	 612 	 565 
i 740	 139 	 47 
i 377	 226 	 129 
i 498	 310 	 320 
i 337	 808 	 712 
i 367	 351 	 357 
i 627	 837 	 758 
i 354	 577 	 535 
i 453	 221 	 187 
i 631	 954 	 1000 
i 196	 501 	 428 
i 228	 738 	 813 
i 357	 774 	 724 
i 581	 789 	 839 
i 365	 390 	 307 
i 636	 408 	 399 
i 453	 881 	 797 
i 977	 975 	 962 
i 102	 348 	 425 
i 52	 641 	 645 
i 490	 405 	 448 
i 196	 526 	 614 
i 942	 416 	 376 
i 705	 642 	 718 
i 20	 421 	 370 
i 355	 500 	 576 
i 221	 904 	 871 
i 194	 978 	 940 
i 460	 477 	 459 
i 57	 378 	 371 
i 388	 841 	 932 
i 854	 589 	 519 
i 199	 539 	 457 
i 796	 805 	 865 
i 146	 700 	 764 
i 583	 919 	 853 
i 476	 814 	 793 
i 452	 223 	 240 
i 863	 501 	 410 
i 165	 870 	 791 
i 986	 395 	 393 
i 525	 356 	 325 
i 7	 491 	 500 
i 788	 575 	 543 
i 451	 398 	 395 
i 360	 238 	 152 
i 151	 393 	 402 
i 277	 745 	 844 
i 715	 380 	 452 
i 569	 424 	 329 
i 889	 519 	 421 
i 166	 958 	 965 
i 593	 379 	 387 
i 117	 865 	 831 
i 440	 281 	 337 
i 583	 715 	 643 
i 901	 779 	 737 
i 615	 377 	 390 
i 919	 376 	 333 
i 272	 253 	 324 
i 731	 277 	 325 
i 685	 288 	 369 
i 987	 766 	 766 
i 836	 361 	 384 
i 29	 656 	 567 
i 708	 463 	 491 
i 461	 589 	 597 
i 760	 850 	 781 
i 59	 468 	 383 
i 219	 722 	 691 
i 406	 593 	 509 
i 606	 366 	 419 
i 343	 285 	 335 
i 625	 733 	 750 
i 239	 394 	 417 
i 634	 446 	 411 
i 173	 128 	 185 
i 6	 611 	 620 
i 407	 752 	 773 
i 95	 821 	 885 
i 637	 242 	 188 
i 923	 315 	 382 
i 121	 996 	 931 
i 820	 778 	 838 
i 140	 413 	 321 
i 517	 963 	 998 
i 537	 364 	 433 
i 100	 175 	 245 
i 820	 662 	 614 
i 619	 311 	 282 
i 767	 155 	 253 
i 997	 360 	 443 
i 993	 214 	 121 
i 744	 373 	 444 
i 85	 199 	 298 
i 43	 236 	 238 
i 328	 838 	 747 
i 401	 704 	 633 
i 22	 575 	 668 
i 247	 807 	 824 
i 297	 235 	 206 
i 577	 228 	 198 
i 693	 154 	 123 
i 988	 186 	 104 
i 88	 948 	 883 
i 229	 944 	 887 
i 47	 511 	 520 
i 714	 555 	 644 
i 237	 687 	 780 
i 21	 660 	 603 
i 161	 293 	 295 
i 293	 609 	 527 
i 341	 923 	 979 
i 426	 343 	 397 
i 368	 424 	 496 
i 306	 580 	 498 
i 756	 774 	 701 
i 256	 371 	 441 
i 904	 325 	 242 
i 522	 297 	 218 
i 728	 489 	 442 
i 290	 945 	 957 
i 204	 137 	 217 
i 465	 834 	 799 
i 817	 632 	 671 
i 345	 508 	 408 
i 92	 589 	 641 
i 384	 710 	 613 
i 625	 579 	 663 
i 835	 657 	 645 
i 261	 754 	 688 
i 201	 994 	 986 
i 230	 605 	 638 
i 44	 519 	 445 
i 630	 813 	 902 
i 78	 544 	 502 
i 616	 548 	 524 
i 291	 335 	 388 
i 817	 350 	 328 
i 432	 280 	 225 
i 157	 674 	 671 
i 151	 827 	 864 
i 706	 348 	 431 
i 167	 940 	 1032 
i 956	 166 	 184 
i 444	 119 	 153 
i 936	 379 	 336 
i 189	 720 	 735 
i 457	 514 	 492 
i 647	 863 	 928 
i 282	 177 	 273 
i 88	 612 	 538 
i 356	 337 	 405 
i 288	 265 	 166 
i 351	 233 	 325 
i 361	 760 	 741 
i 663	 468 	 436 
i 349	 724 	 730 
i 802	 348 	 445 
i 649	 700 	 727 
i 724	 546 	 629 
i 289	 531 	 432 
i 543	 650 	 622 
i 717	 508 	 537 
i 854	 514 	 414 
i 585	 481 	 453 
i 988	 842 	 747 
i 678	 259 	 233 
i 945	 731 	 666 
i 608	 722 	 787 
i 98	 399 	 409 
i 571	 326 	 393 
i 178	 331 	 307 
i 624	 653 	 573 
i 78	 342 	 432 
i 494	 343 	 351 
i 317	 665 	 670 
i 484	 688 	 629 
i 182	 132 	 62 
i 869	 290 	 342 
i 194	 136 	 207 
i 436	 626 	 611 
i 684	 483 	 504 
i 294	 824 	 770 
i 554	 913 	 874 
i 815	 873 	 933 
i 438	 464 	 387 
i 88	 934 	 954 
i 112	 229 	 285 
i 313	 364 	 394 
i 342	 152 	 221 
i 921	 915 	 871 
i 341	 408 	 501 
i 144	 947 	 898 
i 47	 263 	 325 
i 903	 537 	 562 
i 302	 360 	 273 
i 228	 465 	 395 
i 361	 111 	 64 
i 646	 808 	 823 
i 693	 499 	 583 
i 598	 362 	 430 
i 932	 613 	 549 
i 873	 582 	 547 
i 45	 813 	 787 
i 524	 648 	 603 
i 804	 318 	 333 
i 204	 377 	 438 
i 204	 515 	 448 
i 987	 751 	 813 
i 425	 377 	 378 
i 708	 306 	 226 
i 273	 166 	 73 
i 803	 328 	 409 
i 593	 618 	 708 
i 198	 949 	 944 
i 431	 306 	 262 
i 731	 819 	 816 
i 186	 646 	 683 
i 906	 794 	 829 
i 206	 627 	 547 
i 426	 188 	 249 
i 488	 280 	 196 
i 732	 311 	 388 
i 304	 230 	 225 
i 248	 188 	 223 
i 467	 613 	 534 
i 265	 863 	 930 
i 867	 406 	 310 
i 636	 129 	 215 
i 218	 731 	 658 
i 305	 822 	 834 
i 495	 653 	 562 
i 720	 726 	 782 
i 854	 624 	 541 
i 942	 162 	 128 
i 507	 764 	 824 
i 354	 860 	 772 
i 686	 717 	 803 
i 707	 739 	 752 
i 405	 677 	 734 
i 205	 798 	 715 
i 814	 408 	 424 
i 507	 452 	 412 
i 85	 258 	 189 
i 143	 334 	 254 
i 877	 630 	 651 
i 720	 453 	 545 
i 402	 510 	 539 
i 109	 450 	 421 
i 746	 955 	 1007 
i 519	 764 	 856 
i 854	 844 	 899 
i 238	 475 	 432 
i 404	 745 	 719 
i 655	 887 	 889 
i 240	 977 	 955 
i 624	 629 	 551 
i 75	 596 	 598 
i 456	 283 	 307 
i 406	 599 	 572 
i 141	 386 	 463 
i 965	 355 	 403 
i 375	 159 	 254 
i 90	 413 	 389 
i 962	 743 	 650 
i 937	 310 	 265 
i 521	 658 	 738 
i 68	 757 	 852 
i 262	 324 	 310 
i 812	 877 	 944 
i 122	 315 	 410 
i 397	 214 	 302 
i 451	 873 	 836 
i 791	 854 	 835 
i 503	 305 	 279 
i 727	 339 	 300 
i 343	 586 	 652 
i 71	 499 	 578 
i 310	 479 	 411 
i 173	 863 	 957 
i 402	 719 	 637 
i 518	 700 	 698 
i 376	 650 	 738 
i 212	 933 	 979 
i 431	 407 	 354 
i 688	 737 	 829 
i 224	 122 	 83 
i 661	 860 	 835 
i 76	 769 	 806 
i 921	 912 	 983 
i 606	 887 	 839 
i 269	 971 	 1026 
i 874	 519 	 450 
i 800	 467 	 440 
i 134	 230 	 289 
i 837	 440 	 437 
i 850	 408 	 450 
i 694	 681 	 655 
i 435	 127 	 116 
i 337	 738 	 711 
i 210	 613 	 707 
i 178	 845 	 793 
i 637	 649 	 572 
i 39	 787 	 870 
i 174	 224 	 134 
i 544	 934 	 1011 
i 878	 477 	 524 
i 520	 219 	 205 
i 539	 550 	 623 
i 244	 946 	 886 
i 809	 385 	 367 
i 635	 361 	 379 
i 241	 577 	 522 
i 2	 681 	 634 
i 130	 607 	 595 
i 55	 652 	 749 
i 467	 553 	 625 
i 590	 320 	 296 
i 84	 705 	 789 
i 25	 588 	 521 
i 333	 769 	 864 
i 615	 249 	 271 
i 140	 776 	 846 
i 781	 980 	 1050 
i 340	 330 	 426 
i 948	 722 	 629 
i 446	 710 	 710 
i 682	 589 	 507 
i 351	 931 	 866 
i 887	 863 	 803 
i 628	 123 	 130 
i 784	 990 	 920 
i 533	 645 	 602 
i 511	 513 	 427 
i 758	 383 	 365 
i 446	 368 	 339 
i 121	 401 	 461 
i 658	 850 	 847 
i 582	 934 	 1001 
i 428	 204 	 248 
i 441	 384 	 354 
i 431	 860 	 787 
i 33	 994 	 1027 
i 486	 362 	 298 
i 792	 425 	 512 
i 82	 789 	 765 
i 408	 219 	 219 
i 240	 934 	 866 
i 167	 478 	 526 
i 272	 333 	 267 
i 580	 977 	 999 
i 423	 401 	 310 
i 417	 523 	 438 
i 700	 228 	 240 
i 54	 388 	 359 
i 816	 333 	 320 
i 938	 675 	 743 
i 865	 234 	 150 
i 279	 379 	 329 
i 529	 152 	 156 
i 504	 306 	 226 
i 831	 852 	 857 
i 295	 892 	 980 
i 427	 961 	 989 
i 740	 573 	 612 
i 990	 889 	 891 
i 626	 388 	 378 
i 765	 250 	 213 
i 68	 325 	 344 
i 115	 549 	 474 
i 335	 125 	 150 
i 169	 216 	 208 
i 48	 684 	 735 
i 5	 634 	 570 
i 524	 317 	 401 
i 400	 936 	 1018 
i 711	 502 	 509 
i 868	 904 	 864 
i 110	 297 	 271 
i 603	 827 	 824 
i 619	 938 	 1002 
i 738	 609 	 706 
i 383	 130 	 37 
i 971	 802 	 710 
i 204	 965 	 978 
i 132	 897 	 990 
i 573	 820 	 855 
i 465	 411 	 420 
i 674	 682 	 713 
i 480	 124 	 75 
i 411	 557 	 632 
i 972	 398 	 421 
i 994	 389 	 488 
i 772	 422 	 515 
i 733	 459 	 393 
i 618	 962 	 923 
i 416	 931 	 1006 
i 754	 644 	 612 
i 398	 240 	 143 
i 413	 823 	 822 
i 915	 163 	 244 
i 239	 943 	 1019 
i 552	 601 	 676 
i 902	 600 	 629 
i 294	 573 	 549 
i 252	 727 	 826 
i 175	 999 	 982 
i 774	 890 	 823 
i 920	 306 	 319 
i 721	 321 	 417 
i 780	 764 	 843 
i 717	 683 	 609 
i 269	 578 	 615 
i 819	 467 	 484 
i 340	 154 	 230 
i 34	 493 	 419 
i 32	 492 	 453 
i 908	 861 	 777 
i 129	 123 	 23 
i 366	 628 	 672 
i 101	 610 	 610 
i 745	 517 	 461 
i 271	 636 	 633 
i 672	 356 	 317 
i 722	 878 	 907 
i 153	 772 	 808 
i 581	 890 	 932 
i 426	 274 	 298 
i 440	 347 	 397 
i 22	 348 	 271 
i 583	 990 	 933 
i 41	 548 	 640 
i 631	 744 	 690 
i 907	 290 	 371 
i 770	 565 	 590 
i 515	 252 	 308 
i 392	 858 	 830 
i 576	 603 	 660 
i 841	 267 	 212 
i 109	 934 	 883 
i 99	 148 	 214 
i 591	 341 	 415 
i 304	 307 	 307 
i 506	 515 	 497 
i 17	 432 	 368 
i 176	 990 	 1029 
i 17	 794 	 711 
i 570	 227 	 260 
i 746	 927 	 928 
i 672	 240 	 263 
i 714	 461 	 503 
i 973	 311 	 271 
i 195	 197 	 218 
i 650	 645 	 567 
i 12	 121 	 47 
i 1	 283 	 244 
i 769	 903 	 867 
i 900	 982 	 1060 
i 818	 684 	 712 
i 964	 246 	 208 
i 358	 793 	 698 
i 583	 539 	 439 
i 681	 810 	 749 
i 283	 462 	 531 
i 295	 563 	 634 
i 489	 680 	 751 
i 380	 952 	 977 
i 360	 351 	 356 
i 5	 257 	 226 
i 157	 826 	 787 
i 925	 214 	 247 
i 407	 238 	 188 
i 194	 238 	 324 
i 589	 411 	 353 
i 99	 274 	 275 
i 739	 146 	 245 
i 686	 907 	 882 
i 956	 575 	 622 
i 121	 154 	 202 
i 925	 461 	 540 
i 42	 736 	 800 
i 185	 440 	 386 
i 328	 663 	 648 
i 666	 602 	 504 
i 850	 792 	 714 
i 889	 355 	 425 
i 786	 352 	 359 
i 309	 688 	 686 
i 357	 454 	 476 
i 751	 224 	 231 
i 455	 134 	 150 
i 826	 867 	 920 
i 447	 183 	 101 
i 999	 561 	 613 
i 765	 574 	 596 
i 41	 674 	 674 
i 312	 543 	 500 
i 961	 132 	 150 
i 348	 571 	 661 
i 476	 229 	 269 
i 502	 709 	 640 
i 353	 337 	 434 
i 435	 129 	 115 
i 941	 213 	 199 
i 462	 889 	 828 
i 97	 543 	 490 
i 583	 988 	 997 
i 607	 354 	 356 
i 126	 882 	 953 
i 259	 840 	 806 
i 931	 576 	 643 
i 186	 718 	 655 
i 207	 704 	 728 
i 322	 199 	 212 
i 199	 583 	 488 
i 685	 758 	 682 
i 672	 969 	 1010 
i 945	 569 	 531 
i 814	 134 	 121 
i 634	 898 	 937 
i 159	 306 	 331 
i 841	 161 	 224 
i 509	 329 	 233 
i 609	 884 	 852 
i 141	 498 	 506 
i 869	 522 	 467 
i 835	 632 	 712 
i 351	 372 	 441 
i 378	 651 	 683 
i 264	 153 	 111 
i 484	 774 	 764 
i 540	 445 	 403 
i 786	 281 	 341 
i 656	 301 	 283 
i 92	 607 	 617 
i 555	 201 	 185 
i 142	 404 	 355 
i 436	 315 	 337 
i 45	 178 	 275 
i 92	 765 	 715 
i 838	 138 	 185 
i 214	 540 	 495 
i 405	 802 	 714 
i 619	 627 	 670 
i 178	 995 	 1057 
i 280	 598 	 571 
i 609	 975 	 976 
i 839	 317 	 405 
i 915	 860 	 957 
i 651	 850 	 765 
i 681	 185 	 268 
i 165	 840 	 766 
i 942	 196 	 203 
i 524	 252 	 183 
i 519	 891 	 857 
i 68	 723 	 745 
i 40	 159 	 103 
i 272	 609 	 521 
i 114	 559 	 654 
i 945	 547 	 572 
i 30	 617 	 578 
i 850	 543 	 537 
i 946	 660 	 643 
i 106	 247 	 335 
i 983	 385 	 376 
i 672	 682 	 687 
i 726	 337 	 350 
i 288	 535 	 602 
i 791	 589 	 679 
i 283	 568 	 647 
i 852	 237 	 322 
i 340	 512 	 567 
i 957	 933 	 977 
i 112	 415 	 481 
i 421	 363 	 425 
i 63	 771 	 768 
i 318	 351 	 293 
i 795	 855 	 855 
i 334	 711 	 669 
i 848	 669 	 683 
i 990	 579 	 564 
i 441	 514 	 567 
i 367	 317 	 361 
i 709	 961 	 1028 
i 992	 810 	 761 
i 736	 645 	 608 
i 7	 189 	 216 
i 844	 378 	 364 
i 520	 823 	 876 
i 149	 194 	 216 
i 675	 705 	 725 
i 130	 196 	 105 
i 362	 877 	 859 
i 319	 632 	 556 
i 106	 486 	 408 
i 707	 714 	 783 
i 795	 997 	 1068 
i 96	 675 	 714 
i 897	 170 	 114 
i 990	 850 	 823 
i 659	 506 	 414 
i 754	 154 	 88 
i 617	 194 	 201 
i 204	 560 	 630 
i 627	 667 	 759 
i 306	 768 	 801 
i 303	 634 	 626 
i 937	 506 	 517 
i 4	 239 	 230 
i 835	 435 	 424 
i 281	 763 	 684 
i 330	 802 	 874 
i 423	 956 	 951 
i 928	 544 	 580 
i 555	 415 	 376 
i 295	 380 	 402 
i 883	 974 	 1057 
i 328	 496 	 567 
i 472	 993 	 1064 
i 837	 510 	 548 
i 570	 908 	 1003 
i 348	 113 	 74 
i 300	 879 	 924 
i 787	 415 	 446 
i 129	 133 	 75 
i 432	 408 	 409 
i 403	 954 	 932 
i 836	 881 	 924 
i 829	 752 	 690 
i 280	 627 	 532 
i 176	 356 	 375 
i 180	 334 	 423 
i 44	 606 	 555 
i 386	 365 	 271 
i 412	 949 	 881 
i 746	 249 	 267 
i 695	 700 	 799 
i 562	 159 	 225 
i 284	 798 	 830 
i 864	 968 	 1056 
i 141	 993 	 916 
i 393	 636 	 595 
i 949	 589 	 557 
i 236	 807 	 852 
i 179	 836 	 763 
i 335	 980 	 1056 
i 998	 619 	 634 
i 53	 615 	 543 
i 826	 466 	 450 
i 791	 166 	 123 
i 784	 114 	 99 
i 375	 219 	 283 
i 912	 483 	 537 
i 696	 786 	 687 
i 513	 544 	 481 
i 492	 667 	 671 
i 64	 564 	 567 
i 631	 190 	 204 
i 32	 315 	 294 
i 94	 693 	 631 
i 98	 950 	 1044 
i 220	 443 	 412 
i 639	 285 	 237 
i 399	 971 	 1062 
i 886	 978 	 972 
i 512	 255 	 347 
i 23	 718 	 623 
i 112	 292 	 323 
i 342	 801 	 838 
i 996	 267 	 323 
i 940	 437 	 513 
i 315	 414 	 334 
i 511	 725 	 773 
i 479	 958 	 886 
i 455	 921 	 826 
i 617	 452 	 459 
i 301	 420 	 432 
i 505	 445 	 479 
i 282	 141 	 43 
i 458	 754 	 656 
i 824	 561 	 651 
i 166	 456 	 409 
i 856	 546 	 601 
i 809	 316 	 267 
i 721	 440 	 482 
i 106	 464 	 429 
i 454	 943 	 968 
i 830	 552 	 478 
i 864	 261 	 243 
i 588	 274 	 348 
i 96	 284 	 323 
i 484	 242 	 314 
i 973	 479 	 522 
i 205	 281 	 286 
i 575	 509 	 458 
i 972	 251 	 221 
i 908	 543 	 604 
i 406	 213 	 240 
i 575	 331 	 331 
i 759	 699 	 617 
i 954	 585 	 522 
i 103	 315 	 349 
i 517	 192 	 220 
i 708	 830 	 899 
i 157	 409 	 393 
i 315	 630 	 609 
i 801	 944 	 905 
i 915	 774 	 816 
i 164	 453 	 410 
i 826	 900 	 809 
i 360	 981 	 1080 
i 591	 258 	 178 
i 683	 854 	 877 
i 492	 537 	 502 
i 828	 403 	 399 
i 412	 780 	 839 
i 350	 244 	 263 
i 97	 516 	 518 
i 482	 260 	 295 
i 370	 514 	 514 
i 349	 554 	 627 
i 514	 554 	 545 
i 350	 645 	 572 
i 830	 306 	 332 
i 159	 596 	 587 
i 912	 137 	 211 
i 63	 847 	 791 
i 519	 490 	 453 
i 686	 948 	 1007 
i 141	 663 	 596 
i 640	 222 	 225 
i 139	 991 	 897 
i 739	 508 	 484 
i 959	 631 	 573 
i 506	 302 	 276 
i 536	 710 	 666 
i 364	 596 	 565 
i 791	 793 	 866 
i 733	 187 	 197 
i 354	 897 	 935 
i 480	 159 	 125 
i 471	 619 	 613 
i 917	 647 	 589 
i 502	 987 	 920 
i 718	 286 	 321 
i 393	 616 	 558 
i 939	 868 	 882 
i 706	 287 	 260 
i 792	 167 	 86 
i 677	 657 	 647 
i 731	 384 	 470 
i 303	 679 	 659 
i 906	 208 	 172 
i 892	 395 	 459 
i 90	 546 	 554 
i 658	 257 	 344 
i 511	 444 	 518 
i 709	 955 	 971 
i 772	 391 	 365 
i 387	 479 	 388 
i 694	 882 	 938 
i 334	 822 	 738 
i 444	 292 	 390 
i 764	 578 	 654 
i 254	 421 	 515 
i 419	 903 	 929 
i 794	 845 	 773 
i 743	 733 	 803 
i 59	 361 	 385 
i 473	 692 	 593 
i 341	 736 	 776 
i 142	 542 	 449 
i 346	 616 	 612 
i 871	 608 	 557 
i 221	 503 	 503 
i 112	 479 	 562 
i 938	 150 	 192 
i 639	 276 	 267 
i 920	 142 	 145 
i 574	 696 	 793 
i 278	 705 	 670 
i 763	 442 	 436 
i 332	 476 	 539 
i 891	 904 	 941 
i 333	 234 	 315 
i 747	 679 	 582 
i 791	 606 	 697 
i 977	 351 	 370 
i 14	 756 	 759 
i 671	 325 	 243 
i 340	 315 	 288 
i 712	 607 	 533 
i 123	 137 	 129 
i 16	 862 	 832 
i 155	 584 	 621 
i 794	 501 	 487 
i 352	 518 	 463 
i 622	 480 	 420 
i 348	 121 	 64 
i 590	 580 	 657 
i 819	 660 	 605 
i 379	 988 	 1075 
i 408	 216 	 128 
i 253	 628 	 543 
i 785	 943 	 889 
i 225	 665 	 570 
i 683	 162 	 137 
i 100	 363 	 263 
i 112	 543 	 512 
i 640	 735 	 822 
i 259	 635 	 686 
i 246	 838 	 765 
i 364	 784 	 793 
i 945	 840 	 899 
i 881	 910 	 926 
i 505	 229 	 290 
i 563	 253 	 251 
i 846	 591 	 609 
i 333	 592 	 632 
i 36	 903 	 871 
i 626	 850 	 870 
i 444	 635 	 704 
i 202	 758 	 700 
i 22	 354 	 285 
i 921	 175 	 82 
i 54	 695 	 703 
i 215	 525 	 446 
i 755	 963 	 1053 
i 297	 600 	 557 
i 189	 337 	 301 
i 20	 642 	 731 
i 610	 289 	 267 
i 339	 153 	 171 
i 613	 341 	 364 
i 686	 480 	 487 
i 343	 513 	 531 
i 809	 996 	 1057 
i 768	 202 	 214 
i 319	 160 	 231 
i 573	 414 	 323 
i 172	 701 	 614 
i 372	 655 	 690 
i 420	 114 	 17 
i 678	 643 	 668 
i 94	 301 	 263 
i 547	 779 	 810 
i 543	 415 	 408 
i 646	 243 	 189 
i 702	 741 	 751 
i 44	 615 	 540 
i 707	 656 	 615 
i 320	 714 	 748 
i 324	 427 	 345 
i 922	 440 	 493 
i 137	 999 	 1071 
i 888	 389 	 370 
i 232	 974 	 1064 
i 380	 500 	 519 
i 90	 708 	 668 
i 656	 311 	 279 
i 270	 424 	 334 
i 948	 689 	 663 
i 305	 396 	 434 
i 675	 476 	 499 
i 674	 270 	 320 
i 987	 148 	 176 
i 958	 512 	 586 
i 396	 470 	 420 
i 69	 113 	 81 
i 294	 380 	 280 
i 646	 686 	 640 
i 298	 731 	 674 
i 618	 172 	 176 
i 30	 789 	 728 
i 210	 449 	 523 
i 252	 230 	 302 
i 703	 801 	 865 
i 108	 690 	 633 
i 110	 916 	 873 
i 413	 333 	 348 
i 61	 334 	 279 
i 759	 575 	 579 
i 828	 770 	 698 
i 592	 347 	 281 
i 972	 524 	 500 
i 107	 412 	 438 
i 884	 290 	 257 
i 536	 130 	 118 
i 442	 323 	 333 
i 692	 576 	 669 
i 943	 202 	 107 
i 465	 403 	 460 
i 207	 868 	 890 
i 473	 995 	 936 
i 938	 258 	 193 
i 278	 597 	 554 
i 480	 271 	 204 
i 502	 570 	 611 
i 740	 964 	 893 
i 265	 567 	 634 
i 368	 537 	 593 
i 697	 561 	 510 
i 550	 371 	 361 
i 544	 917 	 1002 
i 710	 211 	 284 
i 258	 370 	 298 
i 438	 623 	 647 
i 954	 774 	 699 
i 914	 512 	 585 
i 427	 642 	 568 
i 907	 499 	 498 
i 414	 305 	 244 
i 706	 525 	 574 
i 613	 929 	 887 
i 726	 864 	 764 
i 18	 745 	 696 
i 595	 872 	 911 
i 341	 538 	 568 
i 792	 649 	 661 
i 390	 530 	 628 
i 827	 646 	 725 
i 46	 200 	 162 
i 512	 375 	 278 
i 432	 149 	 175 
i 280	 407 	 378 
i 993	 408 	 383 
i 850	 638 	 732 
i 331	 368 	 330 
i 937	 946 	 867 
i 409	 560 	 559 
i 12	 553 	 517 
i 113	 463 	 436 
i 410	 741 	 817 
i 453	 759 	 721 
i 786	 433 	 451 
i 121	 753 	 770 
i 713	 199 	 186 
i 4	 175 	 228 
i 943	 453 	 493 
i 449	 547 	 469 
i 946	 988 	 913 
i 343	 386 	 333 
i 53	 714 	 743 
i 781	 608 	 528 
i 145	 887 	 964 
i 866	 525 	 426 
i 966	 158 	 202 
i 39	 546 	 591 
i 424	 340 	 373 
i 915	 966 	 889 
i 902	 179 	 91 
i 212	 290 	 271 
i 891	 502 	 493 
i 451	 189 	 136 
i 325	 279 	 255 
i 791	 179 	 129 
i 843	 186 	 129 
i 334	 828 	 779 
i 591	 584 	 619 
i 554	 289 	 307 
i 630	 393 	 392 
i 832	 449 	 490 
i 273	 810 	 829 
i 361	 328 	 238 
i 550	 541 	 516 
i 627	 882 	 815 
i 712	 216 	 117 
i 519	 409 	 377 
i 52	 635 	 721 
i 253	 350 	 347 
i 570	 878 	 801 
i 950	 430 	 520 
i 737	 171 	 115 
i 982	 704 	 720 
i 466	 749 	 675 
i 335	 193 	 245 
i 454	 341 	 335 
i 789	 349 	 447 
i 379	 654 	 562 
i 649	 596 	 555 
i 512	 141 	 214 
i 872	 247 	 310 
i 940	 203 	 213 
i 607	 401 	 408 
i 325	 920 	 820 
i 418	 150 	 117 
i 677	 827 	 885 
i 945	 358 	 374 
i 557	 351 	 442 
i 104	 391 	 412 
i 139	 654 	 578 
i 292	 536 	 634 
i 396	 374 	 460 
i 722	 867 	 875 
i 633	 455 	 528 
i 678	 458 	 414 
i 484	 758 	 850 
i 762	 573 	 654 
i 34	 200 	 192 
i 349	 164 	 177 
i 960	 705 	 746 
i 439	 812 	 911 
i 735	 806 	 784 
i 585	 746 	 669 
i 972	 337 	 386 
i 363	 218 	 203 
i 92	 470 	 552 
i 611	 435 	 469 
i 712	 351 	 392 
i 771	 763 	 674 
i 440	 379 	 282 
i 229	 118 	 109 
i 11	 115 	 53 
i 725	 465 	 520 
i 980	 568 	 617 
i 101	 345 	 267 
i 505	 725 	 665 
i 869	 646 	 708 
i 140	 356 	 361 
i 874	 984 	 943 
i 176	 144 	 191 
i 184	 158 	 251 
i 190	 563 	 658 
i 588	 732 	 772 
i 103	 532 	 568 
i 366	 309 	 365 
i 57	 408 	 365 
i 659	 589 	 520 
i 934	 424 	 383 
i 917	 892 	 826 
i 955	 268 	 237 
i 9	 924 	 930 
i 518	 894 	 938 
i 217	 874 	 835 
i 691	 610 	 592 
i 913	 328 	 383 
i 249	 136 	 202 
i 786	 392 	 390 
i 139	 532 	 517 
i 18	 797 	 766 
i 196	 949 	 909 
i 111	 369 	 330 
i 992	 842 	 907 
i 851	 594 	 502 
i 413	 869 	 915 
i 658	 345 	 374 
i 687	 148 	 227 
i 4	 890 	 926 
i 478	 440 	 504 
i 251	 821 	 888 
i 194	 239 	 145 
i 485	 507 	 436 
i 308	 782 	 709 
i 851	 628 	 725 
i 704	 667 	 647 
i 968	 431 	 343 
i 11	 119 	 168 
i 887	 916 	 966 
i 257	 634 	 579 
i 57	 475 	 470 
i 201	 332 	 366 
i 646	 363 	 294 
i 402	 492 	 485 
i 984	 614 	 577 
i 611	 605 	 509 
i 971	 962 	 1060 
i 981	 127 	 27 
i 887	 791 	 868 
i 476	 570 	 499 
i 886	 774 	 714 
i 136	 311 	 291 
i 420	 910 	 819 
i 849	 162 	 152 
i 416	 577 	 564 
i 971	 860 	 769 
i 929	 879 	 782 
i 948	 871 	 970 
i 714	 872 	 949 
i 231	 772 	 744 
i 976	 901 	 850 
i 203	 191 	 167 
i 103	 549 	 609 
i 161	 592 	 622 
i 686	 993 	 907 
i 528	 490 	 398 
i 393	 531 	 625 
i 248	 547 	 631 
i 105	 546 	 572 
i 848	 445 	 518 
i 738	 767 	 835 
i 828	 988 	 897 
i 321	 440 	 369 
i 862	 267 	 228 
i 855	 848 	 946 
i 282	 911 	 915 
i 755	 948 	 1031 
i 247	 923 	 855 
i 736	 852 	 805 
i 113	 527 	 450 
i 850	 408 	 479 
i 837	 267 	 303 
i 208	 307 	 208 
i 384	 439 	 512 
i 214	 714 	 758 
i 114	 709 	 610 
i 56	 285 	 337 
i 969	 211 	 112 
i 804	 357 	 405 
i 274	 596 	 667 
i 607	 701 	 742 
i 784	 572 	 580 
i 6	 291 	 341 
i 375	 296 	 223 
i 54	 178 	 147 
i 726	 821 	 813 
i 922	 825 	 828 
i 36	 612 	 609 
i 313	 619 	 577 
i 859	 391 	 404 
i 523	 263 	 197 
i 43	 891 	 982 
i 246	 485 	 577 
i 454	 264 	 231 
i 530	 384 	 362 
i 329	 694 	 617 
i 133	 216 	 123 
i 697	 676 	 590 
i 269	 221 	 198 
i 584	 480 	 429 
i 755	 983 	 1036 
i 633	 247 	 309 
i 54	 209 	 120 
i 226	 175 	 177 
i 534	 474 	 382 
i 191	 821 	 794 
i 309	 925 	 925 
i 945	 960 	 899 
i 70	 137 	 130 
i 486	 481 	 391 
i 467	 700 	 761 
i 621	 495 	 482 
i 731	 327 	 325 
i 803	 378 	 421 
i 213	 831 	 781 
i 13	 867 	 855 
i 928	 306 	 356 
i 883	 752 	 791 
i 913	 929 	 982 
i 330	 455 	 405 
i 993	 501 	 545 
i 426	 330 	 298 
i 670	 720 	 634 
i 970	 269 	 344 
i 781	 909 	 826 
i 632	 245 	 165 
i 852	 639 	 544 
i 574	 419 	 501 
i 494	 151 	 216 
i 882	 834 	 765 
i 322	 171 	 101 
i 568	 812 	 827 
i 254	 227 	 176 
i 433	 292 	 235 
i 331	 183 	 282 
i 482	 262 	 288 
i 76	 352 	 348 
i 422	 379 	 290 
i 467	 302 	 312 
i 281	 148 	 134 
i 349	 287 	 338 
i 138	 421 	 385 
i 270	 933 	 948 
i 474	 264 	 166 
i 555	 457 	 425 
i 726	 456 	 520 
i 997	 128 	 208 
i 300	 557 	 521 
i 515	 608 	 665 
i 557	 210 	 124 
i 755	 596 	 579 
i 104	 379 	 390 
i 30	 667 	 732 
i 202	 293 	 253 
i 591	 303 	 374 
i 979	 608 	 624 
i 998	 451 	 467 
i 501	 363 	 438 
i 61	 649 	 628 
i 173	 462 	 552 
i 718	 525 	 566 
i 20	 898 	 960 
i 646	 505 	 572 
i 850	 352 	 260 
i 68	 619 	 645 
i 627	 492 	 514 
i 11	 121 	 142 
i 294	 636 	 557 
i 899	 530 	 464 
i 296	 881 	 849 
i 762	 838 	 750 
i 648	 577 	 493 
i 93	 409 	 454 
i 364	 266 	 281 
i 936	 303 	 331 
i 365	 864 	 818 
i 377	 518 	 474 
i 968	 171 	 185 
i 440	 268 	 262 
i 306	 420 	 473 
i 125	 724 	 730 
i 649	 778 	 713 
i 985	 849 	 803 
i 161	 606 	 633 
i 376	 229 	 243 
i 224	 802 	 889 
i 683	 154 	 116 
i 750	 404 	 360 
i 927	 914 	 958 
i 276	 447 	 352 
i 965	 242 	 172 
i 717	 715 	 775 
i 548	 875 	 932 
i 105	 227 	 316 
i 239	 792 	 756 
i 17	 411 	 420 
i 66	 355 	 300 
i 395	 633 	 729 
i 299	 884 	 965 
i 677	 635 	 571 
i 825	 660 	 589 
i 505	 794 	 867 
i 365	 618 	 600 
i 496	 428 	 431 
i 263	 380 	 431 
i 602	 667 	 721 
i 876	 265 	 332 
i 465	 469 	 415 
i 335	 451 	 457 
i 925	 370 	 312 
i 543	 533 	 440 
i 312	 665 	 673 
i 882	 546 	 627 
i 240	 914 	 894 
i 543	 486 	 518 
i 170	 270 	 223 
i 343	 958 	 886 
i 746	 815 	 836 
i 130	 134 	 222 
i 421	 607 	 680 
i 896	 795 	 777 
i 520	 826 	 870 
i 10	 418 	 439 
i 913	 334 	 403 
i 335	 691 	 668 
i 514	 393 	 404 
i 467	 630 	 710 
i 260	 758 	 787 
i 286	 409 	 464 
i 844	 359 	 298 
i 614	 242 	 160 
i 419	 607 	 629 
i 765	 361 	 385 
i 18	 899 	 906 
i 671	 762 	 836 
i 988	 218 	 195 
i 573	 715 	 785 
i 302	 627 	 549 
i 638	 313 	 292 
i 917	 115 	 63 
i 65	 292 	 363 
i 623	 376 	 331 
i 904	 923 	 831 
i 792	 589 	 500 
i 525	 177 	 222 
i 646	 952 	 995 
i 326	 406 	 364 
i 906	 276 	 294 
i 135	 376 	 322 
i 140	 730 	 659 
i 344	 946 	 888 
i 643	 818 	 885 
i 557	 175 	 223 
i 95	 212 	 218 
i 170	 264 	 175 
i 116	 913 	 953 
i 449	 663 	 568 
i 634	 923 	 1010 
i 933	 562 	 476 
i 630	 768 	 709 
i 570	 901 	 911 
i 366	 201 	 140 
i 438	 945 	 995 
i 552	 715 	 784 
i 725	 300 	 203 
i 628	 352 	 278 
i 250	 978 	 994 
i 165	 115 	 58 
i 672	 947 	 877 
i 413	 120 	 176 
i 301	 307 	 277 
i 404	 800 	 843 
i 342	 976 	 907 
i 23	 757 	 798 
i 236	 624 	 610 
i 508	 640 	 552 
i 484	 760 	 722 
i 489	 389 	 383 
i 430	 583 	 512 
i 441	 717 	 728 
i 662	 523 	 595 
i 438	 835 	 787 
i 411	 584 	 605 
i 139	 722 	 747 
i 715	 462 	 535 
i 311	 847 	 821 
i 42	 901 	 972 
i 355	 288 	 257 
i 886	 710 	 765 
i 569	 840 	 783 
i 34	 449 	 524 
i 848	 325 	 288 
i 381	 560 	 605 
i 69	 210 	 283 
i 464	 769 	 785 
i 293	 650 	 728 
i 182	 981 	 1067 
i 381	 854 	 811 
i 55	 273 	 207 
i 875	 962 	 1010 
i 256	 266 	 321 
i 497	 158 	 183 
i 3	 440 	 341 
i 115	 197 	 112 
i 855	 966 	 973 
i 462	 593 	 659 
i 442	 496 	 398 
i 279	 436 	 414 
i 461	 692 	 681 
i 419	 847 	 811 
i 593	 619 	 635 
i 647	 421 	 336 
i 18	 977 	 892 
i 115	 983 	 921 
i 77	 161 	 70 
i 619	 641 	 643 
i 53	 492 	 582 
i 419	 505 	 451 
i 73	 855 	 893 
i 901	 365 	 287 
i 474	 654 	 695 
i 823	 280 	 250 
i 799	 349 	 322 
i 780	 420 	 416 
i 837	 593 	 605 
i 435	 637 	 573 
i 864	 203 	 149 
i 308	 162 	 192 
i 146	 369 	 413 
i 432	 984 	 1009 
i 43	 195 	 115 
i 234	 821 	 905 
i 502	 246 	 290 
i 850	 575 	 575 
i 392	 116 	 84 
i 984	 615 	 670 
i 89	 776 	 803 
i 147	 983 	 1072 
i 437	 673 	 591 
i 420	 428 	 432 
i 515	 985 	 998 
i 314	 185 	 245 
i 466	 117 	 77 
i 988	 760 	 690 
i 994	 318 	 326 
i 562	 621 	 626 
i 311	 422 	 445 
i 292	 990 	 1042 
i 924	 943 	 883 
i 282	 136 	 160 
i 265	 601 	 528 
i 348	 216 	 205 
i 356	 928 	 1011 
i 87	 308 	 388 
i 320	 444 	 523 
i 894	 928 	 920 
i 245	 509 	 563 
i 234	 169 	 81 
i 171	 848 	 945 
i 199	 137 	 90 
i 751	 690 	 696 
i 869	 810 	 886 
i 789	 321 	 268 
i 12	 247 	 211 
i 387	 161 	 189 
i 306	 960 	 967 
i 754	 482 	 538 
i 819	 279 	 182 
i 649	 335 	 272 
i 679	 325 	 302 
i 331	 564 	 491 
i 118	 149 	 50 
i 355	 934 	 993 
i 508	 256 	 317 
i 565	 544 	 482 
i 521	 228 	 228 
i 938	 707 	 657 
i 128	 515 	 429 
i 381	 530 	 574 
i 621	 697 	 677 
i 132	 152 	 198 
i 176	 274 	 343 
i 102	 280 	 220 
i 265	 988 	 1030 
i 753	 818 	 773 
i 885	 991 	 1050 
i 557	 547 	 594 
i 12	 773 	 845 
i 484	 839 	 787 
i 144	 592 	 665 
i 190	 950 	 1049 
i 374	 712 	 646 
i 564	 578 	 532 
i 551	 760 	 767 
i 347	 504 	 462 
i 337	 750 	 685 
i 828	 570 	 617 
i 573	 335 	 384 
i 393	 214 	 160 
i 934	 431 	 405 
i 878	 312 	 324 
i 555	 310 	 397 
i 81	 464 	 464 
i 811	 708 	 618 
i 254	 299 	 279 
i 973	 559 	 606 
i 490	 718 	 731 
i 743	 483 	 410 
i 860	 258 	 264 
i 221	 462 	 455 
i 448	 795 	 764 
i 672	 408 	 488 
i 71	 352 	 448 
i 742	 799 	 857 
i 954	 846 	 755 
i 459	 313 	 216 
i 143	 969 	 970 
i 561	 582 	 532 
i 726	 706 	 628 
i 122	 290 	 256 
i 892	 705 	 761 
i 226	 123 	 114 
i 498	 923 	 928 
i 272	 906 	 859 
i 100	 722 	 666 
i 327	 763 	 799 
i 293	 780 	 844 
i 823	 344 	 320 
i 493	 569 	 490 
i 695	 670 	 616 
i 364	 967 	 891 
i 378	 774 	 744 
i 293	 289 	 358 
i 188	 756 	 680 
i 875	 994 	 937 
i 609	 302 	 311 
i 362	 907 	 974 
i 624	 749 	 781 
i 140	 201 	 132 
i 769	 299 	 369 
i 732	 505 	 448 
i 478	 616 	 634 
i 679	 927 	 1004 
i 406	 792 	 706 
i 399	 899 	 988 
i 614	 206 	 217 
i 510	 692 	 775 
i 229	 550 	 558 
i 331	 250 	 286 
i 543	 390 	 380 
i 987	 258 	 195 
i 555	 450 	 482 
i 474	 978 	 946 
i 241	 877 	 926 
i 129	 943 	 872 
i 236	 898 	 950 
i 890	 506 	 460 
i 385	 434 	 434 
i 542	 918 	 984 
i 855	 637 	 611 
i 22	 151 	 123 
i 403	 315 	 398 
i 379	 906 	 884 
i 242	 322 	 348 
i 178	 987 	 1039 
i 65	 229 	 328 
i 509	 907 	 984 
i 873	 259 	 213 
i 781	 704 	 766 
i 373	 554 	 587 
i 418	 887 	 925 
i 649	 320 	 238 
i 543	 247 	 241 
i 780	 594 	 636 
i 767	 268 	 346 
i 900	 944 	 1035 
i 796	 941 	 933 
i 963	 840 	 807 
i 631	 192 	 115 
i 131	 914 	 912 
i 5	 620 	 702 
i 241	 344 	 355 
i 393	 427 	 347 
i 937	 847 	 923 
i 115	 592 	 622 
i 52	 496 	 506 
i 985	 457 	 426 
i 805	 870 	 831 
i 897	 281 	 369 
i 801	 387 	 301 
i 374	 825 	 740 
i 637	 745 	 708 
i 992	 354 	 395 
i 821	 445 	 474 
i 363	 341 	 393 
i 796	 919 	 981 
i 186	 520 	 579 
i 41	 828 	 848 
i 233	 215 	 215 
i 544	 162 	 122 
i 347	 226 	 261 
i 62	 293 	 255 
i 335	 575 	 536 
i 710	 317 	 242 
i 970	 892 	 890 
i 880	 680 	 637 
i 341	 515 	 509 
i 149	 336 	 338 
i 266	 874 	 923 
i 324	 431 	 389 
i 453	 701 	 728 
i 659	 414 	 453 
i 181	 693 	 599 
i 413	 966 	 1014 
i 292	 192 	 234 
i 933	 628 	 646 
i 388	 884 	 971 
i 642	 416 	 332 
i 501	 873 	 842 
i 861	 648 	 682 
i 525	 906 	 831 
i 866	 584 	 640 
i 522	 317 	 410 
i 485	 347 	 322 
i 576	 119 	 153 
i 159	 754 	 774 
i 29	 393 	 491 
i 372	 336 	 362 
i 230	 410 	 336 
i 834	 720 	 819 
i 730	 429 	 433 
i 263	 540 	 517 
i 495	 349 	 430 
i 760	 318 	 296 
i 770	 654 	 748 
i 494	 361 	 286 
i 812	 897 	 828 
i 66	 890 	 896 
i 403	 564 	 616 
i 89	 683 	 701 
i 447	 679 	 643 
i 930	 253 	 270 
i 199	 598 	 514 
i 432	 518 	 586 
i 43	 869 	 891 
i 325	 843 	 764 
i 210	 958 	 1041 
i 86	 210 	 306 
i 595	 682 	 659 
i 240	 469 	 464 
i 878	 998 	 1082 
i 40	 397 	 467 
i 587	 920 	 830 
i 46	 993 	 990 
i 898	 853 	 858 
i 723	 509 	 579 
i 677	 604 	 516 
i 789	 531 	 460 
i 432	 518 	 566 
i 834	 862 	 958 
i 832	 397 	 469 
i 156	 329 	 409 
i 66	 200 	 197 
i 59	 248 	 254 
i 894	 679 	 665 
i 343	 260 	 191 
i 897	 129 	 195 
i 371	 184 	 208 
i 828	 315 	 225 
i 674	 976 	 1053 
i 995	 961 	 1005 
i 242	 838 	 913 
i 342	 750 	 838 
i 496	 295 	 195 
i 136	 770 	 849 
i 304	 266 	 213 
i 324	 405 	 332 
i 407	 257 	 258 
i 637	 811 	 777 
i 610	 859 	 760 
i 567	 760 	 660 
i 385	 512 	 461 
i 105	 403 	 420 
i 312	 352 	 268 
i 55	 353 	 296 
i 230	 261 	 265 
i 561	 472 	 541 
i 726	 592 	 542 
i 514	 153 	 231 
i 356	 450 	 450 
i 86	 457 	 370 
i 538	 461 	 451 
i 866	 679 	 690 
i 139	 313 	 386 
i 412	 387 	 471 
i 581	 583 	 513 
i 987	 159 	 201 
i 530	 912 	 900 
i 577	 249 	 340 
i 959	 151 	 113 
i 350	 597 	 576 
i 744	 657 	 743 
i 384	 171 	 231 
i 611	 666 	 753 
i 922	 550 	 520 
i 453	 483 	 569 
i 508	 619 	 702 
i 410	 366 	 355 
i 565	 758 	 663 
i 611	 719 	 816 
i 158	 995 	 962 
i 772	 459 	 375 
i 840	 401 	 393 
i 466	 224 	 138 
i 960	 170 	 269 
i 379	 482 	 472 
i 951	 422 	 513 
i 239	 350 	 323 
i 966	 749 	 835 
i 651	 773 	 781 
i 646	 761 	 801 
i 38	 171 	 165 
i 364	 242 	 204 
i 492	 654 	 709 
i 559	 721 	 769 
i 976	 718 	 641 
i 327	 229 	 143 
i 597	 191 	 152 
i 315	 518 	 473 
i 61	 458 	 543 
i 792	 940 	 954 
i 859	 674 	 696 
i 8	 206 	 301 
i 619	 486 	 479 
i 305	 290 	 195 
i 988	 948 	 848 
i 122	 165 	 130 
i 213	 227 	 312 
i 670	 502 	 450 
i 61	 747 	 707 
i 994	 682 	 600 
i 628	 302 	 392 
i 736	 845 	 937 
i 159	 823 	 838 
i 360	 349 	 425 
i 302	 372 	 446 
i 362	 375 	 473 
i 494	 668 	 609 
i 933	 602 	 677 
i 649	 817 	 904 
i 292	 197 	 283 
i 507	 280 	 292 
i 334	 239 	 198 
i 136	 204 	 195 
i 404	 720 	 783 
i 698	 617 	 540 
i 995	 505 	 500 
i 622	 500 	 594 
i 176	 683 	 764 
i 970	 574 	 585 
i 68	 519 	 588 
i 259	 459 	 429 
i 403	 957 	 994 
i 509	 332 	 396 
i 194	 737 	 682 
i 764	 573 	 658 
i 208	 677 	 761 
i 645	 214 	 222 
i 290	 189 	 233 
i 811	 995 	 1033 
i 271	 600 	 651 
i 662	 464 	 367 
i 614	 780 	 764 
i 863	 503 	 588 
i 569	 347 	 271 
i 89	 550 	 627 
i 726	 485 	 403 
i 842	 416 	 463 
i 930	 900 	 805 
i 925	 652 	 719 
i 476	 378 	 300 
i 873	 163 	 217 
i 627	 178 	 155 
i 69	 552 	 502 
i 335	 489 	 552 
i 828	 598 	 679 
i 250	 498 	 524 
i 593	 581 	 576 
i 482	 350 	 331 
i 92	 375 	 341 
i 392	 233 	 294 
i 451	 331 	 367 
i 527	 129 	 90 
i 24	 473 	 448 
i 450	 695 	 737 
i 998	 535 	 542 
i 434	 453 	 510 
i 963	 127 	 103 
i 233	 550 	 622 
i 531	 911 	 1002 
i 668	 318 	 287 
i 916	 147 	 206 
i 937	 753 	 718 
i 345	 138 	 107 
i 3	 473 	 532 
i 480	 216 	 275 
i 864	 696 	 642 
i 883	 509 	 448 
i 378	 849 	 834 
i 279	 729 	 820 
i 512	 690 	 715 
i 553	 999 	 1007 
i 276	 819 	 815 
i 306	 219 	 283 
i 713	 530 	 595 
i 832	 351 	 312 
i 491	 171 	 105 
i 938	 377 	 288 
i 769	 550 	 536 
i 465	 931 	 973 
i 117	 894 	 839 
i 116	 562 	 617 
i 913	 156 	 66 
i 36	 583 	 554 
i 507	 427 	 341 
i 778	 274 	 355 
i 846	 547 	 526 
i 146	 700 	 666 
i 640	 750 	 670 
i 563	 247 	 260 
i 444	 881 	 918 
i 952	 192 	 252 
i 4	 884 	 926 
i 535	 932 	 981 
i 891	 362 	 313 
i 75	 428 	 335 
i 566	 343 	 419 
i 230	 696 	 601 
i 949	 993 	 1026 
i 103	 196 	 142 
i 969	 702 	 737 
i 62	 422 	 447 
i 932	 245 	 271 
i 856	 880 	 813 
i 140	 657 	 568 
i 496	 886 	 812 
i 758	 917 	 956 
i 416	 812 	 897 
i 409	 836 	 911 
i 505	 541 	 636 
i 170	 747 	 836 
i 520	 458 	 360 
i 671	 128 	 216 
i 536	 689 	 748 
i 151	 836 	 923 
i 23	 887 	 873 
i 930	 115 	 53 
i 719	 736 	 757 
i 536	 671 	 574 
i 21	 562 	 566 
i 736	 544 	 582 
i 128	 499 	 441 
i 147	 509 	 585 
i 796	 458 	 441 
i 613	 280 	 293 
i 487	 225 	 243 
i 492	 611 	 615 
i 196	 782 	 730 
i 826	 434 	 489 
i 335	 450 	 509 
i 822	 914 	 920 
i 259	 640 	 671 
i 707	 829 	 890 
i 99	 724 	 744 
i 289	 207 	 150 
i 417	 713 	 753 
i 980	 350 	 289 
i 736	 814 	 792 
i 100	 139 	 82 
i 482	 830 	 840 
i 386	 649 	 623 
i 981	 234 	 260 
i 789	 821 	 788 
i 480	 649 	 636 
i 589	 296 	 341 
i 267	 488 	 416 
i 536	 224 	 148 
i 328	 397 	 469 
i 361	 745 	 837 
i 170	 937 	 925 
i 776	 538 	 603 
i 914	 870 	 931 
i 714	 544 	 563 
i 319	 846 	 761 
i 527	 347 	 380 
i 951	 993 	 1079 
i 80	 233 	 227 
i 402	 344 	 403 
i 116	 220 	 151 
i 46	 185 	 150 
i 527	 578 	 498 
i 382	 425 	 328 
i 869	 256 	 302 
i 696	 788 	 698 
i 962	 859 	 874 
i 955	 563 	 569 
i 93	 505 	 527 
i 355	 923 	 825 
i 478	 744 	 669 
i 561	 885 	 819 
i 87	 288 	 328 
i 441	 380 	 296 
i 604	 397 	 487 
i 367	 160 	 189 
i 208	 206 	 228 
i 717	 721 	 734 
i 161	 304 	 335 
i 74	 846 	 748 
i 786	 857 	 855 
i 657	 971 	 881 
i 856	 237 	 164 
i 160	 860 	 876 
i 483	 934 	 870 
i 538	 891 	 901 
i 645	 579 	 630 
i 332	 233 	 228 
i 549	 736 	 763 
i 376	 433 	 475 
i 217	 445 	 444 
i 185	 882 	 812 
i 327	 929 	 830 
i 170	 164 	 97 
i 96	 680 	 710 
i 973	 844 	 782 
i 500	 445 	 512 
i 637	 231 	 164 
i 341	 654 	 697 
i 703	 331 	 249 
i 80	 962 	 923 
i 947	 515 	 513 
i 868	 651 	 714 
i 929	 660 	 757 
i 570	 811 	 727 
i 395	 502 	 413 
i 771	 671 	 682 
i 906	 525 	 463 
i 518	 674 	 681 
i 766	 421 	 368 
i 724	 503 	 466 
i 179	 777 	 730 
i 787	 327 	 254 
i 406	 166 	 78 
i 194	 157 	 183 
i 634	 232 	 137 
i 265	 283 	 343 
i 731	 779 	 820 
i 364	 952 	 897 
i 714	 539 	 637 
i 156	 751 	 794 
i 905	 145 	 223 
i 149	 382 	 418 
i 212	 503 	 420 
i 264	 560 	 516 
i 401	 234 	 317 
i 595	 260 	 196 
i 346	 972 	 1054 
i 293	 712 	 667 
i 774	 912 	 1009 
i 494	 904 	 832 
i 534	 652 	 562 
i 839	 558 	 497 
i 281	 275 	 257 
i 785	 353 	 388 
i 924	 604 	 519 
i 94	 529 	 563 
i 63	 689 	 592 
i 738	 610 	 571 
i 640	 855 	 771 
i 533	 845 	 860 
i 142	 973 	 895 
i 645	 129 	 219 
i 830	 306 	 252 
i 104	 672 	 575 
i 659	 383 	 471 
i 129	 450 	 356 
i 779	 157 	 76 
i 341	 172 	 239 
i 179	 446 	 441 
i 5	 520 	 421 
i 975	 144 	 73 
i 996	 243 	 302 
i 217	 199 	 224 
i 847	 404 	 449 
i 154	 418 	 395 
i 536	 366 	 369 
i 588	 396 	 355 
i 657	 482 	 509 
i 35	 335 	 398 
i 495	 758 	 822 
i 533	 765 	 824 
i 682	 898 	 956 
i 781	 716 	 617 
i 111	 383 	 454 
i 457	 143 	 45 
i 744	 489 	 498 
i 66	 949 	 875 
i 483	 325 	 383 
i 736	 892 	 957 
i 464	 730 	 694 
i 201	 571 	 641 
i 87	 390 	 397 
i 767	 205 	 168 
i 75	 213 	 198 
i 112	 974 	 1050 
i 537	 984 	 1009 
i 481	 580 	 618 
i 722	 700 	 635 
i 601	 514 	 596 
i 298	 359 	 334 
i 815	 645 	 660 
i 130	 515 	 547 
i 236	 991 	 977 
i 351	 384 	 385 
i 323	 764 	 787 
i 305	 662 	 593 
i 833	 332 	 359 
i 497	 948 	 919 
i 950	 216 	 307 
i 231	 139 	 90 
i 831	 474 	 388 
i 287	 988 	 928 
i 277	 689 	 676 
i 585	 184 	 241 
i 320	 634 	 556 
i 940	 294 	 277 
i 189	 432 	 382 
i 131	 998 	 1047 
i 250	 427 	 466 
i 282	 391 	 477 
i 691	 620 	 672 
i 678	 685 	 594 
i 329	 865 	 830 
i 411	 366 	 448 
i 999	 179 	 125 
i 207	 279 	 213 
i 568	 651 	 622 
i 567	 875 	 873 
i 922	 651 	 699 
i 238	 384 	 288 
i 811	 321 	 363 
i 457	 999 	 977 
i 306	 153 	 197 
i 592	 442 	 368 
c
c
W 988300
c end of file