c Instance Type c
c
n 2000
c w	 v1	 v2
i 700	 432 	 507 
i 31	 763 	 862 
i 870	 486 	 539 
i 361	 338 	 291 
i 646	 233 	 222 
i 655	 578 	 557 
i 645	 806 	 826 
i 176	 213 	 304 
i 18	 258 	 336 
i 606	 453 	 411 
i 967	 997 	 1095 
i 702	 888 	 793 
i 125	 886 	 965 
i 380	 678 	 629 
i 518	 914 	 994 
i 44	 424 	 435 
i 825	 776 	 716 
i 941	 423 	 398 
i 108	 385 	 364 
i 493	 290 	 190 
i 490	 552 	 645 
i 364	 548 	 582 
i 237	 570 	 629 
i 874	 478 	 413 
i 778	 706 	 744 
i 131	 620 	 667 
i 878	 227 	 239 
i 230	 407 	 407 
i 539	 744 	 766 
i 741	 207 	 127 
i 238	 209 	 227 
i 730	 182 	 273 
i 248	 778 	 716 
i 660	 596 	 509 
i 331	 753 	 822 
i 903	 481 	 576 
i 34	 247 	 318 
i 368	 747 	 664 
i 81	 306 	 331 
i 190	 849 	 822 
i 300	 941 	 961 
i 380	 580 	 547 
i 131	 542 	 558 
i 677	 715 	 663 
i 400	 776 	 790 
i 816	 640 	 635 
i 969	 620 	 622 
i 686	 493 	 568 
i 905	 569 	 660 
i 736	 236 	 165 
i 670	 562 	 551 
i 198	 211 	 276 
i 683	 509 	 600 
i 363	 138 	 165 
i 112	 354 	 261 
i 708	 863 	 933 
i 282	 398 	 462 
i 711	 852 	 853 
i 227	 744 	 726 
i 369	 707 	 636 
i 877	 839 	 902 
i 990	 348 	 251 
i 438	 195 	 235 
i 469	 158 	 70 
i 742	 723 	 658 
i 589	 755 	 831 
i 912	 624 	 557 
i 746	 466 	 541 
i 459	 917 	 837 
i 130	 395 	 389 
i 948	 528 	 497 
i 216	 368 	 335 
i 310	 383 	 438 
i 364	 117 	 66 
i 53	 174 	 271 
i 778	 331 	 346 
i 357	 228 	 226 
i 756	 375 	 322 
i 663	 265 	 304 
i 984	 357 	 422 
i 454	 777 	 831 
i 743	 199 	 296 
i 50	 501 	 460 
i 58	 303 	 335 
i 130	 523 	 566 
i 378	 513 	 511 
i 510	 138 	 208 
i 807	 575 	 596 
i 981	 786 	 740 
i 259	 516 	 466 
i 10	 360 	 401 
i 109	 159 	 149 
i 548	 149 	 149 
i 764	 415 	 426 
i 229	 116 	 153 
i 681	 752 	 665 
i 712	 302 	 317 
i 235	 170 	 146 
i 994	 709 	 681 
i 450	 949 	 973 
i 731	 286 	 312 
i 785	 916 	 964 
i 829	 428 	 385 
i 173	 874 	 784 
i 178	 482 	 438 
i 899	 206 	 298 
i 116	 265 	 300 
i 182	 776 	 857 
i 855	 228 	 308 
i 798	 552 	 522 
i 996	 217 	 134 
i 902	 779 	 853 
i 261	 549 	 589 
i 120	 806 	 880 
i 538	 853 	 763 
i 645	 215 	 305 
i 818	 182 	 95 
i 567	 782 	 731 
i 699	 702 	 622 
i 196	 617 	 697 
i 316	 932 	 1011 
i 68	 119 	 179 
i 561	 893 	 805 
i 343	 627 	 562 
i 179	 514 	 557 
i 296	 559 	 531 
i 376	 514 	 450 
i 132	 573 	 622 
i 797	 792 	 781 
i 367	 883 	 911 
i 291	 795 	 886 
i 301	 704 	 609 
i 181	 526 	 543 
i 761	 579 	 664 
i 215	 739 	 660 
i 719	 488 	 468 
i 174	 810 	 866 
i 693	 970 	 1052 
i 460	 745 	 786 
i 329	 253 	 168 
i 99	 824 	 797 
i 765	 787 	 820 
i 233	 810 	 879 
i 760	 442 	 463 
i 468	 380 	 444 
i 892	 476 	 484 
i 679	 835 	 878 
i 646	 640 	 622 
i 360	 561 	 635 
i 521	 302 	 241 
i 324	 370 	 329 
i 84	 696 	 608 
i 870	 400 	 359 
i 244	 265 	 176 
i 546	 807 	 811 
i 957	 652 	 635 
i 773	 246 	 165 
i 368	 884 	 932 
i 875	 360 	 280 
i 91	 245 	 269 
i 382	 422 	 511 
i 41	 686 	 592 
i 366	 743 	 823 
i 540	 117 	 45 
i 324	 167 	 205 
i 932	 633 	 662 
i 86	 114 	 98 
i 955	 199 	 256 
i 236	 858 	 891 
i 387	 949 	 1000 
i 737	 614 	 541 
i 385	 566 	 501 
i 96	 593 	 601 
i 103	 505 	 421 
i 167	 633 	 614 
i 753	 358 	 326 
i 757	 935 	 920 
i 857	 421 	 397 
i 698	 234 	 257 
i 642	 825 	 726 
i 208	 608 	 656 
i 721	 731 	 656 
i 264	 890 	 834 
i 707	 485 	 450 
i 296	 560 	 558 
i 574	 924 	 873 
i 502	 339 	 239 
i 850	 719 	 790 
i 989	 171 	 182 
i 793	 722 	 661 
i 353	 727 	 708 
i 51	 499 	 424 
i 926	 612 	 590 
i 348	 810 	 729 
i 853	 211 	 190 
i 769	 648 	 741 
i 26	 866 	 860 
i 710	 869 	 833 
i 778	 744 	 706 
i 466	 352 	 272 
i 160	 529 	 520 
i 597	 892 	 893 
i 161	 117 	 103 
i 948	 466 	 522 
i 62	 555 	 582 
i 666	 907 	 887 
i 516	 880 	 865 
i 369	 410 	 338 
i 83	 696 	 779 
i 354	 973 	 950 
i 825	 176 	 185 
i 704	 582 	 510 
i 712	 144 	 104 
i 113	 529 	 479 
i 612	 335 	 297 
i 508	 899 	 994 
i 373	 370 	 368 
i 710	 752 	 824 
i 369	 877 	 966 
i 338	 805 	 764 
i 412	 259 	 183 
i 942	 744 	 809 
i 979	 870 	 878 
i 450	 250 	 280 
i 702	 473 	 426 
i 590	 751 	 805 
i 881	 731 	 660 
i 603	 282 	 353 
i 465	 161 	 106 
i 247	 113 	 125 
i 413	 379 	 474 
i 126	 490 	 573 
i 979	 338 	 417 
i 137	 819 	 788 
i 544	 510 	 419 
i 265	 746 	 773 
i 963	 544 	 547 
i 156	 674 	 598 
i 213	 546 	 563 
i 215	 746 	 812 
i 518	 358 	 307 
i 944	 336 	 310 
i 201	 262 	 232 
i 997	 170 	 167 
i 446	 478 	 384 
i 161	 522 	 481 
i 648	 201 	 153 
i 282	 663 	 646 
i 771	 772 	 797 
i 486	 406 	 474 
i 764	 258 	 230 
i 18	 478 	 439 
i 189	 808 	 809 
i 256	 232 	 232 
i 670	 666 	 756 
i 133	 695 	 617 
i 234	 959 	 1010 
i 855	 301 	 208 
i 599	 671 	 733 
i 931	 341 	 300 
i 98	 203 	 115 
i 510	 524 	 439 
i 295	 796 	 749 
i 432	 358 	 362 
i 57	 806 	 744 
i 713	 761 	 726 
i 668	 860 	 872 
i 882	 645 	 628 
i 513	 681 	 584 
i 772	 513 	 602 
i 876	 777 	 685 
i 342	 832 	 842 
i 113	 903 	 972 
i 391	 253 	 209 
i 174	 719 	 686 
i 905	 891 	 801 
i 748	 293 	 336 
i 350	 791 	 811 
i 991	 272 	 194 
i 444	 286 	 363 
i 194	 239 	 291 
i 6	 278 	 198 
i 896	 770 	 713 
i 57	 637 	 658 
i 740	 887 	 943 
i 619	 298 	 335 
i 823	 344 	 331 
i 589	 983 	 1040 
i 770	 629 	 684 
i 967	 731 	 675 
i 112	 630 	 612 
i 300	 420 	 403 
i 43	 514 	 477 
i 634	 707 	 681 
i 507	 360 	 282 
i 717	 167 	 213 
i 980	 778 	 789 
i 961	 277 	 206 
i 545	 976 	 1059 
i 243	 778 	 854 
i 827	 975 	 1074 
i 176	 454 	 413 
i 629	 828 	 795 
i 301	 220 	 314 
i 581	 552 	 547 
i 644	 653 	 592 
i 395	 415 	 350 
i 583	 910 	 837 
i 557	 150 	 186 
i 308	 964 	 1049 
i 280	 861 	 911 
i 666	 857 	 942 
i 473	 231 	 242 
i 597	 532 	 603 
i 94	 507 	 495 
i 703	 932 	 848 
i 46	 218 	 213 
i 944	 375 	 287 
i 989	 497 	 520 
i 949	 216 	 301 
i 794	 149 	 90 
i 634	 819 	 893 
i 770	 756 	 725 
i 244	 363 	 451 
i 689	 238 	 145 
i 614	 629 	 676 
i 734	 704 	 761 
i 32	 241 	 287 
i 467	 296 	 339 
i 585	 846 	 879 
i 629	 781 	 773 
i 426	 965 	 884 
i 152	 852 	 925 
i 436	 270 	 192 
i 579	 220 	 280 
i 163	 252 	 234 
i 829	 909 	 838 
i 976	 718 	 654 
i 186	 478 	 507 
i 14	 229 	 175 
i 767	 824 	 896 
i 728	 347 	 304 
i 562	 434 	 421 
i 741	 317 	 392 
i 864	 416 	 406 
i 23	 239 	 262 
i 921	 608 	 597 
i 604	 741 	 725 
i 18	 902 	 923 
i 151	 589 	 613 
i 953	 796 	 773 
i 220	 674 	 597 
i 583	 929 	 964 
i 815	 431 	 414 
i 159	 320 	 276 
i 304	 724 	 685 
i 864	 383 	 328 
i 573	 780 	 846 
i 464	 267 	 336 
i 3	 807 	 707 
i 773	 470 	 560 
i 407	 815 	 749 
i 328	 918 	 969 
i 689	 632 	 646 
i 924	 116 	 162 
i 615	 369 	 276 
i 922	 642 	 721 
i 675	 844 	 838 
i 851	 695 	 782 
i 634	 562 	 649 
i 39	 563 	 605 
i 831	 522 	 445 
i 739	 676 	 665 
i 327	 460 	 387 
i 333	 968 	 880 
i 624	 729 	 764 
i 222	 760 	 779 
i 48	 671 	 626 
i 705	 202 	 127 
i 213	 145 	 197 
i 721	 980 	 1039 
i 184	 724 	 750 
i 820	 830 	 804 
i 213	 340 	 379 
i 178	 461 	 366 
i 873	 516 	 546 
i 604	 229 	 304 
i 234	 762 	 846 
i 337	 117 	 142 
i 376	 230 	 297 
i 353	 906 	 918 
i 44	 728 	 776 
i 853	 399 	 411 
i 111	 729 	 784 
i 505	 459 	 549 
i 961	 485 	 550 
i 95	 177 	 163 
i 826	 955 	 988 
i 834	 886 	 786 
i 968	 555 	 530 
i 863	 412 	 458 
i 558	 911 	 965 
i 883	 684 	 709 
i 578	 297 	 344 
i 970	 988 	 936 
i 392	 948 	 888 
i 467	 795 	 754 
i 417	 289 	 214 
i 290	 881 	 972 
i 789	 883 	 968 
i 129	 329 	 387 
i 30	 979 	 949 
i 675	 778 	 724 
i 884	 447 	 509 
i 871	 214 	 270 
i 813	 430 	 364 
i 583	 612 	 640 
i 784	 877 	 788 
i 651	 989 	 958 
i 520	 953 	 880 
i 766	 890 	 843 
i 743	 705 	 664 
i 494	 127 	 221 
i 871	 335 	 406 
i 988	 168 	 213 
i 348	 864 	 872 
i 911	 130 	 55 
i 773	 701 	 782 
i 761	 753 	 765 
i 709	 174 	 90 
i 586	 298 	 367 
i 255	 535 	 552 
i 274	 800 	 716 
i 526	 775 	 865 
i 591	 647 	 735 
i 439	 406 	 364 
i 462	 888 	 828 
i 126	 999 	 1094 
i 848	 918 	 965 
i 920	 528 	 517 
i 131	 599 	 505 
i 609	 463 	 420 
i 384	 987 	 998 
i 132	 172 	 89 
i 735	 132 	 167 
i 68	 970 	 893 
i 941	 339 	 354 
i 940	 518 	 558 
i 849	 497 	 507 
i 319	 263 	 257 
i 869	 659 	 679 
i 266	 688 	 630 
i 252	 943 	 962 
i 321	 551 	 596 
i 345	 628 	 620 
i 312	 341 	 347 
i 569	 444 	 438 
i 29	 958 	 940 
i 462	 695 	 647 
i 633	 298 	 314 
i 251	 718 	 708 
i 900	 366 	 409 
i 836	 556 	 650 
i 332	 198 	 156 
i 913	 846 	 873 
i 173	 370 	 459 
i 548	 843 	 846 
i 502	 375 	 384 
i 160	 744 	 645 
i 370	 979 	 1007 
i 54	 609 	 687 
i 341	 122 	 180 
i 842	 761 	 786 
i 940	 734 	 826 
i 767	 993 	 1068 
i 59	 670 	 579 
i 882	 624 	 643 
i 180	 195 	 114 
i 892	 680 	 631 
i 869	 687 	 712 
i 430	 368 	 404 
i 443	 272 	 176 
i 174	 977 	 1049 
i 875	 648 	 708 
i 867	 614 	 628 
i 497	 503 	 529 
i 74	 545 	 547 
i 169	 186 	 224 
i 809	 273 	 290 
i 457	 502 	 493 
i 747	 172 	 249 
i 929	 778 	 743 
i 904	 798 	 798 
i 508	 678 	 653 
i 75	 505 	 453 
i 516	 124 	 172 
i 5	 685 	 747 
i 90	 253 	 349 
i 273	 870 	 928 
i 713	 502 	 451 
i 782	 907 	 1006 
i 533	 804 	 889 
i 307	 207 	 272 
i 944	 652 	 619 
i 388	 987 	 969 
i 404	 315 	 400 
i 50	 973 	 1059 
i 210	 808 	 712 
i 64	 794 	 753 
i 504	 609 	 510 
i 399	 831 	 889 
i 180	 828 	 792 
i 288	 762 	 788 
i 897	 611 	 625 
i 882	 911 	 1003 
i 112	 389 	 362 
i 83	 326 	 309 
i 867	 266 	 291 
i 636	 286 	 324 
i 197	 548 	 486 
i 8	 556 	 574 
i 814	 370 	 424 
i 548	 658 	 570 
i 111	 330 	 421 
i 12	 841 	 909 
i 325	 808 	 898 
i 567	 244 	 151 
i 742	 615 	 695 
i 939	 282 	 289 
i 432	 896 	 942 
i 933	 180 	 228 
i 226	 707 	 718 
i 842	 506 	 426 
i 89	 560 	 502 
i 910	 523 	 468 
i 694	 381 	 391 
i 845	 339 	 262 
i 412	 370 	 442 
i 606	 284 	 343 
i 489	 762 	 708 
i 567	 526 	 459 
i 239	 297 	 275 
i 682	 792 	 738 
i 188	 884 	 848 
i 651	 186 	 132 
i 955	 387 	 472 
i 213	 877 	 931 
i 506	 982 	 918 
i 700	 858 	 915 
i 433	 680 	 635 
i 900	 886 	 955 
i 111	 143 	 59 
i 876	 491 	 544 
i 747	 698 	 788 
i 831	 984 	 1005 
i 143	 300 	 312 
i 5	 235 	 290 
i 984	 921 	 877 
i 825	 195 	 291 
i 465	 897 	 879 
i 337	 256 	 219 
i 374	 119 	 104 
i 802	 194 	 154 
i 463	 875 	 784 
i 445	 835 	 911 
i 658	 485 	 389 
i 798	 985 	 890 
i 710	 786 	 688 
i 805	 146 	 213 
i 690	 130 	 90 
i 853	 498 	 526 
i 863	 779 	 681 
i 956	 268 	 331 
i 817	 537 	 492 
i 632	 581 	 625 
i 55	 475 	 451 
i 39	 496 	 432 
i 797	 521 	 599 
i 838	 532 	 571 
i 859	 388 	 365 
i 296	 658 	 606 
i 48	 338 	 258 
i 226	 352 	 264 
i 705	 189 	 264 
i 235	 438 	 439 
i 645	 193 	 205 
i 79	 534 	 554 
i 540	 695 	 674 
i 15	 599 	 546 
i 327	 329 	 248 
i 943	 673 	 651 
i 200	 887 	 875 
i 471	 979 	 1012 
i 559	 143 	 117 
i 928	 923 	 944 
i 22	 487 	 437 
i 497	 988 	 953 
i 155	 634 	 707 
i 704	 989 	 1065 
i 950	 312 	 254 
i 584	 398 	 328 
i 457	 748 	 718 
i 434	 251 	 316 
i 471	 844 	 820 
i 385	 285 	 247 
i 808	 824 	 790 
i 795	 158 	 224 
i 385	 450 	 547 
i 374	 334 	 372 
i 600	 232 	 260 
i 923	 420 	 364 
i 640	 557 	 593 
i 798	 872 	 795 
i 623	 717 	 734 
i 819	 170 	 264 
i 622	 448 	 503 
i 675	 744 	 759 
i 58	 594 	 685 
i 309	 582 	 548 
i 446	 306 	 392 
i 793	 876 	 947 
i 296	 187 	 186 
i 153	 793 	 752 
i 834	 896 	 979 
i 900	 528 	 575 
i 280	 503 	 475 
i 992	 307 	 213 
i 537	 818 	 736 
i 67	 782 	 762 
i 287	 190 	 259 
i 149	 130 	 158 
i 235	 892 	 979 
i 4	 445 	 362 
i 886	 708 	 792 
i 357	 636 	 700 
i 798	 403 	 323 
i 19	 723 	 642 
i 814	 755 	 781 
i 570	 837 	 877 
i 659	 304 	 401 
i 681	 168 	 95 
i 560	 738 	 712 
i 935	 681 	 655 
i 608	 759 	 711 
i 199	 691 	 714 
i 528	 534 	 517 
i 218	 625 	 612 
i 941	 711 	 660 
i 758	 385 	 448 
i 976	 118 	 113 
i 42	 996 	 927 
i 747	 228 	 271 
i 389	 558 	 589 
i 119	 891 	 843 
i 771	 234 	 226 
i 247	 783 	 881 
i 826	 264 	 205 
i 502	 651 	 580 
i 810	 873 	 954 
i 819	 713 	 789 
i 815	 250 	 335 
i 947	 392 	 426 
i 451	 143 	 55 
i 329	 726 	 662 
i 467	 960 	 1050 
i 224	 482 	 421 
i 397	 473 	 378 
i 6	 658 	 663 
i 863	 791 	 758 
i 541	 709 	 640 
i 697	 606 	 700 
i 14	 541 	 625 
i 50	 251 	 225 
i 741	 306 	 346 
i 697	 467 	 400 
i 115	 425 	 403 
i 523	 602 	 659 
i 138	 625 	 683 
i 903	 205 	 236 
i 576	 506 	 445 
i 134	 646 	 725 
i 617	 622 	 703 
i 775	 551 	 642 
i 995	 882 	 921 
i 397	 616 	 595 
i 751	 766 	 768 
i 304	 225 	 131 
i 883	 927 	 861 
i 989	 744 	 658 
i 434	 440 	 470 
i 37	 616 	 672 
i 611	 522 	 502 
i 108	 441 	 376 
i 975	 403 	 337 
i 544	 136 	 149 
i 281	 488 	 451 
i 410	 943 	 967 
i 329	 972 	 973 
i 42	 236 	 235 
i 412	 302 	 388 
i 979	 880 	 973 
i 443	 688 	 703 
i 814	 155 	 192 
i 144	 312 	 344 
i 173	 464 	 405 
i 598	 969 	 966 
i 534	 363 	 442 
i 503	 917 	 862 
i 644	 478 	 431 
i 860	 919 	 954 
i 726	 857 	 888 
i 375	 828 	 748 
i 426	 453 	 536 
i 652	 173 	 85 
i 50	 761 	 707 
i 15	 944 	 1010 
i 300	 488 	 460 
i 207	 396 	 469 
i 620	 597 	 599 
i 530	 834 	 808 
i 370	 548 	 467 
i 177	 244 	 238 
i 562	 335 	 414 
i 632	 260 	 270 
i 365	 313 	 333 
i 303	 520 	 543 
i 726	 370 	 452 
i 49	 695 	 619 
i 595	 577 	 625 
i 409	 144 	 98 
i 901	 475 	 503 
i 52	 563 	 626 
i 304	 983 	 959 
i 472	 894 	 796 
i 700	 494 	 469 
i 161	 139 	 174 
i 453	 686 	 667 
i 111	 610 	 600 
i 635	 718 	 627 
i 673	 488 	 479 
i 84	 730 	 701 
i 592	 412 	 394 
i 574	 250 	 293 
i 455	 588 	 525 
i 886	 599 	 676 
i 918	 935 	 844 
i 566	 650 	 650 
i 128	 122 	 144 
i 811	 526 	 475 
i 237	 570 	 653 
i 933	 977 	 877 
i 272	 408 	 426 
i 429	 773 	 706 
i 966	 520 	 544 
i 516	 686 	 687 
i 443	 586 	 571 
i 50	 629 	 727 
i 63	 186 	 110 
i 530	 729 	 815 
i 47	 949 	 882 
i 22	 877 	 797 
i 355	 880 	 854 
i 101	 520 	 580 
i 561	 669 	 723 
i 210	 334 	 291 
i 744	 787 	 832 
i 327	 278 	 333 
i 412	 272 	 340 
i 108	 381 	 355 
i 51	 321 	 304 
i 912	 472 	 459 
i 778	 563 	 621 
i 239	 896 	 974 
i 867	 722 	 713 
i 119	 518 	 551 
i 879	 772 	 753 
i 69	 531 	 578 
i 250	 334 	 263 
i 554	 193 	 144 
i 790	 522 	 483 
i 197	 893 	 836 
i 705	 393 	 492 
i 589	 209 	 156 
i 278	 115 	 35 
i 735	 520 	 464 
i 479	 223 	 143 
i 952	 586 	 520 
i 204	 352 	 336 
i 297	 484 	 578 
i 760	 711 	 764 
i 640	 983 	 1075 
i 958	 289 	 322 
i 70	 287 	 238 
i 75	 497 	 503 
i 536	 589 	 542 
i 662	 787 	 836 
i 198	 878 	 918 
i 469	 140 	 221 
i 889	 514 	 454 
i 565	 491 	 583 
i 546	 283 	 303 
i 747	 249 	 260 
i 945	 842 	 867 
i 381	 181 	 221 
i 918	 656 	 603 
i 680	 896 	 976 
i 543	 673 	 592 
i 576	 407 	 420 
i 31	 322 	 313 
i 459	 502 	 406 
i 652	 467 	 480 
i 808	 113 	 76 
i 631	 610 	 562 
i 710	 280 	 308 
i 325	 905 	 917 
i 209	 229 	 176 
i 841	 141 	 197 
i 175	 229 	 200 
i 413	 733 	 710 
i 852	 250 	 319 
i 254	 269 	 269 
i 257	 774 	 735 
i 818	 165 	 253 
i 10	 397 	 427 
i 903	 967 	 1062 
i 37	 576 	 512 
i 72	 789 	 694 
i 205	 596 	 535 
i 904	 915 	 937 
i 62	 373 	 366 
i 240	 239 	 282 
i 985	 684 	 779 
i 47	 960 	 1018 
i 369	 907 	 967 
i 332	 596 	 637 
i 854	 575 	 623 
i 617	 739 	 801 
i 163	 761 	 664 
i 69	 938 	 1022 
i 363	 594 	 691 
i 507	 118 	 63 
i 153	 758 	 700 
i 108	 736 	 687 
i 4	 554 	 579 
i 550	 379 	 470 
i 73	 119 	 181 
i 779	 780 	 766 
i 511	 616 	 634 
i 442	 633 	 665 
i 985	 565 	 470 
i 994	 553 	 559 
i 722	 754 	 791 
i 426	 942 	 1000 
i 924	 283 	 342 
i 227	 840 	 809 
i 237	 803 	 786 
i 989	 637 	 576 
i 558	 131 	 172 
i 146	 659 	 589 
i 657	 358 	 285 
i 155	 381 	 307 
i 877	 854 	 924 
i 813	 574 	 529 
i 7	 390 	 330 
i 827	 210 	 195 
i 607	 518 	 551 
i 200	 891 	 921 
i 223	 178 	 120 
i 840	 808 	 779 
i 119	 942 	 845 
i 423	 175 	 108 
i 259	 291 	 200 
i 780	 160 	 232 
i 95	 407 	 480 
i 207	 586 	 624 
i 664	 967 	 927 
i 542	 670 	 670 
i 618	 363 	 407 
i 403	 552 	 564 
i 338	 871 	 907 
i 411	 884 	 805 
i 613	 146 	 119 
i 668	 188 	 117 
i 2	 953 	 901 
i 537	 835 	 824 
i 501	 563 	 485 
i 130	 832 	 862 
i 414	 389 	 343 
i 910	 145 	 179 
i 765	 647 	 549 
i 636	 365 	 349 
i 676	 460 	 367 
i 763	 784 	 824 
i 711	 914 	 955 
i 525	 239 	 187 
i 35	 636 	 684 
i 846	 736 	 810 
i 160	 428 	 385 
i 198	 669 	 608 
i 801	 380 	 472 
i 88	 391 	 410 
i 480	 767 	 722 
i 239	 799 	 706 
i 143	 536 	 585 
i 287	 275 	 229 
i 878	 492 	 453 
i 581	 264 	 195 
i 938	 152 	 115 
i 567	 408 	 410 
i 870	 584 	 546 
i 185	 552 	 532 
i 923	 196 	 272 
i 697	 441 	 365 
i 177	 476 	 428 
i 362	 253 	 262 
i 790	 498 	 483 
i 963	 773 	 674 
i 11	 911 	 1000 
i 345	 303 	 305 
i 877	 759 	 735 
i 374	 149 	 162 
i 470	 505 	 503 
i 842	 400 	 337 
i 253	 507 	 480 
i 413	 740 	 785 
i 848	 340 	 343 
i 594	 719 	 715 
i 495	 727 	 725 
i 711	 681 	 748 
i 440	 249 	 291 
i 483	 591 	 508 
i 926	 209 	 220 
i 253	 647 	 627 
i 698	 815 	 845 
i 407	 252 	 165 
i 665	 899 	 982 
i 350	 472 	 473 
i 44	 901 	 801 
i 684	 450 	 493 
i 840	 306 	 237 
i 381	 941 	 968 
i 492	 131 	 143 
i 95	 628 	 691 
i 887	 984 	 987 
i 47	 677 	 761 
i 933	 736 	 753 
i 340	 662 	 749 
i 229	 226 	 322 
i 611	 230 	 263 
i 830	 866 	 867 
i 764	 115 	 192 
i 787	 682 	 657 
i 370	 295 	 289 
i 353	 133 	 105 
i 989	 591 	 572 
i 693	 523 	 491 
i 313	 157 	 193 
i 443	 990 	 1072 
i 577	 974 	 978 
i 427	 676 	 646 
i 432	 238 	 161 
i 75	 138 	 218 
i 282	 475 	 429 
i 307	 896 	 921 
i 848	 328 	 351 
i 312	 691 	 652 
i 365	 995 	 1019 
i 354	 712 	 624 
i 325	 633 	 661 
i 961	 207 	 120 
i 105	 520 	 519 
i 136	 623 	 637 
i 545	 538 	 609 
i 429	 781 	 713 
i 674	 448 	 350 
i 327	 995 	 959 
i 322	 380 	 417 
i 998	 932 	 840 
i 586	 989 	 962 
i 695	 670 	 635 
i 156	 731 	 717 
i 732	 286 	 299 
i 213	 796 	 718 
i 967	 668 	 676 
i 347	 813 	 756 
i 342	 823 	 831 
i 645	 221 	 294 
i 570	 833 	 905 
i 558	 870 	 860 
i 188	 307 	 236 
i 885	 599 	 559 
i 82	 985 	 891 
i 853	 601 	 550 
i 480	 703 	 645 
i 270	 297 	 309 
i 72	 491 	 571 
i 196	 975 	 984 
i 9	 856 	 779 
i 862	 736 	 771 
i 84	 247 	 319 
i 633	 377 	 426 
i 616	 644 	 709 
i 169	 674 	 710 
i 835	 893 	 825 
i 45	 194 	 180 
i 472	 692 	 692 
i 445	 605 	 645 
i 283	 203 	 244 
i 986	 307 	 321 
i 141	 907 	 937 
i 440	 785 	 742 
i 41	 561 	 641 
i 674	 409 	 323 
i 555	 127 	 208 
i 649	 271 	 361 
i 303	 656 	 640 
i 859	 216 	 289 
i 963	 838 	 768 
i 185	 579 	 506 
i 81	 197 	 152 
i 839	 779 	 822 
i 346	 145 	 196 
i 682	 947 	 933 
i 700	 122 	 219 
i 881	 928 	 955 
i 495	 885 	 972 
i 613	 373 	 432 
i 432	 256 	 308 
i 958	 391 	 480 
i 57	 513 	 418 
i 807	 761 	 834 
i 846	 510 	 452 
i 787	 296 	 375 
i 800	 681 	 700 
i 720	 670 	 665 
i 591	 348 	 442 
i 886	 294 	 311 
i 51	 115 	 18 
i 365	 793 	 888 
i 818	 746 	 652 
i 549	 771 	 838 
i 998	 653 	 690 
i 207	 843 	 837 
i 848	 750 	 704 
i 478	 390 	 488 
i 745	 814 	 831 
i 951	 789 	 783 
i 957	 420 	 424 
i 725	 435 	 512 
i 440	 413 	 454 
i 184	 441 	 391 
i 793	 299 	 249 
i 617	 909 	 901 
i 336	 440 	 401 
i 650	 684 	 741 
i 442	 678 	 684 
i 205	 310 	 306 
i 552	 729 	 717 
i 917	 304 	 237 
i 258	 204 	 225 
i 630	 831 	 888 
i 842	 168 	 184 
i 739	 393 	 333 
i 111	 803 	 810 
i 755	 189 	 126 
i 394	 888 	 913 
i 618	 473 	 539 
i 314	 903 	 880 
i 531	 406 	 366 
i 636	 553 	 565 
i 446	 203 	 141 
i 510	 906 	 812 
i 828	 535 	 589 
i 607	 714 	 790 
i 695	 302 	 329 
i 570	 469 	 375 
i 977	 139 	 168 
i 869	 880 	 972 
i 201	 334 	 332 
i 699	 603 	 528 
i 803	 213 	 228 
i 698	 382 	 299 
i 176	 411 	 493 
i 855	 208 	 212 
i 71	 993 	 936 
i 474	 671 	 728 
i 507	 700 	 753 
i 373	 388 	 414 
i 624	 356 	 422 
i 179	 795 	 801 
i 294	 911 	 878 
i 599	 534 	 441 
i 936	 610 	 552 
i 47	 534 	 447 
i 39	 998 	 925 
i 669	 302 	 324 
i 332	 113 	 36 
i 644	 793 	 791 
i 920	 468 	 391 
i 690	 321 	 279 
i 591	 796 	 813 
i 67	 207 	 144 
i 629	 239 	 163 
i 106	 428 	 361 
i 104	 487 	 428 
i 319	 610 	 685 
i 322	 265 	 206 
i 90	 371 	 441 
i 492	 808 	 862 
i 728	 910 	 902 
i 499	 283 	 194 
i 608	 805 	 729 
i 753	 970 	 1020 
i 110	 190 	 261 
i 534	 340 	 431 
i 96	 525 	 480 
i 270	 416 	 436 
i 563	 601 	 639 
i 347	 471 	 407 
i 247	 270 	 352 
i 441	 682 	 664 
i 222	 731 	 634 
i 189	 840 	 894 
i 279	 618 	 694 
i 537	 490 	 473 
i 4	 454 	 456 
i 347	 702 	 758 
i 898	 347 	 315 
i 304	 961 	 999 
i 483	 234 	 321 
i 126	 154 	 129 
i 824	 519 	 539 
i 645	 536 	 593 
i 216	 333 	 246 
i 643	 228 	 248 
i 30	 598 	 619 
i 694	 164 	 254 
i 959	 859 	 929 
i 916	 276 	 207 
i 55	 890 	 918 
i 104	 835 	 888 
i 563	 283 	 301 
i 42	 816 	 763 
i 292	 628 	 618 
i 424	 688 	 606 
i 972	 337 	 261 
i 33	 878 	 941 
i 873	 838 	 893 
i 60	 707 	 745 
i 937	 847 	 896 
i 752	 527 	 597 
i 946	 319 	 302 
i 740	 844 	 835 
i 323	 165 	 214 
i 972	 566 	 500 
i 228	 650 	 579 
i 91	 761 	 696 
i 908	 599 	 509 
i 580	 401 	 323 
i 409	 129 	 38 
i 877	 794 	 854 
i 112	 662 	 711 
i 937	 143 	 140 
i 998	 549 	 611 
i 511	 327 	 383 
i 119	 481 	 383 
i 849	 611 	 531 
i 399	 769 	 670 
i 726	 816 	 833 
i 746	 915 	 1014 
i 515	 958 	 1033 
i 136	 782 	 879 
i 173	 558 	 642 
i 666	 991 	 1075 
i 909	 823 	 809 
i 327	 630 	 640 
i 889	 639 	 619 
i 631	 729 	 789 
i 424	 738 	 743 
i 329	 373 	 327 
i 283	 372 	 429 
i 38	 261 	 345 
i 541	 250 	 169 
i 532	 183 	 235 
i 333	 114 	 148 
i 917	 500 	 599 
i 512	 991 	 1068 
i 208	 459 	 462 
i 914	 281 	 369 
i 210	 749 	 703 
i 504	 991 	 1001 
i 673	 803 	 821 
i 830	 735 	 661 
i 912	 820 	 852 
i 916	 609 	 708 
i 355	 317 	 399 
i 345	 315 	 300 
i 736	 215 	 241 
i 928	 676 	 685 
i 646	 624 	 675 
i 637	 865 	 817 
i 416	 468 	 555 
i 118	 993 	 1046 
i 916	 221 	 256 
i 477	 812 	 831 
i 708	 809 	 899 
i 938	 733 	 692 
i 57	 224 	 130 
i 692	 788 	 880 
i 271	 387 	 408 
i 120	 173 	 121 
i 521	 406 	 438 
i 514	 349 	 404 
i 638	 141 	 179 
i 427	 745 	 679 
i 214	 385 	 460 
i 913	 341 	 404 
i 42	 604 	 678 
i 803	 632 	 645 
i 115	 597 	 664 
i 185	 248 	 339 
i 517	 465 	 460 
i 784	 163 	 261 
i 819	 854 	 880 
i 532	 582 	 493 
i 841	 734 	 688 
i 101	 627 	 563 
i 655	 465 	 410 
i 242	 354 	 259 
i 789	 858 	 786 
i 944	 714 	 679 
i 343	 676 	 745 
i 402	 212 	 238 
i 239	 204 	 193 
i 769	 765 	 861 
i 471	 816 	 880 
i 53	 168 	 252 
i 451	 332 	 347 
i 724	 533 	 597 
i 565	 560 	 581 
i 244	 688 	 698 
i 879	 980 	 1059 
i 993	 843 	 802 
i 99	 514 	 521 
i 835	 913 	 874 
i 629	 897 	 952 
i 693	 739 	 805 
i 943	 670 	 626 
i 419	 295 	 196 
i 923	 135 	 149 
i 573	 677 	 739 
i 551	 280 	 318 
i 375	 188 	 225 
i 828	 453 	 510 
i 731	 931 	 955 
i 616	 314 	 264 
i 323	 117 	 205 
i 952	 855 	 932 
i 161	 216 	 177 
i 188	 221 	 166 
i 825	 729 	 789 
i 17	 564 	 534 
i 104	 292 	 337 
i 489	 904 	 915 
i 412	 714 	 671 
i 641	 378 	 458 
i 648	 600 	 545 
i 486	 550 	 485 
i 605	 449 	 416 
i 729	 721 	 726 
i 425	 924 	 894 
i 934	 748 	 721 
i 140	 173 	 167 
i 32	 820 	 912 
i 710	 426 	 400 
i 11	 682 	 584 
i 561	 597 	 629 
i 56	 798 	 727 
i 437	 957 	 1007 
i 123	 369 	 365 
i 39	 838 	 919 
i 755	 262 	 330 
i 825	 590 	 686 
i 624	 121 	 23 
i 979	 975 	 1019 
i 622	 417 	 463 
i 170	 429 	 387 
i 942	 129 	 99 
i 894	 260 	 317 
i 186	 929 	 1011 
i 4	 469 	 558 
i 175	 386 	 426 
i 714	 245 	 251 
i 725	 228 	 158 
i 698	 239 	 165 
i 43	 881 	 932 
i 401	 644 	 729 
i 421	 906 	 979 
i 590	 329 	 381 
i 511	 140 	 229 
i 913	 950 	 1040 
i 224	 904 	 829 
i 375	 641 	 708 
i 507	 224 	 237 
i 651	 361 	 313 
i 518	 479 	 440 
i 119	 262 	 303 
i 14	 196 	 121 
i 260	 967 	 1010 
i 293	 755 	 700 
i 237	 709 	 637 
i 130	 666 	 639 
i 727	 778 	 826 
i 854	 636 	 585 
i 136	 249 	 328 
i 551	 483 	 466 
i 721	 754 	 761 
i 817	 494 	 503 
i 780	 607 	 668 
i 506	 357 	 277 
i 179	 560 	 527 
i 803	 686 	 679 
i 554	 123 	 62 
i 146	 781 	 691 
i 301	 113 	 50 
i 720	 912 	 959 
i 444	 395 	 386 
i 875	 871 	 826 
i 434	 470 	 381 
i 711	 300 	 312 
i 216	 391 	 439 
i 863	 693 	 701 
i 877	 221 	 140 
i 632	 395 	 343 
i 634	 440 	 448 
i 537	 606 	 558 
i 856	 372 	 413 
i 711	 779 	 795 
i 117	 135 	 38 
i 330	 184 	 229 
i 645	 684 	 772 
i 301	 453 	 514 
i 424	 936 	 973 
i 744	 135 	 98 
i 116	 351 	 441 
i 672	 836 	 833 
i 966	 182 	 150 
i 719	 812 	 723 
i 746	 442 	 376 
i 829	 458 	 458 
i 474	 216 	 145 
i 859	 167 	 156 
i 788	 885 	 959 
i 815	 605 	 628 
i 86	 887 	 933 
i 901	 844 	 824 
i 981	 389 	 363 
i 770	 696 	 614 
i 144	 745 	 812 
i 533	 899 	 932 
i 652	 456 	 384 
i 716	 587 	 487 
i 587	 986 	 1043 
i 144	 872 	 892 
i 18	 532 	 569 
i 843	 294 	 312 
i 157	 653 	 667 
i 814	 984 	 952 
i 529	 175 	 172 
i 415	 920 	 823 
i 804	 623 	 657 
i 341	 749 	 726 
i 325	 749 	 843 
i 182	 560 	 483 
i 655	 207 	 134 
i 861	 819 	 914 
i 472	 455 	 382 
i 454	 964 	 1054 
i 527	 379 	 374 
i 437	 811 	 889 
i 15	 828 	 867 
i 732	 536 	 443 
i 450	 881 	 853 
i 955	 858 	 867 
i 65	 964 	 904 
i 862	 197 	 109 
i 250	 178 	 184 
i 209	 299 	 396 
i 511	 255 	 258 
i 299	 681 	 771 
i 107	 588 	 681 
i 585	 320 	 359 
i 452	 355 	 284 
i 293	 678 	 599 
i 253	 275 	 208 
i 350	 453 	 359 
i 426	 508 	 464 
i 638	 983 	 981 
i 801	 973 	 873 
i 443	 542 	 502 
i 980	 500 	 481 
i 216	 471 	 569 
i 491	 204 	 192 
i 130	 337 	 384 
i 314	 430 	 527 
i 699	 581 	 548 
i 147	 609 	 662 
i 129	 859 	 839 
i 99	 406 	 346 
i 584	 408 	 437 
i 23	 675 	 700 
i 428	 148 	 216 
i 533	 141 	 108 
i 787	 535 	 527 
i 147	 301 	 356 
i 676	 292 	 287 
i 237	 593 	 618 
i 80	 385 	 435 
i 412	 744 	 814 
i 746	 926 	 913 
i 381	 613 	 604 
i 423	 283 	 360 
i 457	 145 	 128 
i 934	 443 	 384 
i 148	 856 	 826 
i 352	 659 	 564 
i 894	 195 	 148 
i 204	 751 	 720 
i 915	 532 	 583 
i 833	 400 	 400 
i 399	 787 	 863 
i 592	 305 	 266 
i 631	 203 	 255 
i 5	 575 	 614 
i 843	 758 	 827 
i 460	 182 	 121 
i 555	 207 	 125 
i 276	 444 	 403 
i 749	 751 	 693 
i 76	 535 	 443 
i 836	 983 	 971 
i 56	 880 	 787 
i 160	 264 	 297 
i 682	 943 	 977 
i 410	 675 	 677 
i 491	 538 	 632 
i 600	 714 	 720 
i 974	 796 	 857 
i 694	 170 	 181 
i 172	 358 	 384 
i 153	 398 	 391 
i 19	 792 	 796 
i 192	 823 	 859 
i 128	 527 	 500 
i 763	 235 	 290 
i 244	 692 	 645 
i 923	 670 	 743 
i 694	 252 	 320 
i 762	 969 	 975 
i 41	 574 	 615 
i 364	 247 	 318 
i 131	 663 	 738 
i 932	 239 	 152 
i 401	 846 	 785 
i 540	 282 	 374 
i 195	 971 	 911 
i 823	 318 	 243 
i 983	 199 	 263 
i 949	 946 	 962 
i 471	 532 	 556 
i 624	 272 	 369 
i 245	 147 	 70 
i 390	 927 	 837 
i 217	 989 	 979 
i 409	 275 	 373 
i 377	 240 	 177 
i 610	 422 	 324 
i 710	 535 	 633 
i 650	 377 	 465 
i 125	 896 	 878 
i 305	 562 	 469 
i 346	 552 	 508 
i 265	 658 	 692 
i 253	 704 	 781 
i 437	 217 	 176 
i 583	 211 	 246 
i 932	 377 	 334 
i 410	 387 	 486 
i 709	 382 	 411 
i 593	 332 	 386 
i 101	 700 	 615 
i 598	 734 	 718 
i 215	 986 	 1023 
i 882	 695 	 782 
i 3	 597 	 572 
i 116	 863 	 954 
i 416	 575 	 653 
i 727	 829 	 789 
i 34	 826 	 728 
i 282	 511 	 531 
i 945	 307 	 347 
i 647	 374 	 334 
i 632	 748 	 751 
i 291	 469 	 448 
i 838	 414 	 394 
i 684	 748 	 751 
i 207	 711 	 797 
i 15	 614 	 645 
i 819	 881 	 919 
i 270	 890 	 985 
i 491	 537 	 621 
i 786	 274 	 287 
i 504	 542 	 482 
i 907	 112 	 110 
i 249	 465 	 430 
i 965	 822 	 724 
i 641	 392 	 335 
i 207	 332 	 278 
i 75	 918 	 828 
i 951	 645 	 609 
i 432	 623 	 685 
i 615	 552 	 572 
i 101	 169 	 89 
i 102	 347 	 249 
i 501	 783 	 735 
i 302	 187 	 132 
i 618	 199 	 272 
i 866	 394 	 308 
i 775	 602 	 531 
i 377	 650 	 569 
i 953	 938 	 944 
i 450	 773 	 702 
i 516	 418 	 367 
i 781	 511 	 480 
i 539	 521 	 591 
i 624	 752 	 682 
i 723	 953 	 1006 
i 43	 834 	 861 
i 595	 899 	 881 
i 203	 141 	 198 
i 133	 229 	 277 
i 878	 701 	 639 
i 224	 831 	 872 
i 674	 161 	 158 
i 136	 471 	 376 
i 857	 338 	 368 
i 805	 472 	 447 
i 619	 267 	 250 
i 506	 833 	 735 
i 541	 310 	 253 
i 674	 122 	 91 
i 339	 781 	 726 
i 149	 951 	 940 
i 206	 691 	 615 
i 612	 236 	 188 
i 867	 261 	 184 
i 275	 840 	 924 
i 451	 285 	 293 
i 264	 656 	 565 
i 488	 667 	 684 
i 501	 858 	 810 
i 255	 279 	 299 
i 201	 480 	 530 
i 853	 880 	 971 
i 994	 990 	 1003 
i 164	 332 	 319 
i 983	 437 	 479 
i 180	 369 	 301 
i 793	 851 	 836 
i 419	 894 	 976 
i 260	 528 	 511 
i 449	 763 	 796 
i 864	 409 	 483 
i 730	 188 	 232 
i 719	 150 	 193 
i 968	 656 	 732 
i 336	 155 	 228 
i 627	 787 	 695 
i 459	 931 	 998 
i 340	 421 	 372 
i 810	 344 	 347 
i 544	 713 	 806 
i 879	 420 	 486 
i 966	 304 	 315 
i 11	 947 	 902 
i 624	 697 	 646 
i 674	 591 	 607 
i 435	 471 	 413 
i 358	 511 	 545 
i 706	 366 	 268 
i 969	 594 	 658 
i 647	 164 	 136 
i 995	 134 	 82 
i 214	 872 	 814 
i 156	 480 	 424 
i 814	 729 	 798 
i 355	 949 	 952 
i 760	 580 	 670 
i 211	 768 	 730 
i 498	 475 	 378 
i 42	 485 	 582 
i 103	 326 	 353 
i 129	 650 	 676 
i 984	 867 	 935 
i 401	 165 	 264 
i 96	 362 	 424 
i 40	 225 	 158 
i 568	 687 	 772 
i 307	 646 	 573 
i 716	 923 	 950 
i 138	 940 	 975 
i 379	 929 	 985 
i 985	 604 	 686 
i 836	 276 	 354 
i 897	 138 	 97 
i 180	 138 	 116 
i 308	 862 	 848 
i 956	 123 	 222 
i 559	 949 	 910 
i 473	 184 	 88 
i 406	 750 	 681 
i 326	 465 	 472 
i 881	 271 	 275 
i 69	 191 	 163 
i 100	 986 	 937 
i 130	 359 	 346 
i 975	 707 	 756 
i 988	 201 	 241 
i 931	 199 	 151 
i 14	 470 	 516 
i 733	 490 	 418 
i 132	 631 	 624 
i 312	 221 	 190 
i 402	 687 	 670 
i 387	 118 	 121 
i 666	 348 	 377 
i 337	 737 	 761 
i 438	 512 	 533 
i 538	 247 	 255 
i 942	 479 	 490 
i 369	 243 	 200 
i 954	 368 	 351 
i 79	 782 	 828 
i 727	 203 	 129 
i 736	 573 	 576 
i 4	 142 	 79 
i 708	 717 	 721 
i 160	 380 	 472 
i 313	 922 	 921 
i 728	 514 	 502 
i 877	 118 	 180 
i 167	 375 	 428 
i 921	 748 	 817 
i 26	 509 	 523 
i 546	 627 	 588 
i 581	 200 	 162 
i 264	 366 	 270 
i 566	 831 	 766 
i 478	 796 	 794 
i 932	 351 	 295 
i 941	 744 	 663 
i 238	 577 	 529 
i 954	 369 	 306 
i 403	 231 	 173 
i 984	 740 	 791 
i 86	 126 	 93 
i 373	 403 	 423 
i 183	 421 	 354 
i 954	 581 	 610 
i 225	 130 	 145 
i 937	 327 	 331 
i 462	 414 	 465 
i 753	 649 	 691 
i 889	 815 	 738 
i 597	 115 	 35 
i 614	 788 	 725 
i 943	 201 	 212 
i 292	 737 	 785 
i 821	 886 	 924 
i 843	 573 	 656 
i 86	 199 	 270 
i 428	 661 	 624 
i 34	 446 	 360 
i 826	 191 	 283 
i 831	 294 	 305 
i 594	 383 	 317 
i 696	 548 	 471 
i 400	 155 	 136 
i 273	 814 	 759 
i 793	 542 	 456 
i 892	 471 	 402 
i 511	 344 	 361 
i 889	 628 	 651 
i 979	 693 	 682 
i 186	 659 	 614 
i 492	 267 	 341 
i 984	 421 	 434 
i 35	 524 	 617 
i 825	 887 	 835 
i 311	 201 	 107 
i 716	 265 	 350 
i 979	 406 	 393 
i 562	 926 	 891 
i 217	 588 	 549 
i 834	 985 	 983 
i 10	 343 	 439 
i 359	 229 	 322 
i 823	 734 	 634 
i 696	 706 	 771 
i 798	 920 	 847 
i 972	 951 	 1022 
i 304	 885 	 951 
i 222	 385 	 364 
i 758	 675 	 697 
i 741	 947 	 936 
i 3	 496 	 487 
i 136	 481 	 544 
i 837	 453 	 480 
i 507	 455 	 422 
i 417	 303 	 229 
i 363	 426 	 347 
i 234	 298 	 280 
i 543	 150 	 176 
i 179	 502 	 480 
i 120	 158 	 84 
i 553	 555 	 481 
i 969	 961 	 915 
i 355	 797 	 718 
i 743	 476 	 498 
i 959	 774 	 680 
i 315	 893 	 871 
i 525	 987 	 1012 
i 569	 462 	 396 
i 11	 135 	 104 
i 64	 482 	 475 
i 564	 599 	 503 
i 522	 719 	 817 
i 294	 960 	 929 
i 705	 166 	 83 
i 451	 712 	 621 
i 331	 740 	 712 
i 317	 201 	 278 
i 713	 760 	 751 
i 740	 911 	 904 
i 158	 333 	 339 
i 708	 749 	 668 
i 392	 768 	 791 
i 348	 761 	 843 
i 410	 180 	 203 
i 87	 259 	 172 
i 795	 303 	 282 
i 897	 626 	 669 
i 627	 527 	 512 
i 529	 934 	 868 
i 778	 461 	 426 
i 497	 934 	 841 
i 237	 130 	 115 
i 968	 680 	 735 
i 46	 601 	 538 
i 214	 261 	 215 
i 430	 322 	 235 
i 10	 677 	 770 
i 478	 425 	 443 
i 404	 807 	 731 
i 797	 959 	 1038 
i 723	 361 	 340 
i 746	 393 	 419 
i 386	 774 	 794 
i 938	 575 	 604 
i 108	 740 	 812 
i 345	 982 	 940 
i 982	 153 	 113 
i 337	 122 	 177 
i 121	 649 	 585 
i 75	 757 	 853 
i 357	 668 	 708 
i 675	 131 	 120 
i 421	 695 	 762 
i 943	 341 	 395 
i 651	 917 	 993 
i 631	 793 	 738 
i 679	 163 	 104 
i 692	 431 	 440 
i 298	 234 	 267 
i 26	 396 	 444 
i 652	 379 	 298 
i 675	 116 	 170 
i 333	 516 	 454 
i 592	 370 	 297 
i 499	 169 	 226 
i 268	 953 	 936 
i 327	 266 	 185 
i 687	 451 	 509 
i 825	 937 	 854 
i 147	 640 	 562 
i 449	 410 	 463 
i 455	 497 	 485 
i 910	 295 	 349 
i 202	 467 	 440 
i 269	 589 	 662 
i 216	 401 	 327 
i 390	 774 	 766 
i 774	 862 	 791 
i 703	 676 	 770 
i 299	 756 	 679 
i 636	 857 	 870 
i 71	 650 	 554 
i 278	 154 	 240 
i 680	 843 	 770 
i 219	 280 	 260 
i 545	 161 	 184 
i 292	 280 	 181 
i 137	 689 	 745 
i 772	 820 	 817 
i 498	 795 	 852 
i 338	 902 	 886 
i 945	 518 	 516 
i 994	 538 	 592 
i 817	 478 	 467 
i 9	 598 	 631 
i 66	 957 	 899 
i 256	 619 	 619 
i 906	 628 	 656 
i 704	 435 	 417 
i 475	 868 	 950 
i 365	 677 	 626 
i 822	 163 	 101 
i 303	 600 	 537 
i 717	 396 	 297 
i 266	 796 	 699 
i 218	 501 	 417 
i 790	 690 	 657 
i 372	 250 	 198 
i 737	 820 	 909 
i 589	 298 	 282 
i 227	 219 	 276 
i 286	 441 	 462 
i 837	 614 	 696 
i 158	 782 	 807 
i 928	 788 	 867 
i 368	 801 	 723 
i 21	 873 	 953 
i 178	 283 	 237 
i 975	 498 	 400 
i 187	 451 	 471 
i 309	 826 	 891 
i 681	 637 	 559 
i 248	 289 	 379 
i 4	 211 	 132 
i 765	 771 	 678 
i 543	 678 	 659 
i 401	 778 	 763 
i 594	 692 	 712 
i 31	 936 	 951 
i 414	 947 	 999 
i 219	 592 	 506 
i 811	 439 	 489 
i 13	 540 	 440 
i 126	 497 	 398 
i 868	 593 	 647 
i 507	 627 	 589 
i 258	 987 	 1029 
i 912	 477 	 438 
i 841	 124 	 91 
i 782	 638 	 688 
i 324	 428 	 522 
i 693	 493 	 549 
i 177	 275 	 334 
i 611	 276 	 360 
i 154	 281 	 339 
i 734	 967 	 926 
i 721	 357 	 367 
i 133	 993 	 986 
i 148	 378 	 339 
i 741	 680 	 597 
i 99	 461 	 443 
i 529	 436 	 357 
i 714	 244 	 200 
i 900	 951 	 1030 
i 93	 881 	 790 
i 56	 695 	 751 
i 334	 959 	 959 
i 326	 563 	 590 
i 627	 978 	 1035 
i 267	 363 	 368 
i 661	 443 	 467 
i 28	 811 	 741 
i 177	 906 	 979 
i 123	 269 	 322 
i 989	 176 	 248 
i 647	 220 	 303 
i 601	 917 	 867 
i 111	 476 	 491 
i 87	 154 	 94 
i 371	 852 	 845 
i 745	 431 	 357 
i 533	 987 	 918 
i 428	 235 	 201 
i 607	 118 	 109 
i 680	 801 	 790 
i 803	 677 	 595 
i 710	 603 	 641 
i 122	 826 	 887 
i 171	 449 	 527 
i 6	 629 	 581 
i 367	 157 	 58 
i 353	 273 	 281 
i 493	 413 	 506 
i 501	 710 	 725 
i 277	 227 	 178 
i 914	 624 	 536 
i 468	 707 	 761 
i 273	 436 	 514 
i 653	 263 	 175 
i 236	 168 	 81 
i 288	 402 	 389 
i 471	 409 	 466 
i 811	 891 	 847 
i 486	 864 	 920 
i 618	 487 	 398 
i 196	 715 	 809 
i 867	 768 	 756 
i 233	 564 	 606 
i 405	 469 	 442 
i 469	 525 	 545 
i 797	 587 	 665 
i 134	 974 	 946 
i 12	 786 	 720 
i 858	 147 	 178 
i 282	 842 	 797 
i 961	 894 	 888 
i 701	 869 	 836 
i 212	 372 	 386 
i 615	 117 	 212 
i 82	 443 	 432 
i 617	 978 	 926 
i 588	 881 	 856 
i 348	 313 	 290 
i 389	 466 	 415 
i 212	 163 	 168 
i 93	 409 	 406 
i 946	 829 	 767 
i 241	 241 	 221 
i 248	 750 	 653 
i 622	 730 	 649 
i 599	 238 	 281 
i 465	 454 	 414 
i 693	 789 	 819 
i 94	 244 	 152 
i 153	 463 	 413 
i 488	 932 	 900 
i 297	 478 	 436 
i 444	 648 	 654 
i 163	 117 	 172 
i 859	 133 	 113 
i 3	 221 	 121 
i 389	 857 	 850 
i 152	 238 	 169 
i 303	 817 	 767 
i 699	 853 	 833 
i 623	 188 	 266 
i 37	 495 	 432 
i 641	 753 	 779 
i 649	 336 	 395 
i 674	 140 	 171 
i 797	 497 	 528 
i 637	 497 	 406 
i 779	 911 	 850 
i 574	 162 	 162 
i 410	 386 	 326 
i 497	 745 	 809 
i 929	 650 	 722 
i 652	 818 	 818 
i 906	 491 	 421 
i 939	 309 	 373 
i 374	 892 	 916 
i 809	 588 	 539 
i 709	 630 	 537 
i 767	 807 	 829 
i 77	 363 	 267 
i 790	 542 	 545 
i 397	 385 	 374 
i 192	 261 	 181 
i 620	 707 	 608 
i 843	 841 	 930 
i 722	 685 	 649 
i 260	 349 	 275 
i 843	 579 	 647 
i 626	 613 	 634 
i 911	 268 	 304 
i 396	 288 	 282 
i 704	 750 	 824 
i 874	 260 	 172 
i 545	 350 	 386 
i 367	 358 	 363 
i 14	 311 	 260 
i 282	 598 	 599 
i 808	 715 	 685 
i 373	 573 	 668 
i 550	 224 	 301 
c
c
W 503746
c end of file