c Instance Type c
c
n 2000
c w	 v1	 v2
i 496	 444 	 536 
i 138	 697 	 654 
i 958	 998 	 1046 
i 228	 950 	 927 
i 258	 906 	 891 
i 151	 658 	 568 
i 655	 466 	 398 
i 679	 521 	 436 
i 593	 683 	 606 
i 665	 221 	 285 
i 40	 500 	 463 
i 700	 465 	 456 
i 698	 722 	 705 
i 642	 491 	 519 
i 536	 836 	 916 
i 152	 326 	 236 
i 552	 373 	 414 
i 14	 517 	 494 
i 657	 588 	 683 
i 781	 692 	 720 
i 220	 535 	 571 
i 618	 819 	 795 
i 306	 336 	 252 
i 734	 705 	 749 
i 550	 388 	 340 
i 793	 300 	 282 
i 89	 345 	 437 
i 545	 973 	 1068 
i 83	 427 	 453 
i 736	 409 	 392 
i 214	 982 	 1009 
i 10	 701 	 651 
i 264	 153 	 165 
i 932	 226 	 184 
i 244	 870 	 938 
i 457	 212 	 239 
i 720	 579 	 624 
i 691	 547 	 501 
i 48	 526 	 496 
i 384	 201 	 119 
i 364	 572 	 532 
i 28	 248 	 210 
i 76	 474 	 489 
i 207	 972 	 973 
i 61	 344 	 394 
i 176	 206 	 148 
i 702	 774 	 860 
i 193	 530 	 554 
i 660	 772 	 805 
i 762	 197 	 107 
i 282	 278 	 261 
i 436	 548 	 536 
i 844	 826 	 830 
i 813	 450 	 495 
i 77	 903 	 960 
i 184	 683 	 775 
i 930	 870 	 903 
i 402	 809 	 880 
i 146	 472 	 475 
i 244	 179 	 135 
i 431	 226 	 238 
i 923	 596 	 695 
i 728	 991 	 1059 
i 110	 564 	 595 
i 1	 321 	 367 
i 645	 133 	 216 
i 499	 989 	 1058 
i 285	 691 	 640 
i 692	 565 	 543 
i 768	 137 	 164 
i 897	 387 	 300 
i 444	 887 	 985 
i 434	 886 	 929 
i 944	 746 	 811 
i 182	 440 	 506 
i 207	 202 	 197 
i 195	 128 	 222 
i 848	 880 	 831 
i 360	 212 	 302 
i 390	 562 	 605 
i 700	 240 	 263 
i 574	 301 	 213 
i 447	 294 	 292 
i 162	 934 	 921 
i 533	 782 	 806 
i 635	 631 	 696 
i 655	 164 	 68 
i 521	 142 	 216 
i 634	 372 	 318 
i 143	 328 	 352 
i 288	 968 	 932 
i 503	 627 	 706 
i 709	 681 	 649 
i 635	 232 	 232 
i 390	 623 	 530 
i 975	 287 	 321 
i 37	 134 	 99 
i 72	 155 	 224 
i 366	 929 	 925 
i 611	 245 	 269 
i 575	 797 	 879 
i 156	 194 	 177 
i 798	 990 	 914 
i 935	 405 	 456 
i 512	 853 	 782 
i 710	 885 	 809 
i 736	 593 	 525 
i 786	 884 	 830 
i 707	 748 	 767 
i 858	 288 	 229 
i 631	 843 	 899 
i 724	 765 	 852 
i 713	 246 	 293 
i 45	 356 	 390 
i 879	 142 	 79 
i 750	 274 	 353 
i 294	 385 	 411 
i 164	 528 	 511 
i 880	 734 	 658 
i 80	 377 	 473 
i 903	 562 	 584 
i 640	 370 	 337 
i 792	 316 	 226 
i 69	 972 	 891 
i 103	 681 	 776 
i 287	 846 	 891 
i 596	 753 	 656 
i 66	 425 	 361 
i 767	 797 	 709 
i 67	 907 	 835 
i 574	 892 	 801 
i 866	 550 	 587 
i 98	 851 	 846 
i 67	 897 	 906 
i 708	 983 	 1013 
i 536	 962 	 1049 
i 258	 718 	 724 
i 612	 736 	 755 
i 384	 899 	 871 
i 281	 956 	 942 
i 160	 195 	 96 
i 654	 236 	 310 
i 487	 847 	 940 
i 371	 384 	 290 
i 353	 871 	 919 
i 310	 560 	 515 
i 994	 504 	 511 
i 698	 978 	 907 
i 585	 621 	 627 
i 536	 945 	 1007 
i 630	 440 	 534 
i 772	 445 	 470 
i 601	 331 	 253 
i 909	 303 	 300 
i 764	 334 	 401 
i 270	 995 	 924 
i 713	 354 	 282 
i 689	 831 	 899 
i 264	 964 	 949 
i 203	 549 	 641 
i 573	 384 	 402 
i 949	 361 	 333 
i 198	 919 	 1012 
i 414	 132 	 206 
i 666	 564 	 591 
i 661	 420 	 501 
i 935	 553 	 577 
i 745	 680 	 642 
i 705	 538 	 553 
i 199	 917 	 972 
i 506	 883 	 853 
i 787	 521 	 481 
i 697	 845 	 844 
i 720	 814 	 896 
i 231	 703 	 718 
i 579	 382 	 330 
i 77	 302 	 237 
i 716	 855 	 939 
i 198	 244 	 269 
i 106	 756 	 821 
i 974	 559 	 525 
i 436	 872 	 795 
i 262	 250 	 313 
i 54	 694 	 701 
i 720	 617 	 670 
i 26	 242 	 211 
i 241	 456 	 440 
i 79	 612 	 539 
i 229	 542 	 509 
i 954	 210 	 198 
i 459	 944 	 927 
i 315	 351 	 421 
i 472	 457 	 379 
i 129	 293 	 226 
i 697	 770 	 847 
i 846	 564 	 646 
i 235	 871 	 801 
i 799	 358 	 304 
i 285	 481 	 473 
i 397	 780 	 762 
i 335	 284 	 358 
i 605	 654 	 591 
i 994	 522 	 554 
i 200	 623 	 680 
i 942	 771 	 768 
i 452	 670 	 636 
i 308	 592 	 605 
i 585	 728 	 701 
i 3	 933 	 963 
i 755	 453 	 362 
i 950	 822 	 798 
i 562	 710 	 807 
i 26	 877 	 973 
i 602	 576 	 512 
i 345	 389 	 314 
i 974	 822 	 837 
i 517	 229 	 306 
i 211	 733 	 727 
i 137	 171 	 165 
i 523	 750 	 695 
i 323	 793 	 728 
i 997	 246 	 294 
i 859	 236 	 289 
i 383	 221 	 194 
i 696	 384 	 426 
i 496	 495 	 532 
i 629	 120 	 61 
i 330	 907 	 890 
i 397	 436 	 446 
i 117	 857 	 772 
i 884	 171 	 150 
i 37	 331 	 310 
i 178	 990 	 941 
i 302	 783 	 810 
i 609	 222 	 189 
i 43	 857 	 923 
i 53	 580 	 572 
i 948	 763 	 820 
i 315	 245 	 182 
i 155	 737 	 697 
i 223	 805 	 742 
i 471	 271 	 215 
i 460	 623 	 603 
i 217	 851 	 891 
i 342	 530 	 492 
i 182	 828 	 799 
i 710	 679 	 660 
i 445	 199 	 170 
i 596	 901 	 935 
i 301	 178 	 243 
i 83	 447 	 356 
i 263	 614 	 618 
i 839	 814 	 910 
i 672	 283 	 222 
i 145	 909 	 916 
i 952	 299 	 343 
i 591	 616 	 602 
i 690	 979 	 1054 
i 579	 408 	 402 
i 654	 117 	 171 
i 34	 852 	 923 
i 599	 897 	 820 
i 391	 470 	 561 
i 585	 453 	 479 
i 483	 629 	 684 
i 695	 219 	 264 
i 263	 861 	 824 
i 241	 356 	 257 
i 575	 246 	 263 
i 582	 666 	 614 
i 417	 465 	 420 
i 301	 337 	 412 
i 705	 443 	 396 
i 91	 405 	 475 
i 673	 966 	 932 
i 796	 766 	 671 
i 640	 524 	 482 
i 915	 807 	 813 
i 69	 815 	 736 
i 693	 449 	 486 
i 93	 665 	 586 
i 348	 910 	 891 
i 721	 799 	 721 
i 53	 147 	 87 
i 16	 904 	 979 
i 753	 311 	 345 
i 218	 337 	 299 
i 2	 596 	 541 
i 794	 181 	 140 
i 176	 276 	 374 
i 799	 889 	 805 
i 699	 984 	 970 
i 474	 457 	 387 
i 515	 557 	 497 
i 407	 738 	 681 
i 633	 628 	 722 
i 887	 338 	 276 
i 434	 616 	 554 
i 513	 819 	 916 
i 699	 194 	 126 
i 575	 185 	 277 
i 558	 259 	 291 
i 947	 642 	 569 
i 449	 777 	 806 
i 155	 959 	 870 
i 737	 265 	 302 
i 993	 241 	 256 
i 561	 411 	 313 
i 359	 583 	 587 
i 452	 572 	 516 
i 536	 717 	 776 
i 703	 684 	 655 
i 302	 383 	 343 
i 51	 503 	 553 
i 5	 192 	 273 
i 179	 242 	 271 
i 326	 856 	 883 
i 664	 480 	 420 
i 196	 490 	 501 
i 714	 956 	 858 
i 397	 266 	 275 
i 42	 977 	 927 
i 348	 405 	 415 
i 788	 676 	 696 
i 880	 457 	 478 
i 29	 376 	 433 
i 866	 950 	 872 
i 282	 630 	 685 
i 708	 808 	 902 
i 660	 416 	 453 
i 835	 426 	 342 
i 809	 913 	 837 
i 142	 248 	 242 
i 777	 739 	 691 
i 167	 387 	 315 
i 466	 928 	 861 
i 410	 739 	 645 
i 994	 839 	 802 
i 778	 641 	 546 
i 123	 616 	 653 
i 477	 338 	 342 
i 380	 411 	 376 
i 534	 522 	 516 
i 241	 942 	 891 
i 552	 285 	 268 
i 471	 410 	 486 
i 178	 560 	 518 
i 997	 591 	 548 
i 594	 872 	 784 
i 164	 895 	 832 
i 419	 615 	 647 
i 757	 188 	 96 
i 221	 481 	 496 
i 156	 900 	 963 
i 352	 232 	 206 
i 688	 601 	 669 
i 194	 495 	 398 
i 734	 754 	 657 
i 591	 119 	 141 
i 473	 176 	 231 
i 41	 341 	 279 
i 128	 931 	 1021 
i 545	 970 	 904 
i 433	 594 	 559 
i 570	 432 	 467 
i 122	 761 	 734 
i 555	 620 	 632 
i 279	 638 	 597 
i 289	 653 	 730 
i 362	 308 	 279 
i 622	 997 	 977 
i 545	 281 	 286 
i 511	 238 	 152 
i 55	 391 	 392 
i 416	 683 	 598 
i 149	 399 	 338 
i 722	 726 	 776 
i 315	 336 	 242 
i 924	 599 	 562 
i 147	 498 	 534 
i 144	 818 	 778 
i 335	 285 	 354 
i 478	 754 	 725 
i 794	 819 	 801 
i 438	 380 	 446 
i 762	 448 	 543 
i 454	 624 	 664 
i 708	 404 	 307 
i 258	 431 	 519 
i 694	 716 	 633 
i 491	 433 	 379 
i 687	 703 	 716 
i 412	 568 	 476 
i 209	 887 	 954 
i 512	 366 	 321 
i 891	 215 	 122 
i 469	 196 	 194 
i 798	 819 	 759 
i 160	 833 	 824 
i 840	 780 	 710 
i 203	 857 	 885 
i 868	 173 	 139 
i 383	 675 	 723 
i 257	 714 	 804 
i 544	 570 	 562 
i 662	 815 	 785 
i 758	 849 	 913 
i 556	 397 	 421 
i 368	 576 	 632 
i 121	 984 	 1008 
i 960	 231 	 295 
i 31	 803 	 841 
i 665	 209 	 124 
i 345	 869 	 835 
i 861	 825 	 900 
i 653	 348 	 355 
i 484	 663 	 622 
i 806	 506 	 576 
i 330	 169 	 113 
i 312	 863 	 831 
i 447	 526 	 486 
i 227	 369 	 335 
i 337	 984 	 1083 
i 190	 162 	 130 
i 994	 457 	 397 
i 262	 346 	 417 
i 883	 825 	 792 
i 329	 200 	 129 
i 395	 958 	 953 
i 242	 266 	 323 
i 708	 570 	 516 
i 999	 838 	 830 
i 981	 245 	 304 
i 39	 242 	 339 
i 428	 546 	 642 
i 693	 727 	 675 
i 497	 599 	 524 
i 598	 901 	 891 
i 552	 142 	 211 
i 727	 565 	 483 
i 244	 376 	 435 
i 63	 585 	 644 
i 213	 994 	 1049 
i 362	 814 	 877 
i 852	 803 	 752 
i 545	 787 	 875 
i 95	 114 	 101 
i 984	 226 	 133 
i 20	 630 	 647 
i 531	 496 	 458 
i 830	 577 	 588 
i 363	 398 	 421 
i 358	 219 	 285 
i 150	 912 	 850 
i 928	 751 	 660 
i 689	 970 	 988 
i 693	 917 	 954 
i 823	 417 	 451 
i 408	 449 	 486 
i 842	 971 	 915 
i 367	 361 	 271 
i 691	 857 	 839 
i 813	 519 	 573 
i 715	 371 	 455 
i 435	 544 	 613 
i 403	 585 	 592 
i 310	 222 	 168 
i 655	 832 	 743 
i 36	 539 	 531 
i 4	 263 	 224 
i 286	 459 	 493 
i 126	 504 	 476 
i 585	 872 	 807 
i 878	 669 	 747 
i 365	 599 	 564 
i 898	 465 	 511 
i 24	 945 	 853 
i 835	 262 	 301 
i 317	 312 	 358 
i 488	 725 	 771 
i 880	 997 	 900 
i 323	 707 	 636 
i 180	 142 	 188 
i 808	 300 	 321 
i 357	 205 	 299 
i 756	 496 	 570 
i 694	 256 	 335 
i 865	 292 	 338 
i 92	 909 	 818 
i 782	 670 	 677 
i 780	 434 	 417 
i 451	 451 	 498 
i 487	 581 	 664 
i 700	 341 	 386 
i 806	 883 	 799 
i 240	 860 	 928 
i 403	 747 	 753 
i 607	 655 	 635 
i 505	 417 	 415 
i 135	 460 	 414 
i 498	 937 	 847 
i 881	 419 	 419 
i 410	 188 	 286 
i 670	 116 	 154 
i 538	 762 	 761 
i 381	 837 	 884 
i 97	 695 	 623 
i 709	 282 	 331 
i 53	 637 	 587 
i 446	 186 	 163 
i 376	 429 	 505 
i 723	 477 	 530 
i 809	 926 	 861 
i 815	 919 	 988 
i 548	 645 	 621 
i 366	 198 	 251 
i 24	 853 	 925 
i 216	 978 	 992 
i 809	 753 	 777 
i 893	 977 	 890 
i 252	 432 	 421 
i 665	 329 	 262 
i 582	 121 	 216 
i 491	 277 	 335 
i 92	 140 	 108 
i 191	 482 	 523 
i 26	 273 	 319 
i 2	 151 	 240 
i 723	 658 	 709 
i 698	 324 	 354 
i 60	 386 	 466 
i 305	 782 	 795 
i 317	 933 	 862 
i 504	 914 	 942 
i 538	 731 	 777 
i 955	 147 	 231 
i 139	 777 	 866 
i 184	 539 	 628 
i 799	 492 	 526 
i 40	 277 	 251 
i 349	 855 	 841 
i 105	 768 	 815 
i 30	 384 	 294 
i 932	 517 	 528 
i 631	 197 	 116 
i 672	 849 	 759 
i 421	 780 	 717 
i 902	 735 	 709 
i 333	 690 	 624 
i 519	 400 	 342 
i 357	 730 	 742 
i 97	 225 	 257 
i 404	 879 	 917 
i 860	 926 	 951 
i 957	 533 	 484 
i 788	 618 	 703 
i 541	 663 	 633 
i 244	 831 	 781 
i 895	 274 	 291 
i 221	 427 	 348 
i 917	 616 	 608 
i 47	 225 	 236 
i 910	 816 	 908 
i 828	 544 	 608 
i 304	 212 	 267 
i 874	 441 	 454 
i 496	 378 	 299 
i 307	 690 	 660 
i 490	 916 	 865 
i 846	 547 	 540 
i 415	 641 	 618 
i 543	 163 	 149 
i 337	 659 	 627 
i 824	 625 	 559 
i 938	 467 	 462 
i 311	 271 	 240 
i 612	 776 	 845 
i 264	 873 	 803 
i 170	 297 	 325 
i 661	 517 	 514 
i 258	 933 	 1013 
i 317	 387 	 376 
i 933	 772 	 828 
i 512	 188 	 209 
i 912	 340 	 349 
i 93	 763 	 834 
i 841	 185 	 178 
i 698	 936 	 982 
i 907	 182 	 262 
i 365	 753 	 765 
i 290	 299 	 363 
i 601	 213 	 140 
i 345	 610 	 524 
i 432	 418 	 434 
i 690	 958 	 957 
i 424	 555 	 572 
i 507	 428 	 414 
i 436	 845 	 770 
i 517	 608 	 515 
i 240	 522 	 502 
i 452	 135 	 173 
i 567	 866 	 824 
i 129	 990 	 1017 
i 475	 165 	 78 
i 428	 685 	 736 
i 927	 238 	 174 
i 285	 762 	 799 
i 112	 256 	 180 
i 671	 370 	 398 
i 135	 403 	 479 
i 163	 759 	 725 
i 13	 483 	 562 
i 2	 743 	 648 
i 64	 419 	 419 
i 710	 479 	 565 
i 853	 264 	 335 
i 586	 424 	 352 
i 750	 147 	 97 
i 43	 257 	 342 
i 371	 826 	 738 
i 100	 720 	 664 
i 519	 126 	 73 
i 231	 925 	 872 
i 578	 949 	 909 
i 992	 507 	 409 
i 165	 446 	 518 
i 518	 320 	 309 
i 559	 447 	 386 
i 723	 674 	 622 
i 529	 609 	 631 
i 214	 663 	 705 
i 231	 862 	 808 
i 147	 182 	 174 
i 91	 394 	 301 
i 537	 661 	 567 
i 913	 671 	 610 
i 149	 549 	 591 
i 528	 949 	 903 
i 162	 238 	 337 
i 721	 453 	 458 
i 343	 997 	 1044 
i 188	 742 	 836 
i 269	 948 	 871 
i 587	 470 	 411 
i 207	 505 	 553 
i 836	 534 	 565 
i 330	 709 	 770 
i 274	 455 	 421 
i 417	 699 	 698 
i 802	 697 	 640 
i 799	 275 	 287 
i 509	 933 	 982 
i 451	 907 	 810 
i 854	 122 	 142 
i 299	 306 	 368 
i 774	 968 	 997 
i 447	 664 	 759 
i 835	 492 	 442 
i 497	 789 	 822 
i 157	 340 	 334 
i 342	 534 	 487 
i 267	 143 	 198 
i 163	 808 	 753 
i 176	 823 	 739 
i 396	 471 	 447 
i 360	 303 	 234 
i 982	 879 	 899 
i 411	 859 	 846 
i 175	 193 	 280 
i 433	 788 	 706 
i 909	 317 	 304 
i 945	 556 	 596 
i 729	 359 	 432 
i 531	 564 	 472 
i 936	 638 	 625 
i 154	 978 	 1037 
i 18	 229 	 284 
i 859	 766 	 704 
i 952	 268 	 240 
i 714	 212 	 271 
i 946	 295 	 336 
i 448	 682 	 712 
i 728	 418 	 394 
i 238	 298 	 380 
i 831	 335 	 404 
i 807	 723 	 623 
i 940	 542 	 446 
i 677	 345 	 421 
i 854	 515 	 581 
i 968	 839 	 848 
i 176	 660 	 658 
i 819	 399 	 487 
i 166	 979 	 1012 
i 377	 429 	 510 
i 629	 352 	 399 
i 318	 218 	 226 
i 802	 220 	 217 
i 67	 239 	 171 
i 521	 132 	 35 
i 341	 873 	 970 
i 958	 470 	 402 
i 284	 909 	 1005 
i 261	 857 	 786 
i 619	 563 	 567 
i 890	 480 	 410 
i 11	 247 	 240 
i 135	 731 	 685 
i 279	 273 	 240 
i 303	 418 	 489 
i 160	 433 	 372 
i 565	 419 	 350 
i 463	 563 	 551 
i 304	 545 	 585 
i 812	 675 	 639 
i 229	 250 	 192 
i 382	 384 	 328 
i 80	 801 	 772 
i 263	 153 	 180 
i 609	 453 	 540 
i 971	 328 	 247 
i 319	 505 	 537 
i 827	 646 	 571 
i 316	 151 	 136 
i 950	 776 	 724 
i 108	 173 	 167 
i 416	 362 	 432 
i 193	 560 	 646 
i 240	 878 	 817 
i 625	 554 	 614 
i 869	 499 	 554 
i 314	 586 	 504 
i 916	 287 	 371 
i 961	 399 	 346 
i 710	 782 	 719 
i 780	 997 	 956 
i 63	 527 	 569 
i 568	 396 	 476 
i 431	 336 	 264 
i 929	 510 	 563 
i 366	 336 	 363 
i 901	 137 	 227 
i 100	 220 	 293 
i 425	 151 	 217 
i 180	 362 	 370 
i 178	 529 	 493 
i 645	 792 	 768 
i 966	 535 	 625 
i 221	 449 	 425 
i 669	 576 	 538 
i 923	 371 	 406 
i 952	 938 	 953 
i 77	 896 	 931 
i 122	 779 	 699 
i 404	 629 	 585 
i 874	 221 	 213 
i 641	 506 	 427 
i 118	 847 	 761 
i 498	 804 	 762 
i 23	 255 	 347 
i 315	 532 	 609 
i 246	 245 	 312 
i 129	 760 	 843 
i 881	 475 	 382 
i 464	 568 	 556 
i 588	 821 	 784 
i 34	 342 	 433 
i 861	 438 	 353 
i 641	 504 	 518 
i 804	 765 	 784 
i 278	 733 	 815 
i 429	 632 	 563 
i 161	 490 	 446 
i 571	 415 	 348 
i 86	 449 	 475 
i 884	 842 	 785 
i 146	 234 	 184 
i 514	 196 	 118 
i 955	 263 	 313 
i 692	 773 	 784 
i 392	 414 	 481 
i 979	 334 	 287 
i 406	 473 	 458 
i 749	 726 	 825 
i 130	 874 	 790 
i 952	 545 	 638 
i 92	 739 	 661 
i 189	 962 	 987 
i 361	 173 	 189 
i 107	 844 	 798 
i 448	 452 	 485 
i 699	 306 	 335 
i 108	 542 	 452 
i 799	 921 	 981 
i 658	 918 	 1004 
i 147	 991 	 1067 
i 853	 961 	 1056 
i 810	 172 	 104 
i 881	 728 	 733 
i 706	 357 	 383 
i 90	 600 	 515 
i 310	 304 	 359 
i 795	 878 	 955 
i 706	 925 	 962 
i 614	 748 	 716 
i 604	 688 	 686 
i 561	 585 	 553 
i 630	 564 	 494 
i 325	 710 	 616 
i 602	 288 	 336 
i 153	 849 	 915 
i 371	 919 	 847 
i 234	 723 	 810 
i 150	 621 	 649 
i 867	 342 	 293 
i 517	 647 	 719 
i 51	 194 	 178 
i 561	 499 	 409 
i 236	 635 	 610 
i 435	 666 	 761 
i 266	 436 	 362 
i 176	 287 	 287 
i 864	 412 	 459 
i 439	 356 	 433 
i 699	 927 	 977 
i 303	 267 	 221 
i 396	 143 	 107 
i 832	 519 	 595 
i 423	 565 	 488 
i 48	 900 	 910 
i 415	 881 	 944 
i 613	 998 	 1096 
i 952	 555 	 626 
i 228	 320 	 279 
i 147	 219 	 318 
i 323	 888 	 847 
i 360	 240 	 278 
i 818	 525 	 530 
i 330	 421 	 511 
i 218	 525 	 624 
i 84	 128 	 110 
i 82	 855 	 760 
i 581	 850 	 945 
i 817	 725 	 666 
i 938	 989 	 959 
i 813	 986 	 1020 
i 959	 363 	 269 
i 426	 981 	 1051 
i 774	 561 	 497 
i 242	 516 	 495 
i 261	 515 	 511 
i 99	 882 	 894 
i 930	 905 	 834 
i 622	 885 	 977 
i 610	 178 	 258 
i 596	 492 	 534 
i 879	 203 	 237 
i 858	 233 	 152 
i 365	 992 	 1066 
i 821	 265 	 188 
i 276	 620 	 595 
i 144	 161 	 155 
i 37	 663 	 643 
i 907	 793 	 698 
i 984	 759 	 786 
i 413	 671 	 617 
i 517	 418 	 340 
i 655	 128 	 222 
i 646	 216 	 183 
i 819	 993 	 924 
i 393	 207 	 193 
i 450	 541 	 556 
i 72	 963 	 985 
i 838	 434 	 438 
i 568	 457 	 458 
i 200	 135 	 218 
i 545	 342 	 329 
i 564	 442 	 360 
i 683	 416 	 463 
i 675	 715 	 726 
i 783	 854 	 943 
i 268	 350 	 329 
i 226	 862 	 855 
i 589	 518 	 479 
i 979	 982 	 1057 
i 8	 543 	 458 
i 268	 470 	 494 
i 641	 857 	 794 
i 984	 937 	 1010 
i 664	 703 	 711 
i 500	 307 	 272 
i 769	 261 	 279 
i 615	 615 	 679 
i 74	 143 	 125 
i 54	 417 	 395 
i 540	 307 	 286 
i 944	 375 	 408 
i 784	 927 	 888 
i 715	 203 	 161 
i 381	 974 	 1064 
i 602	 568 	 559 
i 771	 859 	 803 
i 339	 498 	 565 
i 375	 339 	 421 
i 720	 704 	 797 
i 941	 161 	 162 
i 239	 515 	 505 
i 157	 217 	 164 
i 261	 489 	 579 
i 232	 747 	 713 
i 746	 707 	 793 
i 588	 222 	 262 
i 25	 422 	 330 
i 282	 279 	 262 
i 948	 201 	 128 
i 7	 172 	 87 
i 461	 622 	 585 
i 580	 134 	 128 
i 6	 343 	 390 
i 722	 299 	 392 
i 393	 594 	 636 
i 519	 535 	 495 
i 869	 272 	 237 
i 59	 311 	 332 
i 161	 683 	 694 
i 230	 806 	 818 
i 805	 876 	 780 
i 831	 270 	 290 
i 94	 692 	 713 
i 306	 457 	 423 
i 849	 427 	 471 
i 327	 172 	 120 
i 508	 441 	 363 
i 733	 731 	 665 
i 377	 382 	 348 
i 159	 876 	 888 
i 21	 487 	 460 
i 201	 508 	 447 
i 854	 156 	 114 
i 244	 697 	 716 
i 600	 992 	 981 
i 670	 747 	 802 
i 42	 962 	 918 
i 739	 173 	 76 
i 44	 324 	 302 
i 905	 619 	 629 
i 330	 229 	 243 
i 776	 555 	 609 
i 827	 732 	 757 
i 488	 992 	 1066 
i 479	 635 	 629 
i 195	 144 	 72 
i 153	 833 	 769 
i 223	 196 	 280 
i 463	 211 	 304 
i 35	 562 	 636 
i 169	 164 	 104 
i 669	 674 	 769 
i 368	 473 	 534 
i 359	 143 	 101 
i 949	 918 	 972 
i 987	 450 	 543 
i 800	 577 	 500 
i 896	 741 	 709 
i 11	 673 	 733 
i 518	 644 	 711 
i 578	 531 	 432 
i 212	 711 	 746 
i 619	 692 	 601 
i 655	 520 	 500 
i 564	 782 	 752 
i 945	 580 	 548 
i 471	 550 	 478 
i 180	 657 	 564 
i 812	 961 	 870 
i 413	 787 	 800 
i 885	 645 	 573 
i 561	 652 	 622 
i 216	 365 	 459 
i 676	 405 	 430 
i 431	 765 	 703 
i 958	 190 	 117 
i 453	 493 	 514 
i 68	 618 	 675 
i 25	 651 	 671 
i 785	 693 	 596 
i 387	 307 	 387 
i 996	 435 	 427 
i 283	 750 	 785 
i 614	 727 	 697 
i 351	 398 	 455 
i 440	 570 	 618 
i 869	 693 	 632 
i 440	 346 	 298 
i 48	 160 	 117 
i 704	 695 	 609 
i 925	 709 	 701 
i 290	 621 	 612 
i 10	 143 	 190 
i 703	 745 	 715 
i 26	 171 	 211 
i 542	 869 	 797 
i 199	 641 	 543 
i 464	 817 	 807 
i 519	 163 	 163 
i 177	 420 	 361 
i 849	 486 	 412 
i 424	 895 	 879 
i 460	 413 	 399 
i 175	 181 	 107 
i 243	 496 	 427 
i 96	 234 	 274 
i 693	 362 	 441 
i 487	 375 	 347 
i 546	 779 	 855 
i 894	 337 	 248 
i 316	 520 	 601 
i 200	 637 	 603 
i 539	 122 	 180 
i 618	 505 	 598 
i 52	 623 	 564 
i 191	 764 	 724 
i 474	 499 	 598 
i 771	 409 	 405 
i 523	 732 	 638 
i 778	 628 	 712 
i 240	 680 	 628 
i 832	 598 	 585 
i 845	 893 	 988 
i 289	 708 	 727 
i 864	 678 	 707 
i 600	 864 	 931 
i 37	 246 	 208 
i 373	 243 	 159 
i 72	 674 	 695 
i 653	 700 	 677 
i 294	 633 	 657 
i 842	 847 	 838 
i 723	 348 	 308 
i 395	 329 	 347 
i 34	 860 	 851 
i 881	 548 	 459 
i 34	 405 	 323 
i 183	 683 	 675 
i 816	 757 	 764 
i 480	 408 	 345 
i 68	 751 	 747 
i 895	 418 	 383 
i 164	 824 	 733 
i 410	 203 	 191 
i 253	 728 	 723 
i 745	 244 	 215 
i 77	 294 	 272 
i 720	 375 	 390 
i 448	 788 	 766 
i 782	 376 	 450 
i 503	 544 	 632 
i 848	 974 	 1041 
i 651	 375 	 474 
i 755	 418 	 399 
i 450	 813 	 845 
i 601	 349 	 330 
i 806	 668 	 664 
i 105	 129 	 69 
i 866	 641 	 671 
i 165	 990 	 976 
i 653	 877 	 964 
i 625	 824 	 881 
i 922	 678 	 665 
i 269	 678 	 616 
i 59	 153 	 181 
i 327	 743 	 691 
i 954	 216 	 125 
i 975	 647 	 577 
i 572	 828 	 732 
i 562	 519 	 456 
i 424	 905 	 972 
i 227	 850 	 842 
i 865	 660 	 637 
i 504	 159 	 189 
i 552	 330 	 372 
i 264	 900 	 808 
i 382	 227 	 325 
i 985	 271 	 364 
i 792	 408 	 416 
i 253	 426 	 346 
i 147	 592 	 597 
i 978	 449 	 499 
i 596	 861 	 885 
i 651	 316 	 240 
i 898	 898 	 933 
i 786	 643 	 731 
i 918	 679 	 643 
i 99	 674 	 635 
i 433	 648 	 568 
i 788	 241 	 211 
i 330	 333 	 332 
i 710	 802 	 797 
i 554	 584 	 498 
i 785	 246 	 291 
i 671	 357 	 381 
i 270	 958 	 940 
i 909	 905 	 870 
i 544	 303 	 288 
i 149	 577 	 649 
i 295	 667 	 696 
i 545	 981 	 1076 
i 323	 536 	 573 
i 855	 961 	 909 
i 9	 138 	 43 
i 285	 784 	 823 
i 239	 450 	 543 
i 134	 815 	 890 
i 350	 219 	 203 
i 875	 599 	 613 
i 501	 475 	 548 
i 479	 163 	 145 
i 957	 143 	 189 
i 914	 755 	 772 
i 945	 971 	 990 
i 703	 996 	 1072 
i 85	 728 	 652 
i 877	 700 	 650 
i 999	 592 	 612 
i 548	 968 	 963 
i 958	 586 	 682 
i 17	 467 	 458 
i 54	 832 	 815 
i 779	 595 	 561 
i 747	 230 	 185 
i 743	 761 	 856 
i 439	 656 	 568 
i 102	 764 	 852 
i 644	 990 	 1078 
i 608	 639 	 637 
i 144	 176 	 165 
i 545	 159 	 151 
i 356	 567 	 570 
i 900	 938 	 897 
i 35	 343 	 252 
i 766	 589 	 646 
i 380	 571 	 516 
i 115	 629 	 594 
i 105	 578 	 672 
i 699	 526 	 542 
i 773	 962 	 1007 
i 827	 471 	 425 
i 341	 885 	 910 
i 271	 457 	 462 
i 533	 721 	 733 
i 72	 761 	 726 
i 590	 573 	 614 
i 173	 775 	 839 
i 699	 179 	 264 
i 167	 155 	 180 
i 124	 673 	 652 
i 530	 429 	 374 
i 401	 669 	 682 
i 790	 337 	 404 
i 477	 805 	 779 
i 209	 416 	 404 
i 729	 707 	 613 
i 477	 447 	 387 
i 554	 289 	 369 
i 605	 224 	 137 
i 237	 781 	 719 
i 595	 246 	 290 
i 223	 448 	 372 
i 477	 952 	 1034 
i 259	 808 	 786 
i 602	 248 	 267 
i 273	 641 	 606 
i 652	 670 	 731 
i 853	 852 	 823 
i 981	 766 	 858 
i 735	 828 	 768 
i 888	 112 	 171 
i 267	 755 	 658 
i 214	 865 	 864 
i 997	 789 	 840 
i 153	 248 	 219 
i 749	 780 	 806 
i 379	 184 	 140 
i 213	 900 	 827 
i 950	 331 	 254 
i 757	 299 	 369 
i 759	 479 	 526 
i 484	 298 	 199 
i 333	 315 	 258 
i 97	 757 	 700 
i 251	 540 	 513 
i 5	 858 	 781 
i 87	 529 	 528 
i 974	 780 	 821 
i 222	 900 	 931 
i 434	 114 	 97 
i 848	 871 	 806 
i 60	 639 	 670 
i 290	 645 	 743 
i 18	 840 	 757 
i 501	 144 	 111 
i 341	 472 	 440 
i 812	 578 	 563 
i 565	 131 	 111 
i 453	 761 	 786 
i 457	 459 	 371 
i 313	 830 	 911 
i 907	 986 	 1079 
i 509	 684 	 635 
i 329	 677 	 632 
i 367	 756 	 811 
i 774	 169 	 92 
i 300	 475 	 560 
i 323	 857 	 855 
i 55	 327 	 416 
i 447	 884 	 865 
i 256	 937 	 980 
i 241	 856 	 881 
i 885	 828 	 754 
i 523	 169 	 161 
i 250	 414 	 480 
i 316	 215 	 235 
i 725	 319 	 399 
i 565	 257 	 202 
i 808	 696 	 652 
i 678	 650 	 695 
i 608	 121 	 217 
i 447	 760 	 705 
i 255	 427 	 349 
i 320	 546 	 572 
i 661	 958 	 1034 
i 778	 807 	 746 
i 13	 456 	 541 
i 178	 371 	 369 
i 836	 573 	 532 
i 444	 823 	 918 
i 456	 582 	 599 
i 186	 568 	 474 
i 542	 768 	 725 
i 32	 867 	 888 
i 984	 542 	 495 
i 768	 439 	 348 
i 157	 616 	 527 
i 449	 550 	 497 
i 969	 986 	 900 
i 771	 363 	 366 
i 301	 343 	 437 
i 816	 863 	 794 
i 556	 893 	 932 
i 407	 259 	 305 
i 892	 799 	 842 
i 262	 148 	 144 
i 830	 189 	 217 
i 325	 241 	 159 
i 310	 451 	 363 
i 593	 516 	 582 
i 854	 974 	 900 
i 701	 949 	 1038 
i 581	 201 	 201 
i 748	 823 	 905 
i 523	 584 	 644 
i 565	 332 	 245 
i 653	 763 	 842 
i 800	 445 	 389 
i 184	 525 	 530 
i 639	 579 	 503 
i 611	 429 	 524 
i 555	 546 	 581 
i 656	 501 	 453 
i 458	 949 	 850 
i 990	 870 	 876 
i 240	 696 	 615 
i 974	 754 	 803 
i 350	 661 	 670 
i 816	 857 	 903 
i 344	 439 	 413 
i 702	 548 	 644 
i 193	 528 	 535 
i 631	 243 	 181 
i 574	 474 	 504 
i 429	 482 	 510 
i 87	 954 	 1030 
i 810	 151 	 222 
i 430	 817 	 758 
i 269	 416 	 320 
i 638	 179 	 152 
i 131	 509 	 422 
i 601	 494 	 446 
i 750	 972 	 1050 
i 160	 255 	 248 
i 577	 835 	 913 
i 526	 516 	 612 
i 571	 412 	 470 
i 366	 284 	 228 
i 709	 467 	 465 
i 786	 487 	 412 
i 235	 813 	 764 
i 666	 874 	 946 
i 635	 217 	 239 
i 798	 120 	 174 
i 612	 534 	 503 
i 69	 440 	 514 
i 408	 423 	 412 
i 603	 238 	 300 
i 4	 434 	 438 
i 428	 870 	 831 
i 218	 985 	 993 
i 77	 327 	 268 
i 196	 204 	 272 
i 207	 747 	 775 
i 683	 543 	 493 
i 54	 853 	 817 
i 405	 741 	 786 
i 548	 248 	 214 
i 912	 970 	 937 
i 767	 544 	 596 
i 751	 817 	 913 
i 994	 410 	 321 
i 100	 595 	 545 
i 815	 455 	 447 
i 302	 136 	 64 
i 137	 361 	 300 
i 845	 647 	 667 
i 1	 407 	 336 
i 966	 703 	 615 
i 454	 112 	 177 
i 249	 791 	 806 
i 586	 775 	 789 
i 131	 827 	 861 
i 519	 164 	 161 
i 547	 573 	 631 
i 828	 700 	 785 
i 432	 875 	 929 
i 765	 521 	 575 
i 431	 653 	 701 
i 434	 708 	 647 
i 200	 556 	 545 
i 947	 182 	 88 
i 753	 693 	 625 
i 813	 404 	 440 
i 333	 839 	 784 
i 996	 654 	 565 
i 857	 590 	 587 
i 319	 390 	 340 
i 929	 190 	 227 
i 601	 849 	 772 
i 103	 134 	 97 
i 184	 530 	 483 
i 839	 558 	 461 
i 169	 702 	 768 
i 987	 418 	 351 
i 599	 621 	 553 
i 139	 672 	 575 
i 453	 217 	 184 
i 542	 443 	 396 
i 373	 163 	 236 
i 400	 269 	 363 
i 872	 553 	 483 
i 376	 789 	 887 
i 41	 806 	 738 
i 388	 657 	 586 
i 961	 804 	 853 
i 593	 948 	 1025 
i 713	 965 	 933 
i 87	 376 	 452 
i 147	 614 	 565 
i 325	 497 	 528 
i 822	 471 	 476 
i 586	 608 	 688 
i 368	 603 	 692 
i 982	 747 	 713 
i 762	 880 	 838 
i 704	 656 	 733 
i 665	 556 	 576 
i 964	 859 	 896 
i 530	 754 	 820 
i 964	 982 	 913 
i 370	 677 	 773 
i 930	 258 	 271 
i 484	 172 	 259 
i 200	 123 	 206 
i 65	 419 	 455 
i 678	 681 	 658 
i 180	 581 	 491 
i 22	 226 	 129 
i 745	 837 	 846 
i 726	 689 	 691 
i 363	 831 	 907 
i 528	 815 	 877 
i 597	 430 	 389 
i 612	 373 	 371 
i 958	 301 	 312 
i 600	 906 	 853 
i 130	 359 	 342 
i 259	 404 	 391 
i 76	 418 	 354 
i 727	 903 	 985 
i 537	 468 	 422 
i 330	 361 	 421 
i 689	 194 	 173 
i 984	 456 	 358 
i 199	 896 	 989 
i 93	 504 	 517 
i 373	 716 	 755 
i 703	 199 	 290 
i 50	 589 	 495 
i 940	 754 	 806 
i 342	 674 	 633 
i 624	 917 	 942 
i 718	 740 	 703 
i 107	 205 	 165 
i 989	 214 	 213 
i 433	 187 	 205 
i 115	 693 	 786 
i 214	 425 	 458 
i 753	 387 	 430 
i 476	 417 	 448 
i 110	 204 	 104 
i 17	 468 	 493 
i 724	 137 	 105 
i 830	 419 	 408 
i 947	 686 	 673 
i 33	 241 	 315 
i 687	 768 	 865 
i 42	 737 	 677 
i 352	 442 	 532 
i 696	 191 	 177 
i 801	 777 	 785 
i 204	 777 	 788 
i 234	 444 	 400 
i 580	 749 	 671 
i 228	 260 	 171 
i 376	 651 	 569 
i 115	 538 	 593 
i 819	 526 	 590 
i 193	 705 	 639 
i 284	 665 	 738 
i 33	 158 	 192 
i 783	 639 	 713 
i 159	 245 	 166 
i 877	 496 	 533 
i 46	 596 	 679 
i 653	 649 	 607 
i 134	 731 	 712 
i 601	 535 	 480 
i 270	 376 	 359 
i 893	 530 	 570 
i 946	 414 	 461 
i 541	 121 	 124 
i 692	 899 	 934 
i 126	 995 	 1005 
i 671	 719 	 739 
i 277	 645 	 595 
i 974	 905 	 882 
i 452	 379 	 476 
i 750	 580 	 531 
i 222	 953 	 883 
i 563	 690 	 609 
i 574	 455 	 482 
i 461	 917 	 882 
i 457	 630 	 621 
i 141	 234 	 159 
i 742	 768 	 748 
i 636	 993 	 968 
i 937	 447 	 512 
i 466	 436 	 451 
i 414	 665 	 725 
i 66	 798 	 770 
i 453	 885 	 972 
i 360	 563 	 542 
i 944	 856 	 927 
i 84	 372 	 471 
i 822	 484 	 531 
i 815	 842 	 816 
i 194	 289 	 251 
i 559	 137 	 192 
i 183	 652 	 590 
i 956	 475 	 426 
i 827	 797 	 839 
i 336	 742 	 656 
i 175	 208 	 111 
i 468	 969 	 888 
i 888	 965 	 1049 
i 711	 733 	 780 
i 912	 176 	 261 
i 941	 453 	 450 
i 550	 256 	 290 
i 959	 426 	 451 
i 732	 656 	 647 
i 443	 399 	 457 
i 553	 462 	 555 
i 518	 475 	 461 
i 480	 563 	 527 
i 180	 493 	 399 
i 254	 259 	 348 
i 639	 196 	 273 
i 802	 631 	 618 
i 158	 340 	 319 
i 771	 899 	 824 
i 96	 415 	 429 
i 490	 229 	 153 
i 900	 199 	 227 
i 410	 584 	 508 
i 839	 870 	 830 
i 7	 900 	 911 
i 103	 852 	 790 
i 689	 751 	 850 
i 946	 251 	 182 
i 833	 603 	 688 
i 176	 718 	 622 
i 309	 338 	 340 
i 408	 449 	 431 
i 940	 132 	 196 
i 795	 241 	 273 
i 683	 510 	 543 
i 517	 114 	 168 
i 238	 288 	 279 
i 396	 285 	 266 
i 950	 423 	 370 
i 633	 357 	 339 
i 889	 377 	 421 
i 271	 832 	 758 
i 294	 310 	 224 
i 441	 151 	 224 
i 889	 740 	 750 
i 894	 445 	 358 
i 94	 241 	 201 
i 290	 650 	 690 
i 641	 123 	 153 
i 918	 336 	 292 
i 218	 705 	 639 
i 30	 459 	 447 
i 253	 575 	 622 
i 299	 639 	 574 
i 8	 520 	 433 
i 383	 120 	 212 
i 530	 180 	 91 
i 138	 451 	 420 
i 151	 185 	 282 
i 404	 763 	 844 
i 73	 127 	 51 
i 464	 281 	 211 
i 987	 675 	 656 
i 582	 443 	 484 
i 43	 602 	 644 
i 54	 663 	 582 
i 133	 630 	 655 
i 516	 681 	 733 
i 599	 989 	 1072 
i 334	 977 	 940 
i 352	 894 	 872 
i 543	 116 	 187 
i 179	 253 	 321 
i 552	 615 	 600 
i 105	 353 	 346 
i 726	 988 	 992 
i 311	 184 	 214 
i 952	 742 	 675 
i 939	 532 	 585 
i 915	 457 	 377 
i 796	 741 	 731 
i 802	 200 	 299 
i 962	 961 	 896 
i 529	 822 	 867 
i 802	 311 	 377 
i 789	 727 	 738 
i 872	 302 	 375 
i 582	 884 	 948 
i 57	 145 	 197 
i 446	 829 	 864 
i 156	 920 	 914 
i 256	 435 	 390 
i 213	 433 	 380 
i 14	 589 	 642 
i 239	 347 	 361 
i 931	 198 	 169 
i 148	 694 	 640 
i 17	 578 	 641 
i 57	 419 	 493 
i 864	 207 	 170 
i 775	 809 	 803 
i 141	 341 	 386 
i 503	 586 	 674 
i 41	 798 	 889 
i 307	 591 	 529 
i 405	 210 	 135 
i 61	 530 	 484 
i 587	 736 	 693 
i 934	 572 	 541 
i 44	 458 	 400 
i 829	 741 	 838 
i 88	 273 	 198 
i 623	 922 	 947 
i 396	 870 	 904 
i 936	 831 	 926 
i 49	 115 	 91 
i 520	 227 	 215 
i 224	 470 	 375 
i 743	 727 	 819 
i 135	 146 	 47 
i 843	 333 	 400 
i 27	 321 	 405 
i 939	 434 	 443 
i 793	 993 	 1081 
i 604	 700 	 775 
i 609	 680 	 765 
i 739	 130 	 119 
i 143	 523 	 557 
i 837	 549 	 532 
i 876	 516 	 525 
i 128	 522 	 500 
i 364	 377 	 361 
i 727	 309 	 280 
i 720	 795 	 725 
i 384	 744 	 795 
i 25	 637 	 610 
i 47	 573 	 494 
i 510	 971 	 920 
i 3	 680 	 597 
i 460	 160 	 252 
i 922	 649 	 566 
i 223	 999 	 989 
i 446	 484 	 420 
i 216	 803 	 883 
i 927	 939 	 896 
i 519	 723 	 684 
i 40	 159 	 130 
i 8	 253 	 326 
i 647	 473 	 546 
i 703	 549 	 514 
i 309	 515 	 465 
i 309	 594 	 588 
i 728	 997 	 1080 
i 507	 269 	 195 
i 439	 181 	 93 
i 129	 434 	 450 
i 183	 709 	 733 
i 343	 137 	 162 
i 751	 906 	 860 
i 245	 789 	 884 
i 699	 192 	 149 
i 244	 415 	 434 
i 241	 836 	 800 
i 419	 764 	 830 
i 497	 883 	 836 
i 861	 938 	 917 
i 535	 566 	 582 
i 564	 229 	 313 
i 459	 787 	 822 
i 223	 142 	 225 
i 315	 123 	 146 
i 657	 378 	 450 
i 474	 907 	 827 
i 209	 306 	 310 
i 78	 155 	 58 
i 10	 395 	 471 
i 522	 749 	 732 
i 655	 376 	 471 
i 416	 309 	 296 
i 452	 909 	 941 
i 466	 838 	 933 
i 767	 499 	 525 
i 663	 377 	 298 
i 882	 469 	 432 
i 933	 933 	 911 
i 253	 950 	 930 
i 971	 843 	 927 
i 270	 323 	 338 
i 493	 305 	 404 
i 391	 695 	 684 
i 210	 394 	 476 
i 646	 372 	 408 
i 946	 935 	 903 
i 349	 141 	 86 
i 274	 421 	 352 
i 218	 771 	 753 
i 42	 240 	 216 
i 281	 172 	 202 
i 500	 687 	 616 
i 157	 683 	 690 
i 476	 191 	 240 
i 770	 114 	 92 
i 697	 719 	 686 
i 731	 135 	 172 
i 81	 336 	 428 
i 823	 477 	 412 
i 968	 843 	 787 
i 39	 295 	 295 
i 687	 875 	 775 
i 331	 116 	 47 
i 422	 593 	 620 
i 426	 368 	 349 
i 110	 717 	 637 
i 138	 129 	 195 
i 391	 740 	 823 
i 802	 706 	 753 
i 627	 866 	 907 
i 833	 174 	 223 
i 694	 621 	 607 
i 699	 623 	 675 
i 243	 765 	 701 
i 532	 441 	 463 
i 214	 801 	 845 
i 234	 892 	 963 
i 942	 744 	 693 
i 613	 669 	 579 
i 463	 436 	 471 
i 534	 177 	 179 
i 109	 840 	 780 
i 684	 336 	 416 
i 421	 125 	 54 
i 792	 289 	 324 
i 568	 832 	 910 
i 447	 583 	 508 
i 160	 457 	 370 
i 787	 677 	 713 
i 154	 722 	 650 
i 229	 435 	 470 
i 49	 890 	 947 
i 302	 183 	 177 
i 319	 987 	 1065 
i 519	 229 	 265 
i 331	 832 	 782 
i 863	 736 	 775 
i 253	 848 	 919 
i 890	 910 	 939 
i 578	 627 	 686 
i 943	 755 	 660 
i 820	 470 	 385 
i 901	 280 	 255 
i 887	 700 	 739 
i 21	 604 	 547 
i 832	 323 	 332 
i 536	 547 	 529 
i 366	 279 	 311 
i 265	 154 	 164 
i 845	 728 	 654 
i 570	 550 	 464 
i 974	 575 	 654 
i 166	 644 	 703 
i 828	 981 	 1017 
i 383	 712 	 753 
i 621	 904 	 911 
i 113	 502 	 416 
i 303	 867 	 854 
i 351	 568 	 608 
i 46	 171 	 180 
i 540	 287 	 210 
i 63	 354 	 272 
i 663	 261 	 212 
i 641	 969 	 886 
i 318	 689 	 682 
i 211	 426 	 344 
i 651	 904 	 844 
i 503	 969 	 970 
i 18	 469 	 540 
i 85	 205 	 285 
i 284	 691 	 679 
i 557	 796 	 797 
i 726	 878 	 811 
i 691	 218 	 279 
i 342	 294 	 219 
i 697	 710 	 677 
i 589	 790 	 887 
i 555	 970 	 968 
i 958	 530 	 531 
i 65	 403 	 421 
i 717	 315 	 390 
i 488	 708 	 694 
i 352	 269 	 201 
i 472	 418 	 488 
i 678	 248 	 186 
i 353	 361 	 439 
i 117	 660 	 656 
i 85	 650 	 556 
i 556	 198 	 296 
i 884	 650 	 561 
i 116	 288 	 342 
i 788	 179 	 131 
i 965	 565 	 587 
i 312	 707 	 624 
i 466	 575 	 627 
i 747	 747 	 670 
i 366	 650 	 596 
i 973	 188 	 151 
i 72	 219 	 293 
i 678	 213 	 264 
i 878	 264 	 339 
i 955	 952 	 984 
i 467	 297 	 322 
i 138	 844 	 932 
i 661	 920 	 901 
i 377	 711 	 641 
i 984	 815 	 818 
i 72	 135 	 133 
i 194	 418 	 430 
i 309	 306 	 254 
i 482	 982 	 906 
i 429	 871 	 786 
i 639	 571 	 579 
i 464	 241 	 277 
i 375	 188 	 156 
i 51	 549 	 592 
i 843	 686 	 726 
i 870	 259 	 314 
i 216	 697 	 790 
i 436	 310 	 265 
i 416	 526 	 578 
i 271	 634 	 571 
i 789	 703 	 768 
i 936	 297 	 255 
i 24	 903 	 936 
i 517	 318 	 361 
i 164	 958 	 969 
i 331	 695 	 680 
i 991	 495 	 523 
i 216	 468 	 384 
i 683	 715 	 714 
i 273	 502 	 555 
i 938	 670 	 681 
i 149	 517 	 515 
i 40	 776 	 779 
i 273	 479 	 385 
i 227	 226 	 165 
i 883	 723 	 728 
i 316	 216 	 219 
i 717	 789 	 835 
i 398	 861 	 844 
i 838	 413 	 451 
i 467	 206 	 231 
i 924	 700 	 755 
i 673	 249 	 312 
i 87	 708 	 626 
i 217	 737 	 700 
i 906	 912 	 852 
i 26	 492 	 495 
i 788	 953 	 899 
i 632	 717 	 743 
i 972	 200 	 194 
i 80	 814 	 901 
i 742	 485 	 557 
i 898	 288 	 294 
i 570	 126 	 150 
i 275	 207 	 274 
i 176	 489 	 538 
i 604	 667 	 721 
i 552	 237 	 248 
i 234	 445 	 383 
i 334	 118 	 50 
i 126	 536 	 484 
i 546	 480 	 577 
i 745	 357 	 433 
i 762	 833 	 823 
i 870	 496 	 541 
i 296	 353 	 433 
i 921	 127 	 128 
i 64	 812 	 723 
i 440	 420 	 378 
i 448	 590 	 615 
i 926	 735 	 785 
i 342	 951 	 910 
i 619	 938 	 846 
i 432	 835 	 896 
i 865	 349 	 384 
i 139	 996 	 1090 
i 157	 910 	 988 
i 945	 472 	 563 
i 293	 525 	 504 
i 832	 785 	 853 
i 535	 453 	 507 
i 481	 233 	 155 
i 412	 498 	 544 
i 227	 536 	 468 
i 495	 363 	 268 
i 491	 964 	 897 
i 390	 939 	 903 
i 797	 844 	 797 
i 264	 805 	 817 
i 23	 268 	 246 
i 408	 130 	 215 
i 546	 814 	 795 
i 981	 914 	 978 
i 460	 675 	 584 
i 744	 819 	 827 
i 705	 844 	 750 
i 636	 992 	 976 
i 461	 390 	 334 
i 242	 628 	 624 
i 419	 238 	 239 
i 441	 588 	 670 
i 233	 525 	 517 
i 136	 889 	 877 
i 770	 731 	 811 
i 568	 774 	 803 
i 393	 368 	 338 
i 385	 398 	 495 
i 700	 775 	 764 
i 283	 971 	 1009 
i 426	 513 	 435 
i 963	 963 	 973 
i 429	 887 	 943 
i 305	 408 	 491 
i 3	 801 	 838 
i 749	 714 	 665 
i 39	 399 	 429 
i 362	 712 	 619 
i 109	 701 	 747 
i 77	 211 	 114 
i 529	 826 	 814 
i 488	 924 	 905 
i 362	 525 	 592 
i 696	 332 	 260 
i 473	 260 	 188 
i 152	 873 	 951 
i 476	 213 	 299 
i 153	 791 	 749 
i 817	 822 	 802 
i 930	 586 	 581 
i 735	 602 	 503 
i 650	 996 	 994 
i 116	 468 	 539 
i 365	 322 	 332 
i 533	 447 	 352 
i 391	 574 	 509 
i 506	 478 	 508 
i 271	 417 	 478 
i 71	 677 	 701 
i 606	 144 	 154 
i 159	 569 	 527 
i 155	 575 	 663 
i 557	 126 	 37 
i 795	 888 	 872 
i 174	 491 	 581 
i 695	 514 	 483 
i 109	 672 	 742 
i 453	 364 	 288 
i 91	 192 	 130 
i 129	 747 	 806 
i 644	 352 	 443 
i 167	 610 	 532 
i 185	 556 	 590 
i 60	 606 	 599 
i 487	 981 	 1008 
i 941	 940 	 906 
i 573	 359 	 347 
i 858	 227 	 306 
i 950	 336 	 433 
i 667	 508 	 431 
i 938	 331 	 383 
i 500	 294 	 379 
i 2	 394 	 316 
i 559	 991 	 925 
i 538	 516 	 547 
i 471	 195 	 214 
i 750	 493 	 427 
i 881	 887 	 793 
i 136	 796 	 892 
i 583	 784 	 813 
i 830	 887 	 904 
i 37	 674 	 591 
i 356	 609 	 526 
i 346	 709 	 738 
i 802	 861 	 797 
i 897	 558 	 589 
i 327	 202 	 183 
i 201	 356 	 313 
i 971	 383 	 367 
i 729	 367 	 268 
i 603	 944 	 1011 
i 238	 576 	 650 
i 799	 653 	 599 
i 472	 731 	 746 
i 317	 417 	 392 
i 819	 581 	 536 
i 922	 275 	 295 
i 199	 636 	 696 
i 505	 893 	 947 
i 794	 380 	 380 
i 731	 386 	 307 
i 255	 241 	 210 
i 865	 129 	 57 
i 564	 333 	 356 
i 909	 846 	 932 
i 439	 293 	 343 
i 624	 538 	 573 
i 216	 184 	 258 
i 95	 898 	 873 
i 398	 698 	 632 
i 707	 257 	 337 
i 854	 353 	 284 
i 874	 660 	 564 
i 126	 788 	 805 
i 952	 446 	 445 
i 158	 387 	 474 
i 638	 167 	 178 
i 721	 767 	 822 
i 607	 655 	 729 
i 268	 992 	 945 
i 433	 256 	 351 
i 705	 170 	 236 
i 323	 312 	 352 
c
c
W 489922
c end of file