c Instance Type c
c
n 2000
c w	 v1	 v2
i 453	 693 	 763 
i 813	 832 	 879 
i 608	 223 	 167 
i 49	 550 	 518 
i 451	 378 	 412 
i 922	 134 	 197 
i 455	 651 	 659 
i 478	 571 	 482 
i 7	 694 	 595 
i 562	 810 	 746 
i 218	 922 	 949 
i 29	 790 	 779 
i 156	 559 	 470 
i 650	 757 	 678 
i 951	 173 	 184 
i 977	 771 	 767 
i 586	 610 	 697 
i 105	 202 	 184 
i 760	 254 	 237 
i 548	 261 	 357 
i 461	 424 	 363 
i 226	 990 	 935 
i 730	 500 	 476 
i 458	 551 	 457 
i 528	 645 	 741 
i 271	 251 	 343 
i 832	 678 	 687 
i 935	 621 	 651 
i 97	 987 	 969 
i 266	 471 	 563 
i 619	 454 	 438 
i 608	 631 	 660 
i 47	 833 	 808 
i 542	 285 	 351 
i 144	 315 	 287 
i 302	 301 	 327 
i 940	 267 	 260 
i 514	 755 	 735 
i 501	 446 	 445 
i 906	 814 	 866 
i 293	 779 	 755 
i 878	 265 	 363 
i 691	 840 	 747 
i 888	 286 	 301 
i 118	 139 	 183 
i 332	 462 	 366 
i 508	 136 	 229 
i 233	 551 	 546 
i 610	 907 	 1003 
i 402	 460 	 537 
i 154	 250 	 185 
i 327	 590 	 501 
i 148	 583 	 632 
i 345	 616 	 643 
i 377	 242 	 293 
i 772	 885 	 802 
i 801	 907 	 926 
i 297	 877 	 942 
i 193	 414 	 401 
i 586	 396 	 463 
i 743	 296 	 394 
i 284	 456 	 419 
i 814	 507 	 500 
i 383	 285 	 347 
i 531	 852 	 789 
i 403	 635 	 727 
i 299	 713 	 765 
i 161	 353 	 264 
i 502	 200 	 150 
i 824	 589 	 656 
i 33	 447 	 463 
i 421	 441 	 514 
i 867	 725 	 760 
i 64	 251 	 163 
i 898	 973 	 991 
i 489	 252 	 351 
i 166	 217 	 176 
i 438	 895 	 886 
i 539	 948 	 1039 
i 78	 284 	 340 
i 456	 140 	 203 
i 827	 658 	 605 
i 518	 538 	 458 
i 676	 254 	 187 
i 646	 309 	 222 
i 804	 837 	 847 
i 924	 835 	 879 
i 807	 209 	 140 
i 749	 615 	 654 
i 944	 579 	 634 
i 977	 387 	 333 
i 593	 224 	 135 
i 75	 434 	 449 
i 235	 527 	 477 
i 459	 676 	 755 
i 277	 735 	 775 
i 91	 339 	 364 
i 202	 980 	 966 
i 769	 232 	 168 
i 297	 853 	 778 
i 608	 653 	 574 
i 735	 858 	 897 
i 99	 909 	 963 
i 567	 532 	 433 
i 204	 756 	 749 
i 905	 666 	 714 
i 163	 402 	 468 
i 141	 960 	 867 
i 278	 457 	 517 
i 113	 621 	 541 
i 722	 735 	 776 
i 563	 829 	 817 
i 461	 561 	 569 
i 935	 358 	 280 
i 662	 365 	 327 
i 287	 780 	 723 
i 614	 551 	 527 
i 569	 403 	 407 
i 959	 435 	 495 
i 534	 261 	 343 
i 236	 351 	 378 
i 44	 982 	 921 
i 550	 488 	 519 
i 829	 971 	 990 
i 116	 180 	 131 
i 868	 459 	 467 
i 364	 655 	 586 
i 693	 995 	 1040 
i 58	 571 	 608 
i 228	 394 	 337 
i 499	 317 	 308 
i 479	 882 	 881 
i 903	 170 	 80 
i 871	 756 	 831 
i 950	 396 	 494 
i 343	 625 	 697 
i 954	 218 	 163 
i 949	 358 	 441 
i 467	 115 	 210 
i 786	 725 	 666 
i 19	 921 	 961 
i 887	 437 	 373 
i 953	 882 	 799 
i 680	 926 	 1017 
i 2	 819 	 900 
i 579	 814 	 764 
i 701	 692 	 632 
i 979	 893 	 823 
i 985	 822 	 846 
i 676	 802 	 783 
i 588	 985 	 970 
i 955	 722 	 684 
i 822	 884 	 837 
i 740	 961 	 1050 
i 536	 924 	 1013 
i 328	 842 	 847 
i 981	 175 	 120 
i 861	 357 	 298 
i 661	 494 	 432 
i 440	 157 	 231 
i 423	 520 	 511 
i 111	 899 	 881 
i 980	 289 	 236 
i 937	 527 	 622 
i 851	 480 	 482 
i 674	 435 	 502 
i 746	 904 	 968 
i 24	 219 	 255 
i 455	 405 	 373 
i 508	 577 	 633 
i 967	 462 	 403 
i 854	 869 	 832 
i 56	 348 	 307 
i 524	 558 	 504 
i 939	 537 	 453 
i 304	 992 	 1043 
i 197	 850 	 851 
i 319	 691 	 696 
i 650	 408 	 504 
i 175	 714 	 712 
i 570	 521 	 512 
i 423	 704 	 666 
i 690	 985 	 958 
i 193	 360 	 438 
i 672	 568 	 634 
i 664	 643 	 570 
i 496	 429 	 395 
i 149	 878 	 908 
i 484	 459 	 419 
i 163	 445 	 440 
i 624	 882 	 791 
i 293	 402 	 396 
i 277	 681 	 613 
i 557	 121 	 91 
i 72	 915 	 820 
i 670	 766 	 803 
i 29	 888 	 825 
i 891	 296 	 262 
i 284	 877 	 940 
i 660	 257 	 352 
i 528	 682 	 702 
i 856	 724 	 803 
i 498	 254 	 188 
i 510	 397 	 443 
i 415	 711 	 771 
i 153	 734 	 728 
i 28	 458 	 458 
i 236	 623 	 601 
i 98	 920 	 955 
i 263	 757 	 724 
i 906	 739 	 811 
i 597	 387 	 430 
i 758	 295 	 238 
i 81	 449 	 494 
i 755	 209 	 137 
i 457	 921 	 879 
i 848	 452 	 416 
i 424	 896 	 907 
i 335	 355 	 386 
i 63	 956 	 1039 
i 769	 365 	 430 
i 81	 244 	 228 
i 289	 884 	 820 
i 669	 188 	 140 
i 780	 835 	 738 
i 692	 961 	 955 
i 76	 334 	 298 
i 959	 621 	 670 
i 235	 228 	 144 
i 186	 812 	 740 
i 472	 740 	 822 
i 622	 585 	 683 
i 492	 961 	 917 
i 579	 232 	 322 
i 394	 464 	 510 
i 352	 478 	 462 
i 603	 899 	 898 
i 178	 295 	 286 
i 310	 958 	 996 
i 99	 141 	 216 
i 807	 267 	 237 
i 342	 189 	 283 
i 298	 183 	 176 
i 435	 433 	 341 
i 832	 389 	 376 
i 246	 149 	 207 
i 133	 525 	 503 
i 341	 968 	 982 
i 295	 486 	 562 
i 329	 213 	 308 
i 505	 994 	 1051 
i 593	 417 	 342 
i 674	 394 	 379 
i 37	 807 	 879 
i 350	 846 	 884 
i 393	 347 	 434 
i 859	 161 	 75 
i 823	 510 	 492 
i 245	 129 	 170 
i 360	 912 	 819 
i 354	 893 	 901 
i 699	 704 	 630 
i 18	 818 	 879 
i 800	 307 	 375 
i 628	 183 	 121 
i 895	 800 	 817 
i 951	 745 	 734 
i 401	 809 	 762 
i 422	 287 	 289 
i 323	 916 	 990 
i 204	 947 	 892 
i 871	 539 	 624 
i 666	 657 	 745 
i 887	 486 	 534 
i 969	 347 	 321 
i 745	 518 	 471 
i 459	 150 	 93 
i 245	 546 	 569 
i 443	 784 	 692 
i 349	 351 	 323 
i 291	 238 	 251 
i 772	 440 	 427 
i 387	 373 	 294 
i 809	 322 	 420 
i 75	 983 	 1075 
i 534	 424 	 465 
i 578	 661 	 594 
i 69	 854 	 836 
i 826	 516 	 587 
i 98	 553 	 494 
i 242	 877 	 876 
i 612	 493 	 446 
i 907	 883 	 914 
i 145	 977 	 969 
i 126	 972 	 979 
i 478	 939 	 853 
i 98	 680 	 710 
i 934	 829 	 873 
i 390	 307 	 316 
i 887	 179 	 207 
i 749	 361 	 438 
i 180	 802 	 801 
i 49	 152 	 132 
i 24	 735 	 744 
i 992	 259 	 294 
i 924	 739 	 669 
i 566	 804 	 754 
i 374	 495 	 432 
i 595	 246 	 261 
i 672	 732 	 724 
i 954	 416 	 358 
i 733	 315 	 293 
i 779	 757 	 745 
i 481	 227 	 219 
i 648	 716 	 707 
i 356	 427 	 403 
i 137	 564 	 653 
i 569	 787 	 751 
i 721	 952 	 1035 
i 421	 575 	 592 
i 764	 987 	 995 
i 994	 287 	 242 
i 721	 636 	 547 
i 852	 138 	 145 
i 533	 551 	 488 
i 889	 957 	 965 
i 400	 406 	 441 
i 161	 359 	 308 
i 108	 644 	 737 
i 630	 570 	 547 
i 616	 204 	 134 
i 815	 687 	 616 
i 406	 933 	 1006 
i 437	 982 	 1026 
i 932	 571 	 521 
i 884	 736 	 664 
i 218	 328 	 336 
i 497	 931 	 971 
i 97	 260 	 322 
i 613	 232 	 220 
i 718	 577 	 488 
i 367	 713 	 787 
i 292	 844 	 799 
i 273	 727 	 770 
i 790	 479 	 509 
i 494	 705 	 711 
i 739	 833 	 883 
i 661	 428 	 377 
i 830	 165 	 134 
i 966	 888 	 979 
i 491	 392 	 427 
i 169	 445 	 353 
i 993	 333 	 299 
i 687	 582 	 603 
i 102	 330 	 309 
i 771	 908 	 986 
i 584	 494 	 519 
i 940	 274 	 232 
i 3	 494 	 418 
i 876	 801 	 718 
i 194	 764 	 779 
i 569	 476 	 525 
i 819	 514 	 561 
i 350	 812 	 797 
i 597	 463 	 468 
i 494	 816 	 775 
i 925	 719 	 795 
i 110	 390 	 454 
i 541	 648 	 713 
i 318	 756 	 796 
i 54	 834 	 913 
i 464	 459 	 452 
i 918	 233 	 190 
i 707	 891 	 917 
i 104	 381 	 327 
i 896	 851 	 896 
i 581	 229 	 259 
i 895	 125 	 177 
i 500	 858 	 818 
i 226	 704 	 727 
i 40	 440 	 474 
i 431	 348 	 275 
i 569	 762 	 673 
i 447	 127 	 179 
i 752	 691 	 764 
i 585	 897 	 949 
i 718	 653 	 621 
i 735	 343 	 290 
i 576	 129 	 176 
i 244	 397 	 490 
i 615	 948 	 848 
i 882	 657 	 644 
i 615	 779 	 680 
i 633	 828 	 818 
i 287	 617 	 557 
i 172	 499 	 556 
i 781	 288 	 289 
i 43	 594 	 542 
i 64	 807 	 870 
i 387	 575 	 487 
i 329	 544 	 579 
i 943	 548 	 559 
i 695	 936 	 870 
i 503	 940 	 1001 
i 73	 453 	 372 
i 510	 635 	 588 
i 710	 447 	 356 
i 254	 898 	 816 
i 38	 225 	 156 
i 560	 953 	 961 
i 48	 120 	 194 
i 540	 723 	 785 
i 468	 331 	 332 
i 402	 486 	 388 
i 787	 316 	 232 
i 377	 401 	 419 
i 756	 638 	 598 
i 642	 681 	 692 
i 771	 762 	 781 
i 719	 900 	 831 
i 730	 493 	 433 
i 419	 378 	 426 
i 667	 212 	 154 
i 90	 665 	 687 
i 321	 676 	 656 
i 648	 751 	 806 
i 242	 391 	 397 
i 883	 661 	 596 
i 617	 268 	 357 
i 506	 798 	 831 
i 935	 936 	 915 
i 237	 227 	 290 
i 351	 888 	 884 
i 974	 186 	 200 
i 610	 731 	 809 
i 331	 198 	 206 
i 646	 890 	 946 
i 266	 475 	 508 
i 443	 632 	 588 
i 216	 585 	 642 
i 145	 289 	 333 
i 276	 642 	 734 
i 151	 478 	 440 
i 236	 907 	 864 
i 934	 527 	 606 
i 33	 432 	 377 
i 909	 913 	 987 
i 320	 719 	 646 
i 906	 422 	 438 
i 440	 674 	 733 
i 641	 486 	 574 
i 239	 241 	 185 
i 653	 206 	 180 
i 549	 483 	 504 
i 17	 738 	 746 
i 378	 647 	 661 
i 280	 850 	 846 
i 964	 738 	 798 
i 316	 862 	 903 
i 949	 492 	 421 
i 372	 313 	 371 
i 519	 263 	 168 
i 626	 459 	 495 
i 46	 788 	 734 
i 752	 438 	 387 
i 355	 918 	 943 
i 187	 539 	 620 
i 892	 968 	 1042 
i 738	 792 	 729 
i 168	 533 	 460 
i 395	 666 	 667 
i 566	 480 	 385 
i 958	 506 	 536 
i 720	 224 	 263 
i 89	 430 	 420 
i 996	 650 	 711 
i 479	 318 	 416 
i 443	 235 	 311 
i 210	 121 	 145 
i 685	 287 	 345 
i 310	 407 	 344 
i 724	 859 	 909 
i 170	 882 	 924 
i 298	 573 	 559 
i 656	 305 	 308 
i 264	 706 	 709 
i 498	 533 	 631 
i 638	 526 	 513 
i 649	 424 	 453 
i 847	 978 	 944 
i 182	 792 	 820 
i 23	 957 	 930 
i 890	 737 	 743 
i 411	 479 	 545 
i 630	 862 	 859 
i 299	 434 	 484 
i 774	 892 	 842 
i 242	 887 	 964 
i 594	 387 	 394 
i 570	 961 	 937 
i 337	 366 	 379 
i 289	 936 	 953 
i 992	 371 	 366 
i 407	 847 	 925 
i 253	 698 	 702 
i 616	 243 	 306 
i 495	 912 	 930 
i 369	 246 	 313 
i 679	 146 	 131 
i 636	 624 	 723 
i 924	 966 	 933 
i 852	 580 	 604 
i 146	 215 	 238 
i 974	 641 	 546 
i 635	 544 	 499 
i 784	 118 	 196 
i 686	 846 	 823 
i 838	 485 	 536 
i 878	 339 	 326 
i 456	 721 	 635 
i 419	 721 	 820 
i 947	 131 	 201 
i 65	 687 	 786 
i 662	 347 	 441 
i 150	 369 	 390 
i 159	 616 	 594 
i 986	 521 	 436 
i 408	 867 	 950 
i 665	 652 	 710 
i 352	 152 	 102 
i 39	 218 	 251 
i 62	 216 	 239 
i 710	 973 	 1009 
i 975	 970 	 938 
i 267	 945 	 943 
i 835	 595 	 625 
i 298	 943 	 970 
i 149	 122 	 31 
i 758	 936 	 978 
i 804	 753 	 665 
i 924	 976 	 896 
i 44	 683 	 615 
i 14	 342 	 416 
i 981	 948 	 1018 
i 919	 365 	 288 
i 465	 804 	 894 
i 401	 494 	 444 
i 414	 173 	 152 
i 343	 214 	 145 
i 66	 846 	 938 
i 40	 903 	 980 
i 683	 994 	 1079 
i 943	 251 	 339 
i 886	 140 	 224 
i 172	 895 	 963 
i 951	 999 	 960 
i 383	 957 	 999 
i 453	 291 	 215 
i 569	 646 	 639 
i 397	 786 	 792 
i 289	 751 	 765 
i 283	 650 	 601 
i 441	 588 	 528 
i 474	 538 	 455 
i 357	 470 	 421 
i 356	 332 	 274 
i 309	 607 	 625 
i 511	 350 	 259 
i 114	 461 	 484 
i 873	 877 	 779 
i 594	 462 	 422 
i 201	 972 	 988 
i 737	 311 	 215 
i 218	 490 	 489 
i 622	 567 	 637 
i 871	 797 	 738 
i 431	 984 	 987 
i 700	 622 	 527 
i 95	 663 	 591 
i 955	 321 	 224 
i 351	 332 	 353 
i 320	 599 	 661 
i 545	 228 	 237 
i 971	 249 	 301 
i 485	 691 	 668 
i 258	 560 	 511 
i 240	 747 	 784 
i 815	 319 	 296 
i 436	 345 	 341 
i 673	 473 	 461 
i 921	 487 	 545 
i 471	 140 	 62 
i 603	 861 	 892 
i 758	 458 	 483 
i 411	 250 	 172 
i 917	 594 	 568 
i 633	 824 	 846 
i 867	 548 	 533 
i 131	 895 	 967 
i 538	 436 	 443 
i 961	 828 	 819 
i 995	 642 	 727 
i 839	 741 	 747 
i 231	 435 	 392 
i 387	 994 	 1033 
i 931	 206 	 229 
i 734	 535 	 484 
i 227	 190 	 113 
i 109	 568 	 517 
i 476	 446 	 503 
i 283	 922 	 971 
i 880	 439 	 487 
i 589	 374 	 390 
i 954	 845 	 907 
i 947	 213 	 153 
i 55	 834 	 760 
i 532	 493 	 565 
i 621	 714 	 632 
i 137	 817 	 757 
i 513	 147 	 182 
i 426	 845 	 936 
i 795	 620 	 687 
i 92	 391 	 376 
i 918	 909 	 885 
i 34	 742 	 707 
i 847	 920 	 896 
i 278	 147 	 230 
i 956	 916 	 923 
i 751	 997 	 1031 
i 792	 287 	 224 
i 619	 888 	 910 
i 193	 851 	 832 
i 508	 707 	 706 
i 406	 199 	 182 
i 117	 538 	 528 
i 27	 831 	 790 
i 69	 283 	 298 
i 974	 209 	 215 
i 972	 686 	 642 
i 171	 396 	 311 
i 45	 563 	 601 
i 877	 218 	 295 
i 549	 581 	 560 
i 648	 137 	 197 
i 130	 509 	 592 
i 940	 910 	 998 
i 135	 287 	 189 
i 245	 800 	 897 
i 892	 384 	 475 
i 214	 636 	 561 
i 722	 704 	 638 
i 844	 433 	 343 
i 374	 332 	 352 
i 403	 684 	 633 
i 851	 507 	 482 
i 750	 433 	 396 
i 949	 383 	 373 
i 724	 394 	 433 
i 33	 382 	 399 
i 624	 346 	 406 
i 292	 461 	 466 
i 654	 616 	 589 
i 904	 661 	 709 
i 549	 306 	 235 
i 994	 526 	 625 
i 358	 862 	 911 
i 665	 255 	 294 
i 983	 657 	 641 
i 290	 388 	 378 
i 555	 912 	 827 
i 949	 738 	 712 
i 517	 316 	 220 
i 137	 645 	 730 
i 356	 417 	 412 
i 823	 547 	 541 
i 669	 545 	 611 
i 832	 321 	 319 
i 447	 941 	 936 
i 759	 428 	 481 
i 661	 832 	 796 
i 367	 902 	 856 
i 599	 342 	 399 
i 201	 364 	 449 
i 545	 300 	 256 
i 37	 725 	 646 
i 526	 256 	 310 
i 763	 994 	 1015 
i 698	 545 	 455 
i 55	 970 	 1032 
i 866	 765 	 759 
i 755	 163 	 231 
i 16	 405 	 393 
i 301	 218 	 246 
i 514	 152 	 89 
i 205	 403 	 347 
i 369	 497 	 546 
i 362	 297 	 299 
i 850	 836 	 778 
i 818	 884 	 836 
i 554	 717 	 643 
i 613	 250 	 327 
i 944	 998 	 1078 
i 66	 501 	 441 
i 113	 182 	 225 
i 442	 347 	 431 
i 876	 546 	 504 
i 87	 323 	 353 
i 902	 778 	 778 
i 772	 965 	 929 
i 455	 311 	 386 
i 612	 427 	 424 
i 611	 326 	 312 
i 50	 239 	 238 
i 130	 419 	 441 
i 396	 168 	 78 
i 885	 987 	 1072 
i 124	 357 	 260 
i 875	 937 	 1020 
i 836	 496 	 533 
i 62	 782 	 710 
i 418	 671 	 722 
i 660	 217 	 190 
i 805	 601 	 584 
i 153	 155 	 164 
i 217	 698 	 786 
i 204	 744 	 809 
i 480	 681 	 771 
i 410	 694 	 759 
i 843	 621 	 653 
i 599	 345 	 390 
i 230	 474 	 402 
i 349	 258 	 318 
i 901	 585 	 606 
i 951	 957 	 1009 
i 612	 555 	 650 
i 325	 505 	 441 
i 966	 353 	 385 
i 623	 311 	 225 
i 198	 159 	 242 
i 462	 749 	 751 
i 871	 505 	 553 
i 38	 632 	 550 
i 571	 458 	 556 
i 523	 999 	 1088 
i 24	 788 	 799 
i 467	 769 	 845 
i 739	 931 	 1001 
i 964	 631 	 625 
i 19	 696 	 730 
i 737	 621 	 547 
i 181	 190 	 90 
i 767	 852 	 760 
i 159	 935 	 957 
i 159	 931 	 858 
i 920	 883 	 814 
i 660	 490 	 515 
i 583	 387 	 359 
i 169	 254 	 219 
i 827	 675 	 644 
i 402	 382 	 299 
i 491	 500 	 453 
i 325	 503 	 409 
i 253	 540 	 478 
i 175	 195 	 164 
i 44	 316 	 269 
i 471	 458 	 544 
i 782	 125 	 127 
i 943	 449 	 485 
i 578	 742 	 744 
i 883	 163 	 245 
i 322	 238 	 218 
i 763	 475 	 520 
i 247	 504 	 599 
i 342	 675 	 605 
i 573	 986 	 925 
i 963	 337 	 370 
i 979	 275 	 265 
i 361	 731 	 709 
i 71	 449 	 543 
i 129	 903 	 974 
i 273	 824 	 759 
i 682	 293 	 381 
i 126	 940 	 877 
i 760	 922 	 927 
i 744	 170 	 90 
i 998	 347 	 260 
i 184	 942 	 851 
i 881	 454 	 435 
i 263	 805 	 800 
i 155	 781 	 802 
i 957	 653 	 728 
i 163	 811 	 823 
i 96	 759 	 796 
i 8	 926 	 915 
i 75	 508 	 446 
i 341	 600 	 538 
i 276	 660 	 634 
i 661	 701 	 652 
i 443	 174 	 177 
i 197	 599 	 633 
i 806	 250 	 275 
i 594	 143 	 201 
i 324	 642 	 719 
i 241	 365 	 444 
i 688	 762 	 856 
i 239	 933 	 895 
i 856	 214 	 231 
i 521	 546 	 495 
i 593	 773 	 811 
i 143	 345 	 422 
i 299	 943 	 981 
i 336	 614 	 571 
i 933	 429 	 451 
i 220	 330 	 400 
i 953	 237 	 245 
i 878	 211 	 267 
i 994	 488 	 515 
i 484	 120 	 51 
i 229	 341 	 391 
i 493	 955 	 1033 
i 429	 855 	 793 
i 995	 583 	 588 
i 354	 839 	 831 
i 600	 494 	 530 
i 743	 364 	 391 
i 856	 845 	 847 
i 281	 650 	 651 
i 292	 327 	 425 
i 550	 468 	 412 
i 501	 247 	 289 
i 338	 153 	 81 
i 869	 325 	 252 
i 689	 796 	 794 
i 122	 318 	 236 
i 406	 926 	 993 
i 233	 602 	 640 
i 839	 170 	 264 
i 83	 623 	 575 
i 485	 617 	 679 
i 639	 814 	 776 
i 687	 560 	 590 
i 928	 688 	 692 
i 700	 811 	 753 
i 933	 360 	 326 
i 850	 443 	 490 
i 403	 297 	 391 
i 471	 912 	 974 
i 48	 887 	 965 
i 616	 232 	 207 
i 408	 956 	 859 
i 913	 346 	 387 
i 563	 927 	 953 
i 352	 502 	 468 
i 632	 691 	 644 
i 7	 987 	 910 
i 216	 756 	 760 
i 117	 731 	 829 
i 990	 564 	 471 
i 127	 470 	 501 
i 78	 807 	 719 
i 343	 823 	 918 
i 262	 562 	 569 
i 702	 236 	 314 
i 355	 533 	 537 
i 341	 772 	 777 
i 68	 877 	 926 
i 765	 451 	 523 
i 276	 445 	 515 
i 679	 480 	 575 
i 463	 174 	 85 
i 265	 230 	 210 
i 772	 210 	 242 
i 913	 690 	 662 
i 390	 593 	 636 
i 134	 169 	 80 
i 995	 640 	 565 
i 379	 414 	 492 
i 754	 291 	 224 
i 171	 160 	 229 
i 242	 142 	 104 
i 377	 193 	 208 
i 488	 550 	 519 
i 140	 249 	 201 
i 682	 573 	 603 
i 748	 323 	 379 
i 344	 376 	 431 
i 685	 489 	 420 
i 888	 394 	 476 
i 944	 544 	 460 
i 980	 409 	 373 
i 74	 685 	 725 
i 568	 308 	 245 
i 724	 617 	 582 
i 244	 849 	 751 
i 483	 539 	 590 
i 782	 348 	 268 
i 208	 152 	 209 
i 527	 292 	 327 
i 15	 215 	 239 
i 351	 288 	 308 
i 996	 577 	 611 
i 219	 311 	 259 
i 788	 479 	 572 
i 619	 771 	 713 
i 102	 780 	 818 
i 369	 565 	 560 
i 415	 656 	 692 
i 620	 466 	 408 
i 737	 178 	 123 
i 937	 730 	 745 
i 462	 375 	 389 
i 688	 975 	 1033 
i 103	 302 	 317 
i 845	 272 	 211 
i 599	 459 	 419 
i 111	 186 	 219 
i 723	 609 	 525 
i 124	 328 	 368 
i 200	 515 	 503 
i 897	 716 	 691 
i 195	 339 	 406 
i 168	 848 	 853 
i 383	 663 	 689 
i 564	 289 	 284 
i 956	 465 	 379 
i 43	 732 	 669 
i 603	 438 	 519 
i 847	 513 	 419 
i 302	 250 	 196 
i 983	 643 	 568 
i 241	 979 	 943 
i 71	 836 	 834 
i 691	 417 	 491 
i 891	 977 	 964 
i 291	 511 	 490 
i 989	 578 	 565 
i 359	 742 	 650 
i 811	 661 	 738 
i 969	 690 	 628 
i 567	 897 	 831 
i 544	 123 	 105 
i 361	 412 	 408 
i 705	 849 	 784 
i 679	 738 	 651 
i 130	 240 	 211 
i 655	 592 	 561 
i 366	 981 	 1022 
i 984	 128 	 131 
i 636	 918 	 915 
i 521	 198 	 108 
i 536	 352 	 371 
i 874	 720 	 811 
i 705	 261 	 293 
i 411	 417 	 385 
i 556	 476 	 470 
i 98	 794 	 719 
i 77	 213 	 211 
i 97	 840 	 835 
i 5	 411 	 333 
i 103	 843 	 870 
i 375	 890 	 824 
i 61	 533 	 442 
i 230	 495 	 545 
i 575	 196 	 128 
i 986	 501 	 544 
i 755	 920 	 983 
i 871	 145 	 223 
i 692	 583 	 680 
i 31	 119 	 217 
i 854	 221 	 140 
i 731	 786 	 780 
i 206	 938 	 944 
i 639	 979 	 1031 
i 735	 758 	 725 
i 174	 902 	 866 
i 86	 652 	 567 
i 124	 489 	 578 
i 655	 394 	 422 
i 665	 385 	 419 
i 789	 380 	 385 
i 549	 466 	 417 
i 480	 885 	 877 
i 457	 468 	 388 
i 186	 256 	 323 
i 76	 555 	 457 
i 685	 842 	 761 
i 112	 912 	 855 
i 430	 867 	 942 
i 738	 548 	 556 
i 42	 256 	 221 
i 441	 723 	 798 
i 312	 951 	 922 
i 714	 473 	 536 
i 878	 563 	 463 
i 379	 418 	 333 
i 203	 428 	 480 
i 104	 513 	 587 
i 954	 709 	 669 
i 446	 598 	 506 
i 609	 189 	 105 
i 298	 482 	 486 
i 243	 374 	 441 
i 650	 693 	 702 
i 160	 529 	 514 
i 506	 530 	 591 
i 862	 599 	 500 
i 316	 387 	 309 
i 988	 275 	 188 
i 537	 545 	 547 
i 625	 582 	 506 
i 44	 656 	 640 
i 340	 233 	 265 
i 995	 976 	 938 
i 466	 575 	 569 
i 938	 956 	 1051 
i 488	 785 	 853 
i 799	 793 	 724 
i 984	 894 	 823 
i 473	 955 	 991 
i 4	 522 	 483 
i 617	 632 	 602 
i 755	 117 	 155 
i 728	 707 	 744 
i 251	 986 	 916 
i 202	 518 	 436 
i 960	 499 	 514 
i 728	 358 	 333 
i 610	 497 	 469 
i 560	 627 	 694 
i 24	 344 	 411 
i 610	 617 	 608 
i 617	 928 	 870 
i 289	 653 	 740 
i 274	 373 	 311 
i 731	 508 	 486 
i 169	 589 	 559 
i 447	 214 	 130 
i 882	 550 	 588 
i 463	 872 	 822 
i 725	 726 	 680 
i 295	 583 	 659 
i 215	 988 	 988 
i 825	 287 	 344 
i 121	 233 	 145 
i 568	 402 	 460 
i 106	 751 	 843 
i 222	 176 	 158 
i 716	 248 	 206 
i 573	 863 	 914 
i 266	 197 	 193 
i 797	 441 	 496 
i 784	 338 	 436 
i 983	 784 	 847 
i 122	 597 	 684 
i 450	 653 	 653 
i 170	 470 	 492 
i 243	 438 	 504 
i 398	 802 	 811 
i 244	 174 	 98 
i 342	 845 	 822 
i 713	 384 	 321 
i 969	 185 	 279 
i 727	 177 	 267 
i 275	 903 	 817 
i 884	 846 	 850 
i 290	 406 	 444 
i 657	 949 	 1036 
i 436	 801 	 767 
i 506	 400 	 415 
i 333	 509 	 593 
i 640	 854 	 880 
i 724	 130 	 150 
i 798	 992 	 958 
i 689	 951 	 971 
i 517	 129 	 126 
i 850	 595 	 650 
i 793	 323 	 310 
i 570	 267 	 341 
i 895	 565 	 540 
i 344	 190 	 232 
i 181	 119 	 89 
i 203	 682 	 596 
i 195	 330 	 404 
i 141	 623 	 635 
i 161	 272 	 188 
i 705	 706 	 792 
i 944	 509 	 553 
i 121	 897 	 855 
i 632	 782 	 719 
i 721	 229 	 235 
i 731	 861 	 903 
i 375	 284 	 367 
i 621	 350 	 272 
i 198	 237 	 187 
i 379	 738 	 720 
i 50	 809 	 732 
i 498	 747 	 659 
i 383	 502 	 438 
i 138	 763 	 825 
i 271	 932 	 939 
i 115	 517 	 470 
i 310	 264 	 292 
i 579	 190 	 142 
i 722	 289 	 281 
i 427	 513 	 581 
i 213	 880 	 958 
i 929	 985 	 962 
i 369	 151 	 205 
i 104	 314 	 396 
i 28	 150 	 86 
i 485	 627 	 586 
i 657	 865 	 886 
i 746	 548 	 484 
i 947	 783 	 864 
i 401	 305 	 271 
i 266	 164 	 173 
i 250	 957 	 952 
i 296	 414 	 482 
i 525	 211 	 300 
i 569	 131 	 226 
i 150	 292 	 283 
i 998	 556 	 479 
i 490	 205 	 277 
i 247	 369 	 431 
i 465	 285 	 227 
i 525	 581 	 576 
i 477	 178 	 223 
i 818	 601 	 505 
i 931	 463 	 472 
i 955	 417 	 340 
i 160	 395 	 348 
i 660	 804 	 757 
i 766	 908 	 959 
i 57	 786 	 686 
i 253	 618 	 611 
i 782	 806 	 904 
i 858	 342 	 336 
i 410	 989 	 946 
i 807	 121 	 64 
i 152	 609 	 544 
i 472	 714 	 680 
i 252	 952 	 1051 
i 149	 300 	 352 
i 908	 973 	 1036 
i 480	 976 	 890 
i 263	 503 	 573 
i 524	 497 	 539 
i 512	 915 	 839 
i 524	 282 	 367 
i 85	 478 	 394 
i 763	 633 	 643 
i 709	 931 	 991 
i 922	 927 	 1017 
i 892	 715 	 787 
i 865	 553 	 521 
i 307	 616 	 637 
i 741	 486 	 411 
i 646	 230 	 258 
i 839	 339 	 272 
i 253	 277 	 226 
i 840	 349 	 251 
i 763	 841 	 885 
i 681	 667 	 695 
i 362	 626 	 633 
i 859	 503 	 483 
i 429	 808 	 849 
i 851	 457 	 446 
i 986	 571 	 489 
i 244	 252 	 338 
i 430	 399 	 336 
i 698	 621 	 526 
i 520	 632 	 690 
i 146	 386 	 380 
i 726	 959 	 1025 
i 168	 547 	 585 
i 952	 903 	 827 
i 342	 644 	 738 
i 859	 154 	 245 
i 20	 238 	 178 
i 344	 180 	 206 
i 917	 345 	 311 
i 505	 369 	 439 
i 814	 183 	 282 
i 768	 602 	 646 
i 259	 454 	 532 
i 151	 181 	 249 
i 750	 289 	 225 
i 799	 264 	 172 
i 942	 228 	 140 
i 21	 407 	 388 
i 285	 969 	 933 
i 576	 374 	 439 
i 657	 241 	 269 
i 210	 238 	 220 
i 596	 880 	 913 
i 675	 782 	 845 
i 875	 642 	 656 
i 49	 805 	 778 
i 181	 843 	 805 
i 514	 899 	 865 
i 480	 371 	 394 
i 776	 659 	 597 
i 923	 506 	 576 
i 67	 188 	 100 
i 931	 553 	 584 
i 687	 259 	 225 
i 285	 988 	 929 
i 66	 606 	 557 
i 890	 935 	 922 
i 777	 323 	 413 
i 70	 619 	 605 
i 687	 279 	 220 
i 132	 450 	 376 
i 219	 317 	 256 
i 717	 371 	 296 
i 885	 955 	 1018 
i 872	 361 	 281 
i 430	 546 	 479 
i 358	 775 	 686 
i 597	 275 	 341 
i 169	 232 	 312 
i 359	 615 	 632 
i 741	 800 	 844 
i 973	 917 	 1005 
i 267	 203 	 234 
i 216	 317 	 325 
i 498	 154 	 137 
i 988	 243 	 312 
i 736	 390 	 330 
i 920	 440 	 500 
i 57	 292 	 385 
i 625	 206 	 171 
i 401	 730 	 643 
i 307	 482 	 390 
i 411	 429 	 390 
i 644	 125 	 129 
i 692	 607 	 511 
i 841	 976 	 878 
i 157	 839 	 888 
i 527	 131 	 164 
i 731	 842 	 887 
i 838	 815 	 785 
i 535	 217 	 267 
i 952	 279 	 190 
i 311	 316 	 309 
i 327	 590 	 512 
i 886	 168 	 229 
i 860	 189 	 218 
i 680	 199 	 259 
i 702	 864 	 830 
i 526	 569 	 481 
i 318	 325 	 404 
i 439	 637 	 623 
i 627	 415 	 392 
i 858	 467 	 506 
i 399	 884 	 789 
i 463	 984 	 1066 
i 551	 811 	 865 
i 651	 498 	 488 
i 499	 323 	 253 
i 15	 617 	 653 
i 257	 672 	 771 
i 848	 583 	 570 
i 192	 969 	 881 
i 592	 425 	 509 
i 463	 156 	 120 
i 445	 179 	 235 
i 234	 989 	 956 
i 669	 786 	 883 
i 908	 299 	 296 
i 478	 436 	 435 
i 110	 152 	 203 
i 641	 151 	 172 
i 607	 539 	 598 
i 960	 596 	 573 
i 13	 528 	 598 
i 89	 813 	 772 
i 78	 622 	 628 
i 838	 920 	 860 
i 50	 908 	 829 
i 417	 451 	 468 
i 464	 895 	 934 
i 509	 678 	 645 
i 990	 327 	 415 
i 537	 147 	 228 
i 7	 492 	 575 
i 797	 361 	 262 
i 372	 625 	 541 
i 283	 208 	 292 
i 181	 386 	 480 
i 563	 482 	 459 
i 446	 114 	 184 
i 85	 733 	 705 
i 329	 144 	 114 
i 369	 983 	 1060 
i 798	 899 	 977 
i 80	 826 	 864 
i 658	 832 	 744 
i 767	 907 	 876 
i 78	 838 	 843 
i 495	 813 	 731 
i 499	 270 	 277 
i 200	 138 	 162 
i 237	 459 	 548 
i 219	 772 	 735 
i 106	 673 	 596 
i 911	 579 	 518 
i 723	 305 	 376 
i 619	 362 	 386 
i 437	 671 	 711 
i 227	 250 	 189 
i 406	 331 	 369 
i 438	 808 	 886 
i 829	 471 	 397 
i 574	 426 	 395 
i 207	 709 	 700 
i 733	 813 	 786 
i 952	 989 	 906 
i 236	 860 	 901 
i 866	 526 	 455 
i 24	 259 	 233 
i 272	 433 	 488 
i 57	 162 	 105 
i 461	 957 	 866 
i 816	 184 	 207 
i 489	 495 	 560 
i 280	 900 	 911 
i 268	 337 	 339 
i 111	 416 	 465 
i 578	 157 	 179 
i 745	 286 	 313 
i 109	 617 	 698 
i 167	 419 	 512 
i 119	 611 	 596 
i 202	 652 	 600 
i 634	 313 	 359 
i 522	 158 	 60 
i 776	 655 	 610 
i 121	 221 	 199 
i 173	 886 	 979 
i 370	 543 	 585 
i 938	 221 	 285 
i 287	 140 	 237 
i 849	 998 	 919 
i 458	 489 	 450 
i 686	 705 	 793 
i 739	 466 	 458 
i 352	 477 	 425 
i 476	 726 	 698 
i 348	 184 	 190 
i 834	 156 	 236 
i 958	 790 	 858 
i 991	 632 	 557 
i 989	 621 	 716 
i 415	 716 	 703 
i 84	 991 	 915 
i 484	 940 	 1012 
i 896	 463 	 405 
i 588	 678 	 715 
i 670	 999 	 906 
i 721	 584 	 658 
i 485	 498 	 563 
i 72	 358 	 422 
i 646	 472 	 534 
i 328	 453 	 398 
i 318	 841 	 802 
i 251	 949 	 1007 
i 648	 827 	 864 
i 286	 127 	 82 
i 285	 740 	 829 
i 817	 773 	 806 
i 254	 659 	 590 
i 532	 507 	 452 
i 938	 348 	 422 
i 324	 180 	 120 
i 145	 381 	 384 
i 89	 656 	 709 
i 894	 472 	 455 
i 913	 196 	 236 
i 621	 443 	 540 
i 366	 397 	 457 
i 982	 992 	 903 
i 429	 241 	 259 
i 696	 443 	 448 
i 774	 330 	 400 
i 79	 508 	 607 
i 692	 969 	 886 
i 99	 764 	 859 
i 196	 246 	 324 
i 569	 870 	 872 
i 891	 859 	 934 
i 883	 686 	 758 
i 30	 738 	 696 
i 403	 373 	 470 
i 649	 843 	 895 
i 97	 712 	 780 
i 63	 710 	 716 
i 798	 786 	 812 
i 950	 768 	 833 
i 805	 672 	 651 
i 647	 240 	 197 
i 294	 133 	 67 
i 999	 900 	 840 
i 295	 270 	 290 
i 120	 260 	 210 
i 796	 938 	 908 
i 470	 797 	 779 
i 230	 383 	 325 
i 968	 946 	 878 
i 600	 793 	 886 
i 745	 257 	 279 
i 771	 513 	 594 
i 659	 666 	 747 
i 839	 844 	 784 
i 8	 493 	 457 
i 938	 719 	 642 
i 711	 142 	 159 
i 18	 509 	 572 
i 956	 697 	 754 
i 724	 841 	 818 
i 888	 811 	 737 
i 342	 467 	 547 
i 966	 386 	 398 
i 792	 303 	 283 
i 222	 483 	 464 
i 906	 770 	 739 
i 941	 875 	 786 
i 389	 510 	 425 
i 50	 349 	 255 
i 870	 160 	 211 
i 658	 505 	 534 
i 60	 624 	 721 
i 369	 539 	 629 
i 586	 151 	 200 
i 6	 509 	 602 
i 747	 873 	 947 
i 607	 293 	 355 
i 57	 345 	 285 
i 325	 413 	 363 
i 380	 443 	 367 
i 823	 227 	 283 
i 401	 801 	 869 
i 882	 790 	 732 
i 928	 749 	 808 
i 376	 523 	 583 
i 234	 494 	 503 
i 439	 382 	 313 
i 703	 217 	 159 
i 44	 399 	 406 
i 417	 624 	 707 
i 548	 733 	 781 
i 324	 539 	 467 
i 89	 398 	 302 
i 806	 585 	 675 
i 271	 403 	 368 
i 702	 227 	 239 
i 8	 715 	 615 
i 127	 853 	 893 
i 451	 154 	 203 
i 29	 631 	 564 
i 729	 558 	 600 
i 211	 327 	 234 
i 534	 453 	 378 
i 68	 475 	 561 
i 397	 433 	 373 
i 528	 726 	 806 
i 208	 337 	 419 
i 44	 338 	 245 
i 92	 964 	 961 
i 677	 740 	 743 
i 181	 887 	 836 
i 425	 631 	 622 
i 810	 665 	 763 
i 221	 776 	 688 
i 584	 716 	 707 
i 276	 896 	 993 
i 530	 811 	 749 
i 785	 732 	 679 
i 745	 766 	 731 
i 453	 313 	 214 
i 327	 773 	 710 
i 912	 992 	 1014 
i 536	 510 	 494 
i 285	 503 	 531 
i 965	 557 	 502 
i 849	 963 	 963 
i 637	 950 	 856 
i 337	 233 	 296 
i 75	 443 	 455 
i 303	 735 	 638 
i 48	 741 	 709 
i 40	 907 	 858 
i 489	 562 	 620 
i 930	 937 	 852 
i 433	 620 	 528 
i 392	 821 	 899 
i 337	 379 	 384 
i 475	 408 	 481 
i 849	 247 	 335 
i 552	 748 	 696 
i 262	 763 	 721 
i 158	 179 	 144 
i 664	 406 	 469 
i 594	 221 	 270 
i 167	 288 	 224 
i 966	 325 	 339 
i 269	 228 	 310 
i 603	 698 	 675 
i 756	 579 	 525 
i 473	 526 	 583 
i 207	 742 	 651 
i 285	 111 	 52 
i 617	 404 	 478 
i 741	 242 	 234 
i 941	 907 	 933 
i 183	 179 	 198 
i 316	 689 	 762 
i 976	 609 	 602 
i 503	 952 	 897 
i 970	 271 	 310 
i 680	 971 	 1052 
i 680	 125 	 63 
i 11	 308 	 369 
i 158	 192 	 201 
i 54	 605 	 603 
i 132	 277 	 311 
i 782	 808 	 905 
i 343	 689 	 782 
i 289	 217 	 210 
i 470	 417 	 404 
i 438	 150 	 73 
i 454	 955 	 1014 
i 676	 235 	 296 
i 768	 953 	 1046 
i 325	 552 	 456 
i 512	 988 	 918 
i 297	 698 	 784 
i 947	 688 	 643 
i 67	 657 	 670 
i 412	 184 	 91 
i 456	 574 	 569 
i 406	 679 	 764 
i 546	 501 	 522 
i 494	 332 	 306 
i 991	 302 	 341 
i 978	 321 	 262 
i 639	 457 	 458 
i 289	 399 	 389 
i 903	 646 	 650 
i 986	 261 	 347 
i 508	 294 	 271 
i 148	 716 	 774 
i 586	 653 	 620 
i 835	 302 	 368 
i 51	 634 	 698 
i 288	 365 	 425 
i 677	 551 	 539 
i 2	 113 	 159 
i 604	 516 	 543 
i 773	 978 	 1002 
i 979	 917 	 842 
i 660	 373 	 328 
i 271	 188 	 260 
i 486	 490 	 529 
i 75	 341 	 390 
i 361	 185 	 92 
i 857	 899 	 942 
i 859	 404 	 447 
i 315	 166 	 130 
i 291	 731 	 649 
i 199	 395 	 309 
i 493	 510 	 556 
i 581	 756 	 656 
i 8	 635 	 632 
i 268	 367 	 379 
i 352	 144 	 229 
i 239	 178 	 234 
i 569	 814 	 842 
i 631	 562 	 653 
i 329	 847 	 796 
i 649	 931 	 920 
i 98	 995 	 1082 
i 824	 758 	 762 
i 414	 761 	 766 
i 701	 307 	 366 
i 739	 809 	 738 
i 814	 742 	 719 
i 606	 549 	 640 
i 114	 231 	 248 
i 942	 193 	 276 
i 865	 413 	 426 
i 860	 810 	 842 
i 589	 757 	 754 
i 321	 331 	 411 
i 542	 801 	 821 
i 328	 619 	 587 
i 39	 750 	 681 
i 531	 205 	 257 
i 666	 166 	 241 
i 759	 688 	 751 
i 100	 614 	 650 
i 887	 227 	 235 
i 614	 817 	 743 
i 862	 362 	 352 
i 638	 274 	 373 
i 211	 809 	 773 
i 930	 224 	 196 
i 37	 364 	 442 
i 98	 152 	 164 
i 747	 931 	 894 
i 313	 770 	 753 
i 445	 488 	 449 
i 240	 973 	 1057 
i 522	 202 	 258 
i 706	 607 	 591 
i 492	 604 	 630 
i 620	 892 	 904 
i 904	 325 	 344 
i 951	 231 	 270 
i 874	 729 	 717 
i 615	 125 	 176 
i 41	 498 	 438 
i 11	 770 	 758 
i 114	 699 	 791 
i 672	 506 	 539 
i 227	 881 	 813 
i 106	 553 	 609 
i 347	 164 	 201 
i 483	 696 	 723 
i 179	 425 	 427 
i 195	 819 	 744 
i 630	 603 	 536 
i 372	 781 	 716 
i 35	 284 	 242 
i 479	 251 	 343 
i 346	 845 	 782 
i 843	 988 	 946 
i 903	 793 	 821 
i 562	 513 	 437 
i 915	 190 	 150 
i 713	 644 	 643 
i 267	 756 	 681 
i 21	 904 	 903 
i 216	 172 	 178 
i 374	 431 	 333 
i 201	 397 	 368 
i 188	 565 	 505 
i 955	 827 	 748 
i 408	 508 	 541 
i 497	 618 	 634 
i 97	 887 	 846 
i 822	 440 	 452 
i 714	 553 	 569 
i 784	 997 	 1056 
i 144	 582 	 516 
i 467	 593 	 567 
i 978	 911 	 923 
i 783	 201 	 204 
i 231	 295 	 379 
i 801	 888 	 872 
i 674	 517 	 520 
i 45	 780 	 747 
i 543	 391 	 301 
i 540	 909 	 976 
i 71	 731 	 827 
i 613	 885 	 874 
i 513	 328 	 313 
i 615	 826 	 768 
i 822	 396 	 384 
i 697	 328 	 276 
i 154	 703 	 786 
i 907	 273 	 365 
i 223	 575 	 575 
i 121	 623 	 531 
i 818	 479 	 401 
i 689	 463 	 508 
i 933	 862 	 810 
i 739	 352 	 423 
i 60	 539 	 574 
i 305	 931 	 906 
i 971	 257 	 263 
i 155	 183 	 170 
i 677	 149 	 180 
i 254	 597 	 653 
i 669	 637 	 656 
i 66	 739 	 696 
i 911	 496 	 440 
i 184	 711 	 803 
i 666	 583 	 487 
i 589	 298 	 263 
i 754	 633 	 592 
i 836	 215 	 205 
i 879	 604 	 529 
i 427	 301 	 277 
i 19	 995 	 905 
i 725	 639 	 562 
i 160	 895 	 800 
i 835	 204 	 146 
i 367	 169 	 244 
i 578	 188 	 181 
i 166	 478 	 422 
i 283	 742 	 653 
i 837	 255 	 342 
i 53	 369 	 341 
i 48	 710 	 686 
i 641	 756 	 677 
i 524	 861 	 814 
i 629	 887 	 807 
i 695	 187 	 180 
i 782	 968 	 877 
i 196	 494 	 436 
i 905	 691 	 690 
i 68	 742 	 708 
i 359	 686 	 663 
i 33	 120 	 106 
i 758	 460 	 374 
i 602	 556 	 575 
i 475	 794 	 739 
i 561	 885 	 969 
i 525	 413 	 453 
i 956	 455 	 534 
i 610	 644 	 704 
i 321	 195 	 269 
i 968	 491 	 437 
i 979	 833 	 785 
i 373	 328 	 232 
i 873	 393 	 417 
i 642	 924 	 844 
i 513	 236 	 268 
i 853	 166 	 103 
i 241	 792 	 720 
i 840	 702 	 752 
i 935	 528 	 442 
i 363	 415 	 323 
i 176	 621 	 525 
i 421	 856 	 835 
i 739	 876 	 829 
i 655	 543 	 625 
i 796	 632 	 617 
i 859	 331 	 286 
i 626	 496 	 499 
i 291	 624 	 596 
i 761	 405 	 364 
i 105	 472 	 503 
i 678	 510 	 576 
i 517	 530 	 480 
i 378	 882 	 980 
i 864	 233 	 262 
i 451	 154 	 143 
i 698	 532 	 492 
i 133	 780 	 866 
i 710	 353 	 297 
i 42	 673 	 769 
i 448	 936 	 853 
i 897	 632 	 685 
i 370	 485 	 441 
i 238	 711 	 743 
i 375	 706 	 711 
i 425	 394 	 489 
i 899	 790 	 824 
i 652	 171 	 232 
i 925	 998 	 1001 
i 558	 306 	 317 
i 487	 291 	 192 
i 74	 368 	 448 
i 494	 159 	 113 
i 171	 410 	 412 
i 840	 998 	 1075 
i 160	 575 	 537 
i 923	 554 	 496 
i 991	 265 	 337 
i 990	 983 	 1040 
i 210	 554 	 523 
i 413	 162 	 228 
i 702	 168 	 249 
i 757	 972 	 951 
i 94	 326 	 340 
i 92	 781 	 763 
i 615	 680 	 694 
i 114	 957 	 955 
i 288	 255 	 251 
i 269	 132 	 126 
i 767	 832 	 868 
i 825	 250 	 169 
i 890	 990 	 1049 
i 860	 906 	 917 
i 103	 373 	 403 
i 857	 880 	 928 
i 498	 356 	 327 
i 450	 863 	 857 
i 612	 412 	 463 
i 636	 843 	 748 
i 448	 376 	 434 
i 605	 985 	 1009 
i 595	 183 	 185 
i 490	 894 	 868 
i 785	 500 	 494 
i 650	 190 	 156 
i 926	 850 	 915 
i 772	 279 	 234 
i 112	 697 	 775 
i 935	 483 	 488 
i 235	 507 	 601 
i 218	 325 	 341 
i 300	 877 	 812 
i 181	 442 	 475 
i 619	 772 	 762 
i 707	 304 	 224 
i 539	 599 	 504 
i 728	 446 	 505 
i 389	 694 	 776 
i 807	 597 	 666 
i 254	 176 	 92 
i 495	 154 	 113 
i 357	 669 	 688 
i 730	 825 	 880 
i 474	 528 	 507 
i 692	 928 	 849 
i 241	 129 	 158 
i 619	 153 	 127 
i 276	 864 	 916 
i 822	 785 	 798 
i 896	 649 	 713 
i 944	 722 	 685 
i 573	 989 	 1023 
i 378	 632 	 612 
i 847	 436 	 511 
i 766	 791 	 805 
i 787	 885 	 947 
i 835	 569 	 555 
i 682	 901 	 942 
i 442	 690 	 695 
i 48	 307 	 291 
i 735	 149 	 122 
i 723	 432 	 520 
i 310	 143 	 107 
i 677	 503 	 436 
i 442	 395 	 481 
i 313	 902 	 946 
i 829	 735 	 746 
i 719	 229 	 176 
i 370	 857 	 893 
i 591	 438 	 483 
i 635	 816 	 808 
i 996	 255 	 192 
i 34	 205 	 204 
i 475	 490 	 424 
i 794	 638 	 661 
i 685	 580 	 665 
i 387	 332 	 383 
i 520	 827 	 822 
i 360	 150 	 219 
i 727	 756 	 743 
i 521	 514 	 428 
i 684	 927 	 840 
i 789	 205 	 125 
i 216	 647 	 662 
i 810	 803 	 777 
i 338	 462 	 373 
i 587	 399 	 387 
i 393	 185 	 277 
i 438	 609 	 573 
i 164	 474 	 384 
i 618	 864 	 878 
i 536	 929 	 880 
i 642	 991 	 900 
i 246	 194 	 146 
i 25	 708 	 622 
i 419	 149 	 130 
i 744	 200 	 299 
i 827	 594 	 571 
i 388	 562 	 627 
i 796	 850 	 947 
i 644	 895 	 916 
i 564	 515 	 443 
i 555	 742 	 799 
i 649	 783 	 689 
i 320	 126 	 37 
i 364	 190 	 184 
i 465	 554 	 497 
i 9	 550 	 459 
i 517	 896 	 882 
i 349	 742 	 688 
i 232	 733 	 807 
i 686	 384 	 371 
i 397	 512 	 610 
i 153	 321 	 349 
i 171	 349 	 441 
i 260	 398 	 363 
i 758	 820 	 878 
i 253	 126 	 185 
i 137	 166 	 129 
i 846	 552 	 585 
i 546	 757 	 836 
i 853	 645 	 661 
i 305	 145 	 240 
i 541	 139 	 65 
i 809	 710 	 670 
i 134	 676 	 688 
i 932	 966 	 930 
i 949	 780 	 794 
i 13	 602 	 643 
i 509	 883 	 894 
i 236	 586 	 506 
i 837	 494 	 584 
i 876	 123 	 74 
i 908	 994 	 1054 
i 583	 222 	 244 
i 220	 491 	 539 
i 182	 990 	 1025 
i 935	 386 	 411 
i 488	 895 	 922 
i 357	 636 	 565 
i 891	 241 	 217 
i 324	 331 	 274 
i 338	 291 	 210 
i 331	 522 	 422 
i 456	 345 	 362 
i 884	 888 	 949 
i 873	 660 	 757 
i 183	 372 	 456 
i 66	 928 	 910 
i 657	 605 	 658 
i 804	 735 	 766 
i 53	 186 	 282 
i 256	 381 	 345 
i 718	 466 	 496 
i 981	 469 	 390 
i 855	 991 	 1089 
i 474	 819 	 892 
i 768	 808 	 717 
i 687	 740 	 662 
i 244	 217 	 271 
i 946	 899 	 913 
i 32	 597 	 622 
i 336	 582 	 658 
i 735	 867 	 887 
i 139	 557 	 573 
i 130	 654 	 641 
i 926	 647 	 729 
i 711	 527 	 562 
i 419	 571 	 544 
i 539	 672 	 694 
i 426	 468 	 479 
i 973	 979 	 996 
i 503	 648 	 733 
i 354	 543 	 575 
i 857	 188 	 247 
i 468	 705 	 790 
i 72	 206 	 276 
i 540	 127 	 140 
i 58	 732 	 829 
i 689	 169 	 173 
i 92	 712 	 801 
i 69	 318 	 402 
i 672	 842 	 827 
i 159	 776 	 832 
i 246	 474 	 501 
i 915	 296 	 216 
i 23	 232 	 167 
i 42	 992 	 1035 
i 740	 606 	 660 
i 805	 593 	 585 
i 482	 170 	 181 
i 716	 125 	 149 
i 539	 945 	 904 
i 287	 435 	 425 
i 695	 240 	 280 
i 903	 806 	 829 
i 41	 899 	 926 
i 33	 167 	 202 
i 590	 804 	 787 
i 133	 604 	 549 
i 200	 127 	 168 
i 216	 620 	 604 
i 155	 286 	 378 
i 520	 549 	 498 
i 665	 953 	 1041 
i 447	 687 	 756 
i 334	 346 	 423 
i 398	 913 	 997 
i 178	 629 	 631 
i 732	 113 	 141 
i 751	 313 	 381 
i 325	 942 	 854 
i 522	 429 	 372 
i 15	 396 	 443 
i 962	 617 	 597 
i 611	 568 	 637 
i 875	 433 	 369 
i 779	 335 	 351 
i 362	 265 	 316 
i 365	 720 	 718 
i 593	 404 	 352 
i 528	 265 	 278 
i 886	 319 	 236 
i 208	 510 	 430 
i 777	 275 	 187 
i 292	 631 	 666 
i 655	 496 	 506 
c
c
W 508406
c end of file