c Instance Type c
c
n 2000
c w	 v1	 v2
i 302	 463 	 374 
i 756	 641 	 559 
i 560	 632 	 678 
i 611	 685 	 690 
i 890	 261 	 346 
i 669	 757 	 804 
i 693	 594 	 644 
i 217	 411 	 458 
i 209	 696 	 673 
i 271	 473 	 554 
i 668	 939 	 880 
i 264	 989 	 1082 
i 850	 182 	 187 
i 497	 833 	 760 
i 666	 413 	 318 
i 393	 349 	 388 
i 936	 114 	 91 
i 275	 784 	 805 
i 934	 553 	 616 
i 343	 896 	 813 
i 274	 813 	 863 
i 263	 998 	 901 
i 344	 968 	 1041 
i 156	 546 	 519 
i 497	 668 	 574 
i 765	 692 	 676 
i 769	 423 	 395 
i 527	 769 	 796 
i 25	 419 	 432 
i 908	 255 	 337 
i 698	 332 	 269 
i 697	 114 	 103 
i 661	 130 	 188 
i 152	 902 	 991 
i 778	 337 	 326 
i 433	 365 	 307 
i 783	 742 	 837 
i 524	 173 	 174 
i 872	 738 	 744 
i 35	 356 	 343 
i 285	 278 	 205 
i 288	 443 	 509 
i 310	 842 	 841 
i 200	 658 	 687 
i 455	 612 	 596 
i 741	 119 	 190 
i 451	 306 	 334 
i 521	 288 	 221 
i 227	 738 	 645 
i 503	 321 	 235 
i 690	 712 	 683 
i 65	 834 	 863 
i 887	 686 	 777 
i 503	 238 	 169 
i 68	 812 	 834 
i 77	 301 	 271 
i 297	 175 	 235 
i 496	 745 	 709 
i 202	 892 	 902 
i 439	 926 	 836 
i 116	 990 	 1038 
i 928	 419 	 480 
i 576	 993 	 1032 
i 719	 953 	 892 
i 509	 202 	 155 
i 723	 744 	 712 
i 796	 167 	 195 
i 509	 880 	 807 
i 389	 278 	 245 
i 306	 768 	 823 
i 296	 814 	 892 
i 642	 586 	 650 
i 634	 416 	 395 
i 582	 145 	 68 
i 684	 322 	 347 
i 397	 560 	 529 
i 461	 865 	 793 
i 327	 545 	 575 
i 516	 666 	 574 
i 255	 966 	 935 
i 47	 767 	 795 
i 582	 671 	 628 
i 925	 511 	 595 
i 964	 864 	 864 
i 203	 967 	 904 
i 707	 634 	 650 
i 556	 944 	 852 
i 45	 184 	 158 
i 669	 766 	 843 
i 631	 804 	 732 
i 370	 226 	 163 
i 1	 798 	 852 
i 451	 164 	 203 
i 299	 983 	 1014 
i 263	 541 	 613 
i 851	 707 	 720 
i 790	 337 	 262 
i 873	 377 	 311 
i 610	 707 	 774 
i 391	 607 	 601 
i 521	 733 	 801 
i 295	 900 	 968 
i 355	 695 	 653 
i 336	 424 	 442 
i 819	 121 	 191 
i 490	 887 	 928 
i 745	 505 	 504 
i 45	 616 	 589 
i 715	 768 	 863 
i 274	 625 	 599 
i 973	 155 	 233 
i 861	 903 	 840 
i 519	 763 	 771 
i 872	 134 	 209 
i 884	 661 	 700 
i 758	 531 	 468 
i 202	 270 	 356 
i 771	 712 	 807 
i 510	 151 	 189 
i 90	 133 	 225 
i 140	 463 	 550 
i 32	 366 	 425 
i 765	 531 	 494 
i 792	 122 	 60 
i 411	 901 	 816 
i 884	 631 	 697 
i 64	 796 	 703 
i 740	 734 	 795 
i 786	 712 	 675 
i 811	 438 	 419 
i 208	 406 	 415 
i 495	 351 	 366 
i 968	 172 	 140 
i 981	 456 	 382 
i 871	 625 	 634 
i 456	 693 	 678 
i 227	 545 	 543 
i 928	 577 	 523 
i 605	 404 	 307 
i 973	 686 	 752 
i 306	 158 	 65 
i 576	 644 	 650 
i 646	 268 	 268 
i 35	 573 	 569 
i 613	 693 	 663 
i 268	 289 	 350 
i 756	 671 	 578 
i 281	 220 	 313 
i 611	 428 	 442 
i 259	 445 	 453 
i 313	 295 	 364 
i 912	 329 	 314 
i 91	 803 	 717 
i 611	 360 	 281 
i 266	 790 	 833 
i 467	 215 	 312 
i 97	 935 	 983 
i 220	 968 	 872 
i 577	 937 	 964 
i 954	 555 	 634 
i 162	 149 	 90 
i 408	 904 	 828 
i 188	 394 	 336 
i 468	 457 	 521 
i 232	 551 	 468 
i 350	 301 	 311 
i 278	 289 	 319 
i 242	 950 	 1024 
i 171	 972 	 961 
i 671	 648 	 628 
i 714	 555 	 567 
i 607	 739 	 833 
i 925	 846 	 777 
i 316	 145 	 170 
i 810	 875 	 946 
i 25	 952 	 893 
i 225	 555 	 552 
i 169	 245 	 290 
i 138	 130 	 209 
i 742	 528 	 542 
i 242	 885 	 841 
i 949	 497 	 575 
i 777	 472 	 535 
i 815	 613 	 539 
i 675	 281 	 369 
i 622	 156 	 249 
i 123	 341 	 279 
i 274	 774 	 746 
i 295	 532 	 531 
i 764	 443 	 391 
i 636	 949 	 945 
i 71	 313 	 299 
i 477	 217 	 159 
i 42	 944 	 849 
i 233	 173 	 213 
i 284	 123 	 87 
i 544	 984 	 973 
i 290	 266 	 309 
i 764	 588 	 490 
i 138	 143 	 198 
i 82	 358 	 340 
i 310	 788 	 785 
i 430	 285 	 377 
i 368	 472 	 372 
i 438	 495 	 442 
i 453	 230 	 234 
i 435	 517 	 429 
i 609	 914 	 884 
i 147	 664 	 587 
i 183	 677 	 628 
i 462	 480 	 447 
i 225	 849 	 878 
i 420	 392 	 307 
i 827	 358 	 347 
i 260	 362 	 439 
i 394	 572 	 539 
i 852	 146 	 200 
i 755	 204 	 180 
i 378	 519 	 524 
i 16	 625 	 667 
i 431	 854 	 788 
i 263	 266 	 245 
i 579	 843 	 906 
i 858	 913 	 941 
i 141	 421 	 501 
i 660	 319 	 278 
i 700	 619 	 549 
i 805	 416 	 497 
i 265	 755 	 711 
i 843	 336 	 295 
i 679	 968 	 1014 
i 854	 232 	 330 
i 678	 585 	 599 
i 580	 423 	 408 
i 929	 996 	 1010 
i 164	 910 	 856 
i 735	 287 	 373 
i 79	 421 	 468 
i 804	 337 	 237 
i 59	 589 	 658 
i 23	 855 	 859 
i 160	 615 	 590 
i 694	 609 	 520 
i 46	 228 	 255 
i 41	 611 	 624 
i 940	 229 	 274 
i 139	 433 	 426 
i 488	 372 	 380 
i 742	 137 	 106 
i 281	 138 	 119 
i 118	 890 	 875 
i 685	 467 	 484 
i 246	 804 	 760 
i 378	 854 	 819 
i 940	 532 	 505 
i 74	 146 	 107 
i 437	 795 	 784 
i 731	 320 	 407 
i 761	 803 	 838 
i 793	 225 	 316 
i 669	 586 	 501 
i 71	 968 	 1020 
i 850	 603 	 504 
i 687	 855 	 832 
i 161	 258 	 223 
i 201	 587 	 567 
i 970	 862 	 929 
i 206	 372 	 385 
i 985	 315 	 281 
i 114	 919 	 843 
i 649	 882 	 940 
i 614	 950 	 1022 
i 169	 737 	 779 
i 7	 744 	 723 
i 173	 198 	 210 
i 708	 488 	 540 
i 554	 844 	 890 
i 848	 699 	 786 
i 79	 316 	 400 
i 987	 609 	 516 
i 855	 718 	 755 
i 799	 534 	 494 
i 504	 411 	 404 
i 217	 156 	 151 
i 315	 511 	 540 
i 739	 120 	 91 
i 564	 796 	 878 
i 227	 558 	 609 
i 458	 503 	 570 
i 19	 435 	 500 
i 702	 468 	 504 
i 178	 190 	 185 
i 516	 458 	 554 
i 567	 875 	 815 
i 18	 410 	 412 
i 29	 987 	 937 
i 799	 416 	 479 
i 303	 337 	 245 
i 744	 123 	 123 
i 109	 868 	 872 
i 511	 712 	 656 
i 600	 428 	 408 
i 990	 855 	 938 
i 851	 840 	 837 
i 188	 129 	 129 
i 174	 586 	 592 
i 517	 812 	 778 
i 771	 651 	 677 
i 785	 691 	 666 
i 637	 248 	 245 
i 314	 711 	 810 
i 672	 910 	 929 
i 509	 377 	 394 
i 329	 304 	 291 
i 350	 735 	 760 
i 884	 293 	 352 
i 674	 765 	 728 
i 282	 170 	 87 
i 934	 733 	 807 
i 90	 180 	 182 
i 765	 611 	 675 
i 664	 608 	 607 
i 964	 249 	 149 
i 183	 771 	 737 
i 885	 272 	 308 
i 92	 828 	 841 
i 828	 650 	 598 
i 895	 931 	 935 
i 596	 120 	 111 
i 674	 897 	 906 
i 238	 461 	 423 
i 797	 305 	 400 
i 953	 746 	 834 
i 696	 750 	 674 
i 877	 158 	 59 
i 684	 765 	 685 
i 292	 381 	 466 
i 215	 596 	 660 
i 226	 172 	 156 
i 110	 579 	 497 
i 505	 177 	 143 
i 723	 455 	 380 
i 438	 435 	 351 
i 158	 383 	 438 
i 210	 494 	 525 
i 946	 502 	 470 
i 250	 592 	 618 
i 795	 529 	 598 
i 865	 374 	 288 
i 393	 748 	 684 
i 467	 832 	 869 
i 855	 239 	 221 
i 220	 354 	 423 
i 526	 428 	 329 
i 957	 231 	 174 
i 398	 815 	 747 
i 940	 230 	 212 
i 412	 792 	 733 
i 707	 657 	 571 
i 425	 722 	 715 
i 237	 885 	 971 
i 381	 607 	 664 
i 654	 973 	 874 
i 12	 838 	 844 
i 148	 844 	 842 
i 940	 147 	 225 
i 75	 291 	 357 
i 841	 658 	 606 
i 456	 843 	 933 
i 144	 909 	 883 
i 15	 434 	 456 
i 574	 375 	 473 
i 543	 187 	 216 
i 362	 194 	 225 
i 187	 669 	 729 
i 228	 218 	 267 
i 432	 121 	 184 
i 48	 859 	 891 
i 872	 186 	 109 
i 770	 142 	 94 
i 134	 474 	 429 
i 431	 128 	 197 
i 517	 121 	 99 
i 610	 695 	 746 
i 239	 390 	 478 
i 360	 217 	 151 
i 372	 879 	 899 
i 214	 719 	 748 
i 299	 418 	 422 
i 334	 522 	 480 
i 743	 754 	 739 
i 763	 111 	 182 
i 775	 866 	 840 
i 433	 326 	 422 
i 747	 997 	 941 
i 867	 946 	 962 
i 732	 208 	 298 
i 417	 744 	 677 
i 762	 432 	 425 
i 226	 896 	 956 
i 949	 266 	 274 
i 949	 645 	 606 
i 799	 517 	 433 
i 42	 849 	 852 
i 40	 834 	 786 
i 978	 143 	 69 
i 89	 661 	 733 
i 801	 621 	 576 
i 163	 770 	 678 
i 47	 297 	 250 
i 222	 121 	 64 
i 823	 605 	 538 
i 281	 879 	 972 
i 112	 953 	 854 
i 925	 523 	 432 
i 962	 758 	 663 
i 582	 874 	 796 
i 157	 752 	 835 
i 898	 111 	 26 
i 109	 148 	 72 
i 120	 386 	 355 
i 676	 578 	 511 
i 541	 726 	 716 
i 489	 696 	 708 
i 953	 702 	 699 
i 681	 743 	 733 
i 540	 766 	 672 
i 261	 868 	 805 
i 262	 792 	 709 
i 304	 862 	 801 
i 613	 973 	 936 
i 140	 392 	 490 
i 832	 543 	 549 
i 491	 943 	 847 
i 157	 554 	 648 
i 868	 987 	 1018 
i 606	 498 	 437 
i 457	 528 	 519 
i 225	 695 	 738 
i 70	 773 	 677 
i 40	 947 	 974 
i 357	 339 	 393 
i 843	 331 	 352 
i 779	 804 	 723 
i 278	 823 	 773 
i 264	 800 	 724 
i 700	 493 	 538 
i 170	 667 	 604 
i 827	 183 	 164 
i 573	 821 	 816 
i 514	 840 	 843 
i 771	 516 	 591 
i 19	 316 	 359 
i 799	 855 	 854 
i 600	 942 	 997 
i 376	 279 	 187 
i 806	 388 	 436 
i 432	 146 	 228 
i 513	 310 	 357 
i 313	 674 	 636 
i 134	 212 	 277 
i 589	 673 	 692 
i 820	 563 	 586 
i 658	 313 	 295 
i 593	 756 	 658 
i 783	 558 	 536 
i 95	 594 	 533 
i 135	 364 	 389 
i 359	 285 	 213 
i 993	 942 	 932 
i 108	 330 	 347 
i 740	 175 	 110 
i 250	 705 	 804 
i 478	 364 	 394 
i 205	 732 	 681 
i 707	 745 	 651 
i 252	 203 	 128 
i 537	 377 	 328 
i 733	 935 	 958 
i 668	 172 	 194 
i 914	 575 	 618 
i 986	 207 	 199 
i 656	 364 	 405 
i 940	 361 	 298 
i 640	 943 	 921 
i 354	 274 	 193 
i 458	 302 	 272 
i 758	 414 	 491 
i 686	 645 	 669 
i 754	 306 	 263 
i 277	 850 	 790 
i 386	 601 	 538 
i 671	 121 	 190 
i 953	 752 	 809 
i 889	 918 	 903 
i 74	 378 	 434 
i 289	 466 	 413 
i 630	 778 	 877 
i 231	 678 	 714 
i 450	 340 	 327 
i 282	 596 	 638 
i 833	 776 	 695 
i 845	 944 	 997 
i 566	 807 	 851 
i 475	 616 	 638 
i 775	 995 	 1032 
i 176	 800 	 895 
i 926	 123 	 144 
i 564	 120 	 187 
i 822	 726 	 683 
i 368	 225 	 238 
i 117	 859 	 839 
i 54	 947 	 896 
i 836	 742 	 804 
i 406	 496 	 453 
i 402	 151 	 63 
i 178	 761 	 708 
i 192	 739 	 672 
i 202	 388 	 434 
i 894	 242 	 252 
i 24	 497 	 581 
i 865	 114 	 21 
i 806	 472 	 390 
i 517	 692 	 777 
i 950	 526 	 492 
i 995	 783 	 829 
i 727	 840 	 922 
i 434	 165 	 85 
i 745	 312 	 273 
i 893	 962 	 901 
i 329	 563 	 507 
i 332	 493 	 410 
i 738	 525 	 604 
i 392	 605 	 587 
i 860	 541 	 513 
i 616	 837 	 808 
i 438	 601 	 518 
i 499	 523 	 526 
i 726	 615 	 568 
i 683	 886 	 817 
i 193	 174 	 171 
i 622	 373 	 436 
i 89	 452 	 463 
i 645	 359 	 448 
i 130	 726 	 787 
i 946	 161 	 146 
i 499	 480 	 552 
i 962	 557 	 529 
i 529	 130 	 47 
i 402	 366 	 420 
i 473	 508 	 600 
i 768	 941 	 958 
i 152	 780 	 815 
i 432	 387 	 351 
i 125	 343 	 333 
i 181	 174 	 153 
i 597	 553 	 632 
i 99	 432 	 503 
i 121	 754 	 731 
i 409	 833 	 890 
i 855	 630 	 582 
i 789	 599 	 505 
i 543	 231 	 167 
i 854	 832 	 854 
i 115	 229 	 276 
i 186	 630 	 714 
i 683	 984 	 987 
i 45	 891 	 914 
i 768	 766 	 813 
i 581	 222 	 151 
i 167	 923 	 823 
i 715	 268 	 325 
i 851	 295 	 261 
i 663	 458 	 395 
i 796	 115 	 75 
i 381	 772 	 769 
i 364	 701 	 635 
i 242	 271 	 213 
i 979	 819 	 915 
i 104	 585 	 598 
i 19	 714 	 760 
i 195	 715 	 704 
i 403	 528 	 487 
i 793	 824 	 916 
i 797	 990 	 1041 
i 542	 369 	 296 
i 206	 802 	 802 
i 387	 953 	 1001 
i 184	 255 	 299 
i 717	 240 	 305 
i 396	 743 	 812 
i 76	 504 	 412 
i 545	 901 	 889 
i 347	 277 	 224 
i 336	 243 	 149 
i 626	 917 	 932 
i 404	 151 	 207 
i 352	 599 	 532 
i 514	 372 	 342 
i 660	 126 	 39 
i 372	 862 	 855 
i 814	 725 	 733 
i 703	 761 	 678 
i 890	 266 	 252 
i 39	 476 	 529 
i 945	 506 	 485 
i 991	 128 	 187 
i 541	 823 	 753 
i 834	 973 	 1005 
i 852	 397 	 362 
i 697	 459 	 498 
i 389	 873 	 875 
i 121	 465 	 407 
i 295	 541 	 461 
i 706	 926 	 854 
i 151	 721 	 638 
i 171	 183 	 99 
i 972	 894 	 918 
i 942	 138 	 129 
i 266	 729 	 690 
i 658	 129 	 30 
i 515	 749 	 727 
i 914	 314 	 317 
i 399	 504 	 566 
i 316	 597 	 600 
i 3	 725 	 758 
i 85	 804 	 871 
i 965	 876 	 938 
i 996	 540 	 590 
i 693	 946 	 849 
i 714	 332 	 367 
i 432	 337 	 275 
i 661	 688 	 609 
i 104	 257 	 257 
i 651	 978 	 1041 
i 343	 548 	 612 
i 123	 252 	 333 
i 984	 997 	 1071 
i 468	 828 	 901 
i 408	 608 	 620 
i 657	 625 	 579 
i 911	 337 	 378 
i 562	 507 	 480 
i 727	 601 	 595 
i 702	 160 	 84 
i 195	 889 	 882 
i 353	 731 	 748 
i 350	 648 	 662 
i 157	 534 	 442 
i 717	 417 	 406 
i 296	 916 	 837 
i 550	 271 	 174 
i 996	 900 	 915 
i 549	 338 	 299 
i 604	 757 	 658 
i 480	 867 	 807 
i 179	 392 	 403 
i 783	 915 	 996 
i 260	 536 	 448 
i 604	 573 	 629 
i 510	 972 	 887 
i 690	 177 	 202 
i 578	 193 	 217 
i 833	 709 	 643 
i 561	 981 	 1036 
i 412	 989 	 940 
i 728	 281 	 267 
i 633	 775 	 718 
i 112	 692 	 687 
i 631	 748 	 664 
i 601	 552 	 570 
i 676	 619 	 575 
i 769	 287 	 359 
i 442	 840 	 878 
i 422	 993 	 944 
i 410	 794 	 827 
i 601	 133 	 112 
i 349	 519 	 424 
i 3	 713 	 640 
i 719	 249 	 303 
i 216	 321 	 295 
i 788	 848 	 757 
i 986	 209 	 272 
i 807	 974 	 925 
i 800	 703 	 739 
i 569	 930 	 848 
i 594	 634 	 672 
i 54	 985 	 893 
i 731	 121 	 29 
i 887	 246 	 298 
i 125	 931 	 1026 
i 953	 373 	 426 
i 65	 416 	 466 
i 37	 253 	 265 
i 703	 484 	 456 
i 624	 200 	 286 
i 213	 281 	 285 
i 197	 897 	 912 
i 209	 934 	 895 
i 360	 973 	 912 
i 284	 762 	 726 
i 579	 744 	 699 
i 922	 537 	 505 
i 84	 318 	 293 
i 503	 817 	 732 
i 605	 250 	 290 
i 797	 188 	 271 
i 682	 654 	 576 
i 608	 279 	 243 
i 578	 554 	 590 
i 312	 729 	 821 
i 24	 126 	 134 
i 504	 371 	 364 
i 737	 673 	 683 
i 533	 119 	 29 
i 689	 190 	 221 
i 776	 815 	 805 
i 388	 741 	 668 
i 578	 841 	 889 
i 77	 237 	 201 
i 773	 842 	 868 
i 790	 811 	 842 
i 84	 405 	 337 
i 716	 820 	 899 
i 725	 420 	 406 
i 814	 468 	 392 
i 607	 164 	 243 
i 316	 568 	 525 
i 137	 690 	 762 
i 279	 463 	 551 
i 102	 750 	 792 
i 889	 425 	 425 
i 222	 121 	 138 
i 20	 264 	 224 
i 368	 175 	 80 
i 770	 558 	 626 
i 830	 666 	 656 
i 345	 575 	 628 
i 996	 829 	 909 
i 393	 708 	 644 
i 113	 655 	 611 
i 466	 401 	 335 
i 477	 849 	 828 
i 650	 482 	 465 
i 722	 752 	 808 
i 227	 778 	 788 
i 851	 640 	 616 
i 374	 152 	 197 
i 183	 833 	 878 
i 855	 748 	 671 
i 468	 910 	 856 
i 794	 275 	 314 
i 624	 429 	 363 
i 43	 781 	 845 
i 764	 262 	 271 
i 515	 958 	 1012 
i 111	 562 	 586 
i 157	 903 	 1002 
i 970	 662 	 598 
i 687	 418 	 325 
i 587	 523 	 523 
i 771	 728 	 687 
i 131	 459 	 543 
i 884	 613 	 705 
i 55	 457 	 502 
i 9	 943 	 891 
i 516	 741 	 711 
i 408	 408 	 410 
i 29	 407 	 403 
i 374	 569 	 502 
i 838	 601 	 652 
i 533	 160 	 165 
i 924	 425 	 456 
i 490	 356 	 364 
i 879	 324 	 343 
i 815	 972 	 993 
i 525	 300 	 224 
i 860	 616 	 621 
i 194	 182 	 193 
i 709	 610 	 696 
i 261	 760 	 813 
i 317	 543 	 503 
i 671	 123 	 68 
i 947	 707 	 750 
i 188	 300 	 319 
i 157	 830 	 812 
i 371	 479 	 566 
i 938	 587 	 646 
i 19	 168 	 266 
i 581	 663 	 703 
i 312	 602 	 694 
i 798	 397 	 352 
i 811	 667 	 757 
i 483	 869 	 948 
i 695	 619 	 536 
i 505	 261 	 209 
i 919	 628 	 650 
i 456	 573 	 583 
i 520	 394 	 408 
i 143	 387 	 317 
i 695	 122 	 114 
i 19	 977 	 929 
i 644	 337 	 251 
i 498	 293 	 303 
i 70	 201 	 151 
i 238	 277 	 328 
i 819	 492 	 526 
i 340	 148 	 74 
i 658	 638 	 668 
i 969	 256 	 314 
i 982	 391 	 388 
i 957	 802 	 803 
i 212	 145 	 75 
i 416	 209 	 238 
i 518	 702 	 745 
i 705	 925 	 1016 
i 135	 707 	 762 
i 177	 418 	 341 
i 770	 534 	 588 
i 934	 224 	 272 
i 249	 929 	 974 
i 27	 474 	 510 
i 65	 925 	 1003 
i 176	 170 	 132 
i 841	 747 	 812 
i 757	 497 	 504 
i 428	 458 	 491 
i 774	 259 	 328 
i 251	 362 	 385 
i 378	 161 	 171 
i 299	 823 	 883 
i 708	 580 	 645 
i 624	 298 	 376 
i 691	 205 	 118 
i 408	 481 	 562 
i 842	 330 	 363 
i 233	 805 	 723 
i 400	 512 	 585 
i 682	 376 	 299 
i 739	 924 	 923 
i 541	 525 	 584 
i 69	 347 	 347 
i 280	 193 	 118 
i 386	 986 	 1049 
i 803	 157 	 102 
i 50	 965 	 878 
i 831	 667 	 627 
i 283	 751 	 791 
i 581	 634 	 610 
i 496	 740 	 664 
i 961	 293 	 325 
i 228	 112 	 158 
i 321	 560 	 462 
i 306	 674 	 653 
i 358	 514 	 454 
i 319	 715 	 665 
i 944	 777 	 693 
i 665	 156 	 129 
i 254	 780 	 869 
i 961	 232 	 220 
i 167	 342 	 323 
i 168	 933 	 959 
i 673	 697 	 787 
i 307	 709 	 660 
i 760	 175 	 198 
i 441	 356 	 443 
i 191	 580 	 656 
i 242	 655 	 664 
i 994	 981 	 1040 
i 131	 934 	 986 
i 392	 439 	 524 
i 317	 799 	 717 
i 976	 473 	 526 
i 650	 432 	 347 
i 723	 663 	 730 
i 998	 323 	 278 
i 527	 267 	 260 
i 140	 161 	 202 
i 119	 647 	 687 
i 45	 469 	 535 
i 414	 257 	 202 
i 189	 192 	 200 
i 596	 276 	 279 
i 958	 959 	 892 
i 580	 138 	 216 
i 819	 881 	 959 
i 995	 238 	 221 
i 53	 654 	 665 
i 655	 395 	 430 
i 59	 131 	 175 
i 223	 872 	 799 
i 315	 184 	 148 
i 501	 666 	 750 
i 456	 239 	 314 
i 486	 389 	 380 
i 353	 293 	 248 
i 497	 196 	 150 
i 109	 568 	 532 
i 428	 175 	 271 
i 451	 776 	 683 
i 308	 529 	 481 
i 390	 649 	 664 
i 15	 938 	 853 
i 160	 867 	 873 
i 473	 759 	 663 
i 678	 278 	 252 
i 774	 525 	 599 
i 289	 767 	 862 
i 361	 167 	 148 
i 110	 150 	 221 
i 581	 185 	 117 
i 187	 418 	 428 
i 118	 931 	 944 
i 968	 111 	 156 
i 698	 586 	 526 
i 887	 604 	 680 
i 353	 936 	 966 
i 93	 820 	 908 
i 157	 801 	 761 
i 201	 273 	 255 
i 285	 146 	 245 
i 631	 293 	 229 
i 554	 786 	 745 
i 555	 404 	 357 
i 90	 163 	 256 
i 645	 342 	 412 
i 573	 236 	 177 
i 372	 818 	 777 
i 148	 767 	 758 
i 331	 149 	 180 
i 371	 517 	 605 
i 576	 513 	 527 
i 337	 675 	 600 
i 666	 941 	 977 
i 725	 291 	 345 
i 986	 261 	 244 
i 127	 132 	 229 
i 922	 316 	 288 
i 661	 583 	 584 
i 704	 988 	 1055 
i 163	 683 	 625 
i 615	 631 	 688 
i 250	 250 	 174 
i 185	 362 	 419 
i 388	 968 	 970 
i 557	 764 	 764 
i 581	 245 	 270 
i 812	 235 	 244 
i 344	 555 	 497 
i 331	 118 	 201 
i 974	 864 	 779 
i 559	 161 	 199 
i 716	 861 	 949 
i 999	 970 	 895 
i 963	 782 	 784 
i 698	 351 	 265 
i 849	 795 	 825 
i 988	 464 	 457 
i 489	 952 	 1013 
i 497	 251 	 178 
i 344	 175 	 97 
i 401	 244 	 278 
i 245	 860 	 837 
i 212	 809 	 786 
i 967	 922 	 892 
i 238	 490 	 399 
i 9	 554 	 633 
i 406	 246 	 323 
i 353	 660 	 635 
i 511	 491 	 565 
i 584	 615 	 558 
i 734	 716 	 739 
i 577	 426 	 498 
i 363	 771 	 685 
i 276	 228 	 136 
i 703	 540 	 495 
i 203	 585 	 542 
i 355	 495 	 533 
i 973	 395 	 304 
i 401	 729 	 740 
i 968	 616 	 543 
i 649	 808 	 882 
i 4	 468 	 458 
i 747	 345 	 407 
i 879	 411 	 328 
i 363	 448 	 506 
i 895	 696 	 794 
i 328	 952 	 921 
i 647	 679 	 643 
i 343	 719 	 763 
i 911	 325 	 363 
i 696	 449 	 417 
i 98	 337 	 305 
i 362	 738 	 656 
i 700	 573 	 667 
i 80	 652 	 618 
i 738	 467 	 412 
i 685	 462 	 473 
i 324	 772 	 712 
i 10	 170 	 179 
i 251	 812 	 803 
i 631	 538 	 468 
i 886	 840 	 790 
i 593	 258 	 280 
i 113	 339 	 301 
i 721	 313 	 291 
i 123	 609 	 535 
i 518	 813 	 876 
i 263	 418 	 345 
i 329	 599 	 528 
i 119	 196 	 175 
i 599	 603 	 509 
i 421	 740 	 823 
i 586	 963 	 964 
i 843	 619 	 643 
i 71	 897 	 865 
i 632	 357 	 350 
i 421	 474 	 570 
i 767	 310 	 259 
i 317	 434 	 449 
i 414	 566 	 605 
i 968	 921 	 879 
i 676	 948 	 990 
i 635	 874 	 834 
i 208	 438 	 366 
i 93	 991 	 933 
i 371	 408 	 477 
i 779	 823 	 776 
i 3	 809 	 715 
i 367	 140 	 110 
i 878	 653 	 706 
i 790	 382 	 428 
i 732	 644 	 626 
i 591	 390 	 299 
i 959	 657 	 607 
i 950	 785 	 754 
i 285	 976 	 1019 
i 87	 839 	 838 
i 872	 188 	 187 
i 905	 219 	 292 
i 516	 532 	 580 
i 821	 324 	 330 
i 421	 976 	 929 
i 735	 452 	 523 
i 350	 493 	 556 
i 110	 719 	 772 
i 83	 138 	 48 
i 902	 775 	 702 
i 988	 327 	 228 
i 111	 770 	 853 
i 584	 650 	 636 
i 824	 423 	 373 
i 798	 898 	 932 
i 183	 245 	 226 
i 613	 118 	 169 
i 297	 844 	 917 
i 328	 635 	 724 
i 75	 681 	 751 
i 319	 802 	 869 
i 61	 810 	 900 
i 668	 735 	 742 
i 20	 229 	 200 
i 904	 453 	 384 
i 57	 161 	 129 
i 65	 523 	 613 
i 889	 308 	 258 
i 480	 189 	 204 
i 121	 144 	 174 
i 899	 900 	 994 
i 686	 758 	 664 
i 389	 714 	 753 
i 522	 301 	 344 
i 906	 620 	 644 
i 964	 760 	 796 
i 428	 174 	 223 
i 650	 133 	 159 
i 738	 356 	 278 
i 775	 870 	 817 
i 664	 561 	 487 
i 393	 536 	 600 
i 72	 564 	 505 
i 286	 298 	 344 
i 858	 937 	 964 
i 590	 602 	 622 
i 661	 318 	 224 
i 686	 981 	 1017 
i 962	 656 	 639 
i 816	 757 	 695 
i 323	 967 	 1038 
i 801	 197 	 147 
i 312	 927 	 891 
i 522	 225 	 246 
i 452	 875 	 868 
i 5	 554 	 465 
i 239	 201 	 244 
i 218	 228 	 208 
i 830	 833 	 806 
i 558	 317 	 253 
i 521	 490 	 491 
i 619	 365 	 326 
i 538	 588 	 611 
i 667	 875 	 803 
i 527	 527 	 545 
i 26	 942 	 961 
i 128	 993 	 1060 
i 260	 742 	 652 
i 73	 213 	 289 
i 305	 539 	 527 
i 732	 701 	 793 
i 19	 262 	 278 
i 556	 534 	 457 
i 416	 195 	 252 
i 884	 319 	 281 
i 820	 845 	 812 
i 812	 487 	 480 
i 523	 340 	 385 
i 638	 387 	 446 
i 121	 283 	 203 
i 785	 675 	 742 
i 955	 641 	 712 
i 432	 269 	 251 
i 527	 376 	 441 
i 762	 186 	 228 
i 589	 466 	 472 
i 12	 768 	 736 
i 271	 294 	 367 
i 581	 940 	 941 
i 774	 762 	 787 
i 409	 856 	 838 
i 7	 711 	 684 
i 185	 583 	 642 
i 484	 949 	 914 
i 569	 795 	 712 
i 968	 540 	 575 
i 707	 124 	 161 
i 914	 430 	 521 
i 847	 313 	 321 
i 580	 763 	 725 
i 419	 432 	 476 
i 94	 798 	 843 
i 625	 236 	 318 
i 568	 947 	 926 
i 339	 348 	 441 
i 821	 427 	 514 
i 836	 140 	 168 
i 196	 752 	 763 
i 423	 716 	 696 
i 158	 307 	 403 
i 519	 587 	 567 
i 293	 341 	 340 
i 435	 990 	 914 
i 376	 914 	 952 
i 643	 379 	 284 
i 998	 349 	 418 
i 32	 292 	 329 
i 753	 863 	 939 
i 435	 469 	 429 
i 656	 829 	 821 
i 192	 815 	 911 
i 451	 284 	 238 
i 441	 726 	 767 
i 344	 835 	 751 
i 646	 559 	 604 
i 914	 585 	 630 
i 119	 451 	 502 
i 965	 171 	 173 
i 369	 955 	 1044 
i 177	 336 	 356 
i 968	 747 	 805 
i 165	 731 	 680 
i 857	 975 	 1012 
i 672	 716 	 622 
i 177	 791 	 826 
i 710	 549 	 567 
i 94	 306 	 347 
i 163	 981 	 1015 
i 112	 547 	 455 
i 366	 499 	 442 
i 82	 146 	 83 
i 779	 852 	 822 
i 751	 182 	 124 
i 432	 792 	 868 
i 199	 819 	 730 
i 692	 531 	 584 
i 912	 168 	 240 
i 891	 799 	 704 
i 382	 509 	 436 
i 819	 548 	 548 
i 858	 743 	 759 
i 693	 911 	 883 
i 773	 336 	 258 
i 539	 522 	 531 
i 337	 418 	 467 
i 810	 470 	 457 
i 874	 265 	 235 
i 648	 144 	 92 
i 97	 167 	 191 
i 589	 289 	 277 
i 300	 736 	 696 
i 201	 366 	 464 
i 453	 690 	 743 
i 916	 792 	 753 
i 262	 389 	 417 
i 666	 163 	 153 
i 840	 552 	 517 
i 878	 863 	 958 
i 941	 189 	 103 
i 142	 743 	 775 
i 845	 248 	 340 
i 133	 515 	 447 
i 784	 510 	 532 
i 550	 303 	 309 
i 863	 576 	 634 
i 922	 259 	 251 
i 419	 662 	 622 
i 266	 953 	 888 
i 355	 931 	 855 
i 67	 996 	 948 
i 221	 695 	 616 
i 676	 660 	 608 
i 126	 804 	 708 
i 343	 462 	 476 
i 866	 934 	 921 
i 34	 751 	 723 
i 653	 271 	 326 
i 601	 539 	 448 
i 524	 699 	 679 
i 520	 806 	 799 
i 177	 150 	 187 
i 795	 246 	 218 
i 575	 459 	 456 
i 969	 481 	 547 
i 896	 992 	 1031 
i 617	 492 	 538 
i 798	 813 	 790 
i 281	 617 	 714 
i 942	 658 	 660 
i 725	 125 	 31 
i 769	 540 	 481 
i 921	 262 	 162 
i 314	 586 	 601 
i 730	 132 	 141 
i 722	 873 	 861 
i 152	 606 	 518 
i 941	 369 	 440 
i 511	 713 	 640 
i 127	 702 	 618 
i 144	 268 	 329 
i 626	 297 	 312 
i 797	 482 	 481 
i 332	 485 	 547 
i 356	 999 	 1007 
i 214	 598 	 550 
i 770	 993 	 976 
i 61	 159 	 130 
i 738	 923 	 996 
i 403	 158 	 257 
i 581	 231 	 158 
i 790	 949 	 1002 
i 208	 572 	 584 
i 629	 126 	 204 
i 629	 849 	 799 
i 178	 442 	 434 
i 170	 678 	 624 
i 225	 159 	 118 
i 139	 476 	 382 
i 192	 360 	 347 
i 328	 356 	 259 
i 271	 480 	 541 
i 790	 271 	 173 
i 808	 772 	 800 
i 638	 678 	 632 
i 12	 902 	 892 
i 649	 426 	 450 
i 704	 634 	 702 
i 116	 896 	 992 
i 396	 926 	 860 
i 671	 425 	 425 
i 87	 440 	 494 
i 268	 268 	 280 
i 12	 281 	 255 
i 650	 854 	 756 
i 540	 208 	 112 
i 894	 609 	 643 
i 484	 271 	 246 
i 368	 133 	 131 
i 285	 118 	 195 
i 638	 274 	 285 
i 9	 721 	 749 
i 186	 519 	 601 
i 378	 132 	 216 
i 215	 463 	 477 
i 325	 472 	 394 
i 884	 491 	 392 
i 66	 199 	 197 
i 92	 533 	 605 
i 100	 969 	 898 
i 283	 868 	 924 
i 969	 474 	 532 
i 429	 158 	 253 
i 454	 968 	 939 
i 849	 900 	 914 
i 257	 520 	 599 
i 685	 622 	 678 
i 785	 629 	 698 
i 260	 178 	 265 
i 226	 943 	 850 
i 78	 184 	 148 
i 486	 880 	 837 
i 539	 696 	 739 
i 504	 677 	 611 
i 392	 994 	 898 
i 852	 613 	 568 
i 428	 520 	 612 
i 11	 325 	 374 
i 87	 188 	 89 
i 24	 133 	 79 
i 106	 166 	 128 
i 971	 451 	 510 
i 630	 709 	 676 
i 268	 459 	 527 
i 262	 613 	 559 
i 826	 633 	 550 
i 287	 881 	 883 
i 528	 849 	 853 
i 616	 626 	 648 
i 641	 635 	 661 
i 704	 843 	 891 
i 88	 232 	 274 
i 760	 942 	 910 
i 153	 353 	 375 
i 717	 212 	 286 
i 305	 419 	 458 
i 172	 495 	 591 
i 4	 951 	 953 
i 583	 528 	 453 
i 173	 182 	 236 
i 997	 746 	 740 
i 134	 515 	 527 
i 69	 259 	 223 
i 342	 564 	 558 
i 456	 218 	 156 
i 802	 993 	 992 
i 236	 724 	 757 
i 181	 711 	 745 
i 650	 278 	 228 
i 730	 392 	 377 
i 446	 188 	 172 
i 900	 609 	 620 
i 69	 219 	 244 
i 578	 505 	 598 
i 699	 926 	 910 
i 692	 207 	 152 
i 382	 649 	 641 
i 58	 354 	 382 
i 246	 951 	 909 
i 563	 288 	 192 
i 650	 668 	 661 
i 212	 157 	 131 
i 334	 653 	 640 
i 777	 322 	 225 
i 695	 295 	 338 
i 804	 672 	 653 
i 410	 875 	 933 
i 683	 397 	 466 
i 629	 969 	 887 
i 829	 341 	 372 
i 457	 363 	 324 
i 509	 780 	 783 
i 120	 221 	 291 
i 358	 611 	 636 
i 565	 626 	 591 
i 197	 374 	 299 
i 57	 737 	 744 
i 379	 551 	 495 
i 344	 415 	 485 
i 603	 499 	 535 
i 887	 194 	 121 
i 640	 467 	 496 
i 764	 927 	 980 
i 328	 796 	 720 
i 907	 467 	 504 
i 204	 756 	 832 
i 908	 872 	 960 
i 404	 462 	 425 
i 747	 660 	 692 
i 184	 528 	 481 
i 277	 245 	 175 
i 678	 367 	 425 
i 597	 941 	 952 
i 368	 733 	 810 
i 769	 842 	 900 
i 495	 565 	 664 
i 352	 462 	 543 
i 747	 410 	 372 
i 365	 695 	 606 
i 835	 396 	 344 
i 986	 633 	 636 
i 275	 770 	 709 
i 209	 588 	 646 
i 908	 196 	 128 
i 731	 985 	 1070 
i 243	 802 	 787 
i 638	 801 	 856 
i 975	 718 	 722 
i 633	 994 	 1071 
i 953	 156 	 200 
i 541	 370 	 412 
i 284	 831 	 928 
i 820	 116 	 54 
i 917	 821 	 741 
i 900	 964 	 1030 
i 679	 901 	 816 
i 455	 390 	 433 
i 138	 192 	 230 
i 132	 658 	 622 
i 183	 559 	 514 
i 475	 314 	 377 
i 285	 946 	 866 
i 292	 933 	 1017 
i 91	 216 	 284 
i 51	 308 	 356 
i 940	 161 	 145 
i 255	 229 	 304 
i 347	 865 	 767 
i 961	 591 	 519 
i 466	 878 	 843 
i 695	 236 	 296 
i 635	 964 	 881 
i 560	 166 	 141 
i 679	 987 	 980 
i 900	 845 	 848 
i 957	 615 	 606 
i 91	 989 	 1031 
i 939	 878 	 790 
i 479	 889 	 793 
i 343	 129 	 126 
i 484	 420 	 356 
i 444	 245 	 308 
i 506	 323 	 298 
i 492	 659 	 570 
i 318	 188 	 279 
i 885	 650 	 733 
i 873	 170 	 71 
i 736	 805 	 894 
i 612	 860 	 845 
i 634	 880 	 933 
i 982	 426 	 376 
i 134	 590 	 629 
i 372	 429 	 369 
i 989	 765 	 803 
i 77	 817 	 719 
i 683	 780 	 859 
i 750	 705 	 759 
i 531	 711 	 712 
i 374	 663 	 587 
i 240	 152 	 202 
i 594	 835 	 882 
i 134	 170 	 243 
i 491	 790 	 738 
i 228	 970 	 916 
i 23	 699 	 660 
i 775	 710 	 808 
i 444	 619 	 667 
i 120	 416 	 370 
i 740	 868 	 897 
i 787	 975 	 1052 
i 601	 756 	 752 
i 669	 522 	 544 
i 433	 406 	 327 
i 400	 621 	 587 
i 61	 827 	 798 
i 735	 212 	 138 
i 307	 203 	 218 
i 651	 862 	 900 
i 502	 215 	 202 
i 475	 789 	 733 
i 201	 688 	 752 
i 663	 226 	 224 
i 996	 772 	 857 
i 571	 865 	 829 
i 377	 273 	 250 
i 491	 589 	 513 
i 595	 705 	 690 
i 441	 328 	 243 
i 558	 946 	 962 
i 321	 444 	 355 
i 970	 642 	 593 
i 101	 486 	 569 
i 844	 924 	 1007 
i 693	 858 	 855 
i 875	 258 	 330 
i 413	 601 	 571 
i 83	 708 	 798 
i 327	 200 	 178 
i 267	 270 	 359 
i 642	 786 	 739 
i 240	 836 	 784 
i 662	 175 	 143 
i 577	 993 	 929 
i 418	 918 	 993 
i 583	 462 	 512 
i 134	 341 	 274 
i 806	 657 	 606 
i 906	 612 	 627 
i 86	 960 	 1028 
i 845	 914 	 910 
i 662	 265 	 309 
i 734	 478 	 455 
i 727	 781 	 873 
i 635	 945 	 921 
i 32	 836 	 928 
i 291	 616 	 535 
i 905	 763 	 843 
i 470	 984 	 1046 
i 426	 606 	 685 
i 329	 466 	 514 
i 503	 897 	 877 
i 916	 653 	 580 
i 670	 997 	 1069 
i 608	 965 	 965 
i 424	 415 	 421 
i 992	 383 	 447 
i 726	 471 	 516 
i 708	 386 	 325 
i 266	 218 	 242 
i 665	 126 	 216 
i 550	 785 	 776 
i 160	 255 	 229 
i 157	 378 	 286 
i 119	 257 	 286 
i 461	 702 	 616 
i 768	 286 	 199 
i 174	 128 	 186 
i 483	 775 	 774 
i 604	 952 	 1005 
i 621	 617 	 603 
i 380	 575 	 671 
i 543	 980 	 908 
i 843	 421 	 380 
i 9	 458 	 441 
i 674	 146 	 221 
i 871	 212 	 241 
i 891	 270 	 333 
i 639	 974 	 934 
i 585	 529 	 610 
i 155	 321 	 326 
i 677	 704 	 785 
i 655	 687 	 677 
i 5	 813 	 771 
i 396	 189 	 149 
i 436	 560 	 655 
i 550	 451 	 520 
i 730	 135 	 183 
i 701	 863 	 838 
i 173	 243 	 336 
i 409	 159 	 83 
i 77	 629 	 688 
i 725	 547 	 537 
i 515	 948 	 939 
i 603	 321 	 391 
i 109	 590 	 548 
i 491	 570 	 638 
i 519	 436 	 450 
i 366	 205 	 159 
i 514	 543 	 531 
i 569	 512 	 582 
i 152	 619 	 704 
i 643	 439 	 469 
i 585	 842 	 775 
i 822	 361 	 415 
i 362	 231 	 307 
i 878	 489 	 463 
i 245	 347 	 425 
i 351	 854 	 805 
i 836	 206 	 260 
i 288	 600 	 567 
i 859	 469 	 467 
i 229	 406 	 332 
i 53	 987 	 1031 
i 334	 248 	 256 
i 469	 934 	 1014 
i 895	 827 	 883 
i 161	 269 	 174 
i 996	 171 	 146 
i 104	 399 	 341 
i 655	 195 	 195 
i 59	 497 	 469 
i 391	 934 	 951 
i 377	 165 	 193 
i 531	 806 	 901 
i 457	 399 	 388 
i 263	 314 	 282 
i 441	 120 	 120 
i 510	 144 	 143 
i 834	 480 	 500 
i 929	 670 	 621 
i 364	 227 	 190 
i 290	 547 	 588 
i 352	 182 	 98 
i 134	 753 	 775 
i 458	 731 	 645 
i 686	 238 	 204 
i 697	 541 	 596 
i 735	 986 	 942 
i 151	 540 	 463 
i 780	 186 	 95 
i 910	 415 	 397 
i 402	 696 	 736 
i 483	 435 	 345 
i 206	 509 	 446 
i 903	 166 	 195 
i 47	 230 	 196 
i 531	 527 	 432 
i 516	 327 	 379 
i 998	 581 	 664 
i 84	 686 	 725 
i 427	 729 	 750 
i 85	 207 	 108 
i 450	 831 	 829 
i 898	 880 	 919 
i 961	 157 	 176 
i 96	 731 	 760 
i 564	 137 	 72 
i 807	 163 	 201 
i 337	 843 	 881 
i 984	 768 	 823 
i 680	 497 	 437 
i 789	 147 	 104 
i 600	 155 	 202 
i 465	 591 	 618 
i 518	 320 	 339 
i 217	 853 	 891 
i 247	 539 	 490 
i 306	 697 	 609 
i 130	 423 	 403 
i 869	 149 	 125 
i 305	 839 	 752 
i 346	 129 	 199 
i 396	 384 	 374 
i 936	 150 	 233 
i 173	 715 	 702 
i 8	 356 	 386 
i 490	 972 	 1052 
i 150	 310 	 251 
i 501	 367 	 334 
i 545	 723 	 664 
i 364	 176 	 178 
i 385	 234 	 305 
i 693	 994 	 944 
i 737	 509 	 446 
i 418	 438 	 410 
i 694	 828 	 801 
i 663	 521 	 592 
i 887	 433 	 334 
i 177	 617 	 618 
i 865	 917 	 827 
i 939	 211 	 194 
i 79	 666 	 726 
i 73	 539 	 538 
i 521	 763 	 709 
i 889	 931 	 961 
i 695	 363 	 332 
i 157	 692 	 593 
i 520	 566 	 645 
i 90	 574 	 488 
i 996	 138 	 225 
i 110	 186 	 261 
i 734	 558 	 649 
i 216	 383 	 288 
i 950	 824 	 833 
i 873	 143 	 130 
i 159	 722 	 648 
i 812	 140 	 98 
i 325	 148 	 210 
i 846	 945 	 1025 
i 877	 121 	 200 
i 961	 955 	 856 
i 465	 846 	 894 
i 771	 808 	 899 
i 573	 833 	 914 
i 609	 432 	 488 
i 297	 822 	 910 
i 330	 941 	 991 
i 373	 311 	 226 
i 311	 143 	 227 
i 323	 943 	 1003 
i 273	 851 	 903 
i 101	 858 	 803 
i 884	 628 	 727 
i 697	 590 	 604 
i 60	 509 	 444 
i 859	 315 	 310 
i 794	 261 	 322 
i 20	 930 	 865 
i 56	 998 	 996 
i 991	 930 	 992 
i 825	 752 	 669 
i 666	 541 	 478 
i 248	 742 	 656 
i 787	 740 	 793 
i 236	 358 	 423 
i 465	 518 	 555 
i 634	 941 	 937 
i 556	 769 	 769 
i 555	 929 	 940 
i 477	 475 	 484 
i 199	 309 	 283 
i 683	 385 	 292 
i 394	 551 	 508 
i 102	 614 	 528 
i 380	 409 	 370 
i 838	 256 	 310 
i 773	 867 	 848 
i 514	 406 	 498 
i 434	 851 	 854 
i 844	 456 	 555 
i 69	 943 	 882 
i 377	 385 	 460 
i 872	 420 	 374 
i 440	 674 	 648 
i 775	 740 	 790 
i 938	 126 	 144 
i 789	 814 	 787 
i 122	 288 	 364 
i 955	 257 	 219 
i 344	 719 	 650 
i 281	 717 	 662 
i 590	 891 	 911 
i 937	 783 	 778 
i 572	 137 	 220 
i 280	 470 	 508 
i 296	 252 	 277 
i 88	 779 	 762 
i 288	 216 	 224 
i 452	 998 	 997 
i 137	 389 	 457 
i 818	 530 	 454 
i 696	 732 	 774 
i 453	 381 	 410 
i 482	 805 	 749 
i 886	 731 	 730 
i 46	 457 	 516 
i 797	 128 	 204 
i 915	 501 	 435 
i 914	 981 	 1005 
i 227	 533 	 585 
i 699	 391 	 406 
i 399	 499 	 454 
i 703	 242 	 287 
i 484	 819 	 761 
i 183	 126 	 45 
i 573	 570 	 498 
i 592	 389 	 476 
i 32	 286 	 356 
i 11	 438 	 491 
i 486	 991 	 1090 
i 802	 778 	 816 
i 239	 404 	 322 
i 386	 648 	 707 
i 183	 407 	 363 
i 201	 594 	 586 
i 717	 680 	 587 
i 31	 806 	 831 
i 228	 752 	 783 
i 596	 623 	 656 
i 587	 417 	 348 
i 338	 413 	 504 
i 668	 141 	 80 
i 273	 224 	 240 
i 606	 932 	 985 
i 150	 292 	 385 
i 789	 704 	 740 
i 572	 736 	 778 
i 293	 405 	 493 
i 869	 991 	 998 
i 214	 697 	 621 
i 554	 835 	 827 
i 589	 798 	 723 
i 716	 972 	 952 
i 640	 601 	 502 
i 845	 393 	 324 
i 512	 362 	 451 
i 216	 970 	 973 
i 546	 716 	 778 
i 536	 664 	 700 
i 196	 253 	 332 
i 12	 364 	 353 
i 784	 775 	 682 
i 754	 890 	 941 
i 306	 359 	 338 
i 623	 367 	 315 
i 906	 507 	 557 
i 873	 461 	 554 
i 554	 922 	 924 
i 177	 756 	 666 
i 337	 473 	 422 
i 622	 381 	 332 
i 369	 781 	 689 
i 246	 815 	 874 
i 525	 598 	 518 
i 813	 950 	 995 
i 260	 275 	 301 
i 653	 944 	 945 
i 566	 916 	 828 
i 293	 485 	 432 
i 701	 530 	 544 
i 6	 750 	 689 
i 759	 980 	 992 
i 553	 129 	 191 
i 101	 838 	 805 
i 46	 930 	 859 
i 230	 687 	 668 
i 168	 361 	 273 
i 75	 812 	 837 
i 495	 865 	 949 
i 967	 187 	 211 
i 687	 697 	 722 
i 665	 871 	 848 
i 685	 484 	 572 
i 504	 316 	 224 
i 425	 615 	 532 
i 74	 748 	 711 
i 355	 222 	 218 
i 144	 277 	 288 
i 992	 836 	 746 
i 79	 767 	 671 
i 739	 431 	 472 
i 595	 989 	 963 
i 16	 445 	 356 
i 247	 391 	 403 
i 813	 428 	 525 
i 530	 505 	 417 
i 656	 786 	 769 
i 844	 327 	 338 
i 660	 824 	 834 
i 398	 872 	 898 
i 758	 891 	 864 
i 747	 632 	 724 
i 123	 963 	 1058 
i 439	 127 	 72 
i 796	 626 	 533 
i 240	 615 	 629 
i 999	 669 	 614 
i 243	 149 	 62 
i 46	 645 	 691 
i 901	 247 	 172 
i 779	 807 	 884 
i 366	 246 	 272 
i 325	 214 	 265 
i 343	 195 	 134 
i 923	 396 	 494 
i 491	 431 	 377 
i 119	 938 	 884 
i 162	 250 	 244 
i 763	 312 	 316 
i 916	 961 	 945 
i 700	 187 	 127 
i 852	 976 	 989 
i 968	 651 	 729 
i 64	 435 	 382 
i 385	 609 	 540 
i 745	 602 	 632 
i 676	 809 	 862 
i 833	 125 	 211 
i 60	 547 	 585 
i 17	 120 	 142 
i 103	 495 	 457 
i 76	 674 	 606 
i 683	 289 	 215 
i 49	 193 	 132 
i 609	 402 	 418 
i 163	 543 	 508 
i 948	 232 	 132 
i 965	 916 	 983 
i 456	 855 	 934 
i 468	 583 	 665 
i 900	 238 	 141 
i 535	 515 	 433 
i 735	 660 	 714 
i 828	 778 	 842 
i 157	 952 	 938 
i 643	 580 	 599 
i 780	 870 	 878 
i 686	 872 	 873 
i 524	 726 	 819 
i 55	 633 	 619 
i 198	 555 	 521 
i 652	 568 	 641 
i 271	 649 	 669 
i 22	 449 	 435 
i 968	 292 	 309 
i 496	 676 	 622 
i 351	 317 	 219 
i 208	 800 	 839 
i 899	 364 	 308 
i 487	 333 	 288 
i 987	 718 	 713 
i 502	 125 	 50 
i 108	 896 	 875 
i 488	 544 	 528 
i 692	 927 	 904 
i 328	 561 	 638 
i 560	 767 	 714 
i 336	 778 	 766 
i 621	 510 	 478 
i 870	 708 	 774 
i 554	 955 	 1018 
i 570	 488 	 451 
i 454	 602 	 587 
i 940	 956 	 1039 
i 859	 441 	 462 
i 366	 787 	 874 
i 105	 684 	 683 
i 855	 894 	 960 
i 306	 399 	 389 
i 977	 704 	 668 
i 927	 553 	 628 
i 353	 390 	 379 
i 905	 674 	 754 
i 857	 165 	 233 
i 229	 979 	 1019 
i 989	 630 	 543 
i 635	 573 	 507 
i 516	 125 	 30 
i 841	 864 	 830 
i 508	 378 	 340 
i 6	 666 	 613 
i 320	 556 	 574 
i 954	 954 	 953 
i 16	 865 	 835 
i 992	 723 	 739 
i 576	 457 	 471 
i 97	 516 	 457 
i 113	 669 	 713 
i 960	 693 	 705 
i 262	 989 	 903 
i 885	 376 	 291 
i 387	 588 	 567 
i 336	 224 	 194 
i 184	 665 	 638 
i 873	 980 	 951 
i 263	 608 	 695 
i 719	 228 	 134 
i 348	 412 	 341 
i 3	 166 	 87 
i 990	 667 	 640 
i 290	 732 	 682 
i 827	 801 	 829 
i 955	 266 	 361 
i 579	 580 	 512 
i 557	 907 	 813 
i 117	 338 	 297 
i 249	 281 	 184 
i 587	 310 	 282 
i 649	 439 	 412 
i 276	 533 	 504 
i 974	 859 	 888 
i 751	 195 	 189 
i 926	 765 	 750 
i 454	 743 	 644 
i 350	 886 	 899 
i 605	 916 	 952 
i 797	 291 	 377 
i 22	 305 	 308 
i 391	 629 	 562 
i 866	 954 	 942 
i 708	 383 	 366 
i 804	 958 	 892 
i 540	 491 	 410 
i 252	 872 	 882 
i 124	 880 	 960 
i 30	 494 	 495 
i 233	 212 	 172 
i 451	 151 	 115 
i 35	 612 	 655 
i 983	 762 	 778 
i 291	 268 	 225 
i 244	 641 	 559 
i 672	 793 	 819 
i 529	 879 	 956 
i 395	 480 	 381 
i 826	 392 	 299 
i 940	 842 	 796 
i 985	 222 	 266 
i 550	 511 	 562 
i 283	 258 	 306 
i 461	 775 	 681 
i 58	 144 	 99 
i 824	 227 	 316 
i 688	 791 	 786 
i 104	 689 	 763 
i 420	 697 	 736 
i 243	 732 	 759 
i 369	 974 	 998 
i 819	 727 	 661 
i 985	 511 	 501 
i 733	 281 	 364 
i 770	 309 	 403 
i 901	 554 	 613 
c
c
W 502456
c end of file