c Instance Type k
c
n 500
c w	 v1	 v2
i 669	 659 	 350 
i 178	 512 	 504 
i 409	 354 	 648 
i 415	 121 	 839 
i 974	 249 	 676 
i 694	 334 	 613 
i 633	 695 	 384 
i 437	 724 	 349 
i 281	 804 	 190 
i 528	 767 	 299 
i 861	 437 	 560 
i 412	 614 	 285 
i 993	 23 	 920 
i 507	 437 	 558 
i 813	 411 	 634 
i 944	 106 	 805 
i 186	 738 	 312 
i 82	 176 	 819 
i 948	 457 	 499 
i 421	 984 	 5 
i 254	 846 	 151 
i 746	 258 	 661 
i 750	 251 	 673 
i 109	 758 	 253 
i 587	 572 	 522 
i 314	 516 	 398 
i 375	 702 	 361 
i 131	 784 	 314 
i 611	 732 	 257 
i 895	 154 	 831 
i 947	 408 	 546 
i 436	 155 	 851 
i 538	 904 	 154 
i 662	 14 	 947 
i 224	 600 	 322 
i 197	 914 	 117 
i 274	 290 	 676 
i 91	 421 	 501 
i 83	 32 	 980 
i 531	 927 	 0 
i 963	 874 	 108 
i 242	 311 	 702 
i 777	 848 	 145 
i 564	 511 	 485 
i 110	 734 	 182 
i 227	 931 	 0 
i 859	 206 	 751 
i 195	 296 	 745 
i 314	 379 	 669 
i 166	 909 	 127 
i 171	 872 	 136 
i 585	 115 	 955 
i 153	 892 	 148 
i 625	 456 	 485 
i 111	 566 	 523 
i 196	 792 	 283 
i 196	 652 	 263 
i 485	 846 	 129 
i 196	 160 	 891 
i 936	 326 	 707 
i 606	 497 	 510 
i 150	 82 	 936 
i 4	 234 	 775 
i 706	 858 	 41 
i 919	 968 	 75 
i 867	 165 	 806 
i 746	 361 	 540 
i 830	 846 	 225 
i 211	 42 	 859 
i 969	 978 	 42 
i 637	 584 	 484 
i 179	 733 	 351 
i 834	 737 	 193 
i 382	 444 	 458 
i 386	 363 	 734 
i 956	 231 	 698 
i 319	 976 	 63 
i 333	 807 	 163 
i 194	 18 	 928 
i 214	 987 	 42 
i 560	 624 	 468 
i 404	 803 	 235 
i 329	 637 	 348 
i 487	 20 	 984 
i 504	 405 	 542 
i 490	 362 	 631 
i 641	 680 	 308 
i 152	 13 	 914 
i 509	 206 	 747 
i 908	 420 	 530 
i 286	 980 	 105 
i 247	 384 	 652 
i 941	 712 	 251 
i 374	 200 	 767 
i 250	 704 	 345 
i 489	 194 	 726 
i 958	 835 	 222 
i 405	 986 	 91 
i 659	 496 	 404 
i 930	 405 	 580 
i 189	 690 	 291 
i 72	 936 	 129 
i 758	 878 	 122 
i 82	 252 	 788 
i 424	 502 	 478 
i 172	 990 	 66 
i 281	 949 	 65 
i 70	 354 	 630 
i 872	 14 	 990 
i 880	 943 	 50 
i 309	 133 	 768 
i 716	 205 	 885 
i 509	 962 	 114 
i 14	 44 	 866 
i 717	 468 	 548 
i 126	 639 	 375 
i 727	 919 	 94 
i 165	 989 	 97 
i 588	 862 	 215 
i 508	 742 	 324 
i 832	 51 	 994 
i 846	 767 	 166 
i 797	 276 	 649 
i 626	 289 	 645 
i 706	 7 	 961 
i 289	 132 	 824 
i 861	 859 	 80 
i 384	 24 	 899 
i 260	 611 	 299 
i 150	 119 	 940 
i 982	 951 	 126 
i 948	 798 	 224 
i 119	 595 	 483 
i 252	 222 	 713 
i 429	 927 	 32 
i 74	 217 	 745 
i 357	 79 	 851 
i 561	 462 	 477 
i 754	 721 	 341 
i 809	 871 	 214 
i 606	 854 	 222 
i 454	 802 	 233 
i 69	 921 	 49 
i 959	 174 	 824 
i 140	 603 	 381 
i 326	 676 	 351 
i 644	 34 	 962 
i 820	 594 	 341 
i 21	 349 	 731 
i 831	 158 	 896 
i 762	 764 	 261 
i 643	 219 	 766 
i 323	 288 	 681 
i 597	 247 	 757 
i 94	 387 	 537 
i 517	 712 	 348 
i 158	 357 	 710 
i 876	 177 	 809 
i 57	 198 	 858 
i 959	 30 	 992 
i 732	 791 	 249 
i 360	 435 	 649 
i 790	 757 	 184 
i 143	 355 	 635 
i 668	 448 	 620 
i 796	 964 	 75 
i 602	 123 	 959 
i 440	 998 	 9 
i 873	 56 	 888 
i 655	 15 	 920 
i 594	 747 	 173 
i 298	 107 	 901 
i 219	 897 	 62 
i 428	 40 	 951 
i 884	 708 	 211 
i 727	 504 	 408 
i 283	 107 	 830 
i 196	 546 	 390 
i 285	 420 	 527 
i 572	 75 	 869 
i 888	 669 	 230 
i 996	 966 	 14 
i 540	 186 	 714 
i 840	 614 	 294 
i 495	 498 	 552 
i 597	 226 	 725 
i 664	 509 	 463 
i 853	 704 	 378 
i 41	 988 	 37 
i 284	 561 	 420 
i 542	 449 	 465 
i 546	 446 	 461 
i 657	 985 	 26 
i 666	 826 	 242 
i 714	 321 	 646 
i 470	 918 	 103 
i 731	 582 	 332 
i 98	 435 	 620 
i 11	 476 	 577 
i 344	 760 	 205 
i 752	 302 	 753 
i 829	 848 	 96 
i 872	 506 	 435 
i 102	 172 	 734 
i 944	 886 	 84 
i 285	 357 	 597 
i 851	 88 	 973 
i 927	 185 	 772 
i 707	 196 	 857 
i 475	 540 	 465 
i 804	 292 	 774 
i 582	 121 	 914 
i 807	 993 	 19 
i 18	 95 	 874 
i 54	 39 	 894 
i 411	 324 	 695 
i 686	 176 	 861 
i 543	 103 	 971 
i 836	 809 	 103 
i 605	 285 	 736 
i 135	 89 	 980 
i 966	 671 	 231 
i 647	 478 	 423 
i 832	 495 	 425 
i 190	 549 	 379 
i 433	 959 	 66 
i 33	 645 	 383 
i 720	 188 	 861 
i 592	 24 	 944 
i 660	 629 	 439 
i 268	 763 	 323 
i 167	 730 	 290 
i 187	 377 	 538 
i 200	 210 	 804 
i 307	 399 	 525 
i 453	 832 	 84 
i 923	 865 	 180 
i 569	 585 	 498 
i 317	 178 	 910 
i 875	 837 	 176 
i 718	 105 	 861 
i 649	 272 	 639 
i 253	 458 	 529 
i 334	 657 	 372 
i 910	 964 	 6 
i 36	 417 	 659 
i 121	 340 	 709 
i 850	 909 	 63 
i 767	 227 	 774 
i 708	 102 	 866 
i 279	 819 	 170 
i 612	 469 	 575 
i 676	 721 	 214 
i 117	 55 	 974 
i 767	 965 	 108 
i 816	 2 	 919 
i 698	 122 	 889 
i 446	 971 	 60 
i 778	 738 	 300 
i 288	 447 	 612 
i 634	 725 	 297 
i 86	 337 	 579 
i 808	 13 	 977 
i 989	 130 	 941 
i 828	 896 	 168 
i 630	 713 	 352 
i 850	 412 	 677 
i 411	 857 	 226 
i 879	 636 	 395 
i 575	 923 	 18 
i 373	 558 	 507 
i 988	 644 	 288 
i 74	 453 	 482 
i 879	 442 	 519 
i 739	 270 	 670 
i 564	 900 	 184 
i 391	 751 	 214 
i 339	 162 	 775 
i 258	 42 	 975 
i 916	 617 	 432 
i 22	 989 	 34 
i 851	 978 	 115 
i 20	 52 	 908 
i 200	 930 	 143 
i 510	 669 	 253 
i 716	 234 	 668 
i 637	 625 	 428 
i 968	 963 	 127 
i 159	 222 	 872 
i 984	 138 	 879 
i 733	 159 	 855 
i 41	 11 	 950 
i 990	 30 	 948 
i 394	 229 	 777 
i 239	 739 	 201 
i 354	 456 	 531 
i 370	 93 	 818 
i 138	 61 	 842 
i 67	 220 	 729 
i 38	 204 	 773 
i 625	 937 	 89 
i 202	 977 	 68 
i 757	 967 	 78 
i 363	 361 	 701 
i 900	 600 	 410 
i 107	 954 	 1 
i 547	 325 	 594 
i 613	 462 	 469 
i 642	 529 	 446 
i 893	 566 	 450 
i 282	 191 	 813 
i 829	 393 	 606 
i 387	 150 	 843 
i 973	 513 	 552 
i 788	 413 	 572 
i 343	 519 	 457 
i 353	 67 	 950 
i 455	 679 	 254 
i 618	 322 	 717 
i 2	 215 	 737 
i 587	 497 	 493 
i 111	 326 	 743 
i 611	 712 	 387 
i 80	 685 	 316 
i 908	 474 	 610 
i 338	 817 	 171 
i 721	 171 	 830 
i 429	 626 	 311 
i 599	 245 	 756 
i 298	 246 	 799 
i 562	 833 	 110 
i 18	 943 	 86 
i 866	 555 	 396 
i 864	 634 	 455 
i 376	 543 	 440 
i 300	 880 	 67 
i 743	 602 	 379 
i 253	 31 	 872 
i 443	 630 	 325 
i 953	 927 	 91 
i 680	 489 	 482 
i 903	 507 	 453 
i 453	 374 	 697 
i 715	 239 	 759 
i 663	 614 	 292 
i 85	 913 	 171 
i 325	 657 	 346 
i 735	 910 	 104 
i 772	 353 	 582 
i 54	 307 	 613 
i 581	 986 	 68 
i 941	 890 	 29 
i 246	 344 	 651 
i 106	 59 	 954 
i 599	 721 	 244 
i 636	 806 	 142 
i 553	 131 	 949 
i 73	 866 	 196 
i 623	 638 	 293 
i 803	 691 	 302 
i 910	 273 	 717 
i 507	 214 	 754 
i 611	 460 	 577 
i 89	 565 	 484 
i 804	 164 	 829 
i 135	 799 	 155 
i 379	 353 	 628 
i 280	 425 	 529 
i 92	 48 	 986 
i 255	 850 	 170 
i 725	 761 	 314 
i 182	 268 	 649 
i 529	 879 	 130 
i 221	 967 	 15 
i 970	 772 	 183 
i 443	 907 	 15 
i 720	 287 	 698 
i 130	 567 	 504 
i 404	 658 	 422 
i 317	 912 	 142 
i 921	 638 	 364 
i 797	 819 	 237 
i 888	 349 	 683 
i 438	 570 	 455 
i 553	 541 	 439 
i 832	 983 	 36 
i 911	 703 	 316 
i 344	 833 	 98 
i 201	 238 	 826 
i 106	 554 	 492 
i 861	 476 	 497 
i 378	 274 	 663 
i 162	 162 	 845 
i 824	 599 	 322 
i 456	 153 	 877 
i 859	 985 	 73 
i 170	 897 	 70 
i 767	 242 	 691 
i 931	 442 	 539 
i 753	 548 	 544 
i 488	 409 	 578 
i 860	 786 	 256 
i 53	 948 	 132 
i 594	 772 	 222 
i 706	 228 	 796 
i 358	 87 	 927 
i 992	 257 	 744 
i 332	 24 	 968 
i 503	 955 	 27 
i 913	 708 	 339 
i 877	 197 	 732 
i 317	 58 	 989 
i 30	 111 	 965 
i 903	 705 	 326 
i 377	 411 	 665 
i 4	 768 	 326 
i 616	 761 	 183 
i 126	 93 	 855 
i 876	 596 	 344 
i 70	 509 	 574 
i 810	 386 	 535 
i 959	 703 	 230 
i 896	 732 	 223 
i 780	 636 	 461 
i 437	 14 	 930 
i 322	 18 	 900 
i 294	 633 	 452 
i 523	 758 	 145 
i 775	 634 	 389 
i 983	 703 	 221 
i 900	 513 	 489 
i 14	 473 	 469 
i 185	 369 	 720 
i 466	 150 	 866 
i 453	 586 	 433 
i 851	 908 	 117 
i 18	 203 	 745 
i 945	 725 	 175 
i 965	 500 	 527 
i 583	 484 	 484 
i 709	 384 	 687 
i 222	 397 	 568 
i 438	 582 	 457 
i 386	 49 	 977 
i 969	 501 	 485 
i 567	 352 	 616 
i 182	 370 	 638 
i 429	 315 	 638 
i 435	 280 	 774 
i 75	 863 	 87 
i 419	 572 	 455 
i 276	 794 	 112 
i 606	 232 	 791 
i 306	 617 	 416 
i 156	 587 	 345 
i 591	 154 	 849 
i 934	 335 	 742 
i 481	 764 	 176 
i 752	 199 	 797 
i 524	 274 	 694 
i 779	 692 	 391 
i 418	 968 	 94 
i 455	 575 	 514 
i 74	 881 	 131 
i 740	 37 	 882 
i 908	 627 	 333 
i 429	 562 	 465 
i 320	 43 	 914 
i 524	 794 	 226 
i 9	 318 	 757 
i 357	 98 	 914 
i 276	 515 	 491 
i 990	 970 	 14 
i 935	 44 	 998 
i 499	 784 	 120 
i 649	 693 	 337 
i 953	 123 	 819 
i 592	 442 	 509 
i 995	 966 	 7 
i 598	 974 	 46 
i 474	 331 	 662 
i 42	 607 	 489 
i 578	 597 	 493 
i 688	 533 	 566 
i 680	 33 	 970 
i 708	 681 	 313 
i 363	 634 	 385 
i 580	 227 	 680 
i 839	 223 	 677 
i 892	 820 	 276 
i 265	 295 	 666 
i 733	 337 	 746 
i 718	 914 	 96 
i 673	 603 	 306 
i 672	 283 	 632 
i 455	 990 	 84 
i 930	 354 	 625 
i 529	 933 	 104 
i 569	 772 	 297 
i 576	 665 	 368 
c
c
W 130007
c end of file