c Instance Type k
c
n 500
c w	 v1	 v2
i 219	 967 	 56 
i 904	 438 	 564 
i 354	 290 	 662 
i 225	 444 	 460 
i 178	 791 	 221 
i 562	 260 	 639 
i 918	 985 	 103 
i 575	 514 	 475 
i 396	 796 	 289 
i 286	 141 	 776 
i 738	 359 	 551 
i 165	 264 	 734 
i 681	 617 	 440 
i 949	 842 	 103 
i 979	 21 	 880 
i 546	 582 	 373 
i 546	 500 	 452 
i 446	 76 	 961 
i 897	 471 	 544 
i 825	 757 	 286 
i 917	 495 	 419 
i 976	 660 	 307 
i 474	 341 	 750 
i 261	 291 	 768 
i 492	 270 	 793 
i 515	 815 	 164 
i 797	 362 	 718 
i 65	 807 	 288 
i 846	 705 	 284 
i 424	 530 	 410 
i 143	 447 	 592 
i 220	 424 	 547 
i 560	 897 	 142 
i 517	 159 	 939 
i 317	 650 	 301 
i 138	 165 	 749 
i 539	 962 	 60 
i 441	 27 	 903 
i 419	 873 	 216 
i 866	 298 	 697 
i 71	 440 	 645 
i 770	 659 	 310 
i 130	 220 	 729 
i 830	 736 	 244 
i 821	 54 	 853 
i 83	 191 	 752 
i 159	 730 	 206 
i 596	 172 	 769 
i 840	 590 	 326 
i 790	 457 	 518 
i 270	 528 	 536 
i 198	 299 	 696 
i 549	 428 	 612 
i 798	 259 	 728 
i 206	 81 	 907 
i 263	 163 	 873 
i 486	 321 	 661 
i 671	 916 	 107 
i 883	 757 	 177 
i 967	 547 	 479 
i 351	 817 	 114 
i 174	 15 	 937 
i 656	 564 	 513 
i 358	 362 	 566 
i 795	 567 	 377 
i 288	 830 	 147 
i 970	 316 	 725 
i 384	 987 	 70 
i 969	 870 	 105 
i 146	 838 	 247 
i 778	 189 	 860 
i 938	 363 	 689 
i 397	 19 	 918 
i 285	 376 	 661 
i 431	 172 	 777 
i 657	 459 	 456 
i 46	 430 	 549 
i 755	 813 	 163 
i 381	 783 	 167 
i 764	 928 	 16 
i 693	 706 	 250 
i 440	 645 	 384 
i 202	 43 	 951 
i 527	 327 	 580 
i 213	 757 	 184 
i 467	 414 	 620 
i 550	 460 	 459 
i 950	 216 	 867 
i 338	 596 	 443 
i 595	 361 	 664 
i 691	 55 	 896 
i 975	 494 	 601 
i 623	 696 	 207 
i 289	 223 	 745 
i 330	 436 	 484 
i 543	 902 	 102 
i 215	 453 	 642 
i 317	 403 	 535 
i 233	 741 	 317 
i 931	 336 	 593 
i 559	 28 	 897 
i 893	 4 	 968 
i 872	 626 	 352 
i 894	 914 	 115 
i 243	 244 	 666 
i 348	 786 	 305 
i 867	 2 	 939 
i 847	 318 	 744 
i 43	 550 	 460 
i 834	 482 	 596 
i 986	 41 	 988 
i 193	 934 	 152 
i 893	 806 	 202 
i 291	 700 	 291 
i 910	 943 	 110 
i 965	 291 	 706 
i 923	 159 	 839 
i 334	 7 	 979 
i 148	 49 	 904 
i 703	 883 	 185 
i 594	 870 	 206 
i 512	 64 	 970 
i 434	 957 	 89 
i 980	 248 	 716 
i 442	 158 	 794 
i 148	 124 	 887 
i 640	 47 	 958 
i 134	 380 	 664 
i 944	 528 	 526 
i 307	 231 	 800 
i 151	 825 	 179 
i 35	 337 	 680 
i 853	 770 	 239 
i 478	 751 	 307 
i 803	 194 	 896 
i 73	 341 	 573 
i 632	 980 	 14 
i 350	 114 	 886 
i 75	 59 	 845 
i 847	 365 	 586 
i 504	 516 	 400 
i 32	 550 	 434 
i 622	 403 	 535 
i 170	 881 	 208 
i 966	 685 	 242 
i 919	 757 	 238 
i 996	 389 	 602 
i 120	 738 	 276 
i 623	 812 	 214 
i 655	 660 	 439 
i 917	 165 	 837 
i 5	 196 	 716 
i 429	 818 	 175 
i 624	 988 	 39 
i 570	 954 	 5 
i 709	 874 	 184 
i 190	 870 	 65 
i 651	 990 	 101 
i 227	 614 	 432 
i 860	 269 	 708 
i 859	 187 	 823 
i 375	 192 	 858 
i 440	 620 	 393 
i 908	 245 	 766 
i 258	 815 	 187 
i 292	 524 	 452 
i 84	 714 	 236 
i 264	 366 	 583 
i 183	 592 	 480 
i 914	 452 	 473 
i 307	 312 	 650 
i 863	 686 	 315 
i 615	 126 	 799 
i 187	 35 	 914 
i 745	 292 	 645 
i 259	 584 	 458 
i 647	 667 	 318 
i 905	 931 	 134 
i 155	 115 	 861 
i 18	 29 	 979 
i 149	 336 	 593 
i 467	 199 	 868 
i 976	 814 	 278 
i 107	 1 	 999 
i 481	 745 	 212 
i 670	 5 	 986 
i 385	 651 	 356 
i 813	 556 	 437 
i 607	 710 	 306 
i 993	 728 	 294 
i 832	 877 	 213 
i 982	 344 	 584 
i 819	 321 	 771 
i 782	 427 	 665 
i 779	 908 	 135 
i 69	 579 	 463 
i 941	 963 	 49 
i 481	 777 	 307 
i 952	 385 	 640 
i 538	 378 	 593 
i 153	 211 	 735 
i 104	 194 	 821 
i 252	 13 	 988 
i 215	 795 	 169 
i 178	 575 	 371 
i 885	 644 	 418 
i 598	 585 	 470 
i 962	 66 	 925 
i 883	 19 	 992 
i 514	 557 	 405 
i 873	 710 	 295 
i 109	 813 	 231 
i 689	 66 	 955 
i 590	 281 	 724 
i 917	 458 	 462 
i 154	 344 	 705 
i 969	 942 	 52 
i 747	 904 	 78 
i 303	 787 	 196 
i 243	 302 	 792 
i 561	 175 	 861 
i 90	 284 	 715 
i 811	 972 	 72 
i 546	 562 	 506 
i 77	 480 	 479 
i 182	 634 	 394 
i 930	 603 	 414 
i 265	 351 	 647 
i 664	 654 	 301 
i 83	 897 	 118 
i 58	 459 	 592 
i 742	 548 	 359 
i 242	 360 	 541 
i 805	 906 	 111 
i 650	 982 	 6 
i 952	 165 	 872 
i 599	 96 	 860 
i 187	 360 	 668 
i 680	 24 	 912 
i 960	 107 	 831 
i 542	 164 	 866 
i 298	 906 	 39 
i 338	 148 	 864 
i 351	 953 	 69 
i 926	 603 	 386 
i 981	 556 	 466 
i 671	 155 	 887 
i 964	 342 	 571 
i 608	 22 	 888 
i 906	 981 	 24 
i 102	 524 	 448 
i 756	 822 	 131 
i 959	 160 	 823 
i 523	 511 	 463 
i 992	 437 	 658 
i 444	 419 	 587 
i 61	 90 	 940 
i 772	 54 	 849 
i 844	 661 	 248 
i 939	 568 	 337 
i 142	 670 	 340 
i 507	 426 	 549 
i 779	 386 	 621 
i 199	 908 	 9 
i 572	 900 	 97 
i 549	 345 	 736 
i 82	 406 	 693 
i 769	 179 	 729 
i 799	 24 	 963 
i 851	 962 	 38 
i 884	 105 	 984 
i 441	 612 	 362 
i 819	 391 	 660 
i 359	 590 	 443 
i 408	 163 	 850 
i 895	 711 	 371 
i 801	 793 	 170 
i 796	 563 	 436 
i 845	 362 	 642 
i 556	 213 	 783 
i 834	 98 	 918 
i 783	 538 	 401 
i 158	 358 	 660 
i 917	 716 	 219 
i 587	 125 	 843 
i 157	 20 	 885 
i 71	 821 	 248 
i 392	 617 	 364 
i 891	 463 	 591 
i 414	 20 	 998 
i 899	 854 	 62 
i 490	 637 	 387 
i 692	 794 	 302 
i 285	 712 	 327 
i 468	 299 	 765 
i 813	 455 	 613 
i 869	 526 	 506 
i 719	 917 	 51 
i 132	 809 	 239 
i 906	 223 	 829 
i 893	 123 	 899 
i 978	 613 	 336 
i 601	 305 	 603 
i 582	 589 	 462 
i 279	 57 	 851 
i 101	 869 	 133 
i 941	 739 	 167 
i 603	 458 	 633 
i 882	 590 	 462 
i 625	 496 	 601 
i 386	 390 	 531 
i 2	 369 	 675 
i 254	 969 	 3 
i 301	 552 	 471 
i 60	 831 	 203 
i 118	 931 	 91 
i 631	 873 	 82 
i 670	 477 	 571 
i 628	 360 	 605 
i 394	 984 	 96 
i 383	 371 	 571 
i 495	 373 	 643 
i 220	 627 	 383 
i 249	 927 	 18 
i 866	 987 	 106 
i 541	 106 	 968 
i 86	 737 	 311 
i 369	 408 	 535 
i 111	 36 	 942 
i 442	 429 	 583 
i 271	 812 	 275 
i 489	 307 	 654 
i 76	 526 	 561 
i 632	 775 	 297 
i 740	 641 	 428 
i 680	 183 	 908 
i 551	 269 	 769 
i 295	 637 	 282 
i 516	 747 	 179 
i 97	 190 	 822 
i 662	 461 	 513 
i 598	 949 	 103 
i 906	 25 	 900 
i 842	 657 	 440 
i 705	 397 	 628 
i 556	 77 	 966 
i 512	 628 	 286 
i 205	 923 	 126 
i 305	 439 	 553 
i 441	 536 	 494 
i 7	 198 	 723 
i 383	 795 	 116 
i 68	 702 	 214 
i 278	 544 	 504 
i 263	 249 	 678 
i 890	 804 	 138 
i 700	 317 	 752 
i 778	 521 	 532 
i 494	 826 	 114 
i 956	 268 	 780 
i 610	 274 	 814 
i 723	 657 	 390 
i 787	 724 	 263 
i 875	 2 	 998 
i 620	 265 	 680 
i 762	 155 	 751 
i 980	 854 	 116 
i 827	 633 	 441 
i 597	 127 	 912 
i 806	 84 	 994 
i 551	 693 	 254 
i 493	 417 	 662 
i 231	 204 	 820 
i 670	 80 	 932 
i 653	 699 	 378 
i 885	 462 	 445 
i 923	 443 	 636 
i 277	 270 	 735 
i 152	 867 	 164 
i 852	 673 	 375 
i 821	 225 	 761 
i 65	 717 	 353 
i 963	 947 	 8 
i 586	 617 	 309 
i 211	 271 	 795 
i 100	 156 	 802 
i 144	 79 	 952 
i 42	 356 	 544 
i 573	 507 	 568 
i 231	 360 	 649 
i 972	 182 	 872 
i 407	 246 	 751 
i 259	 209 	 778 
i 315	 795 	 115 
i 450	 7 	 927 
i 285	 106 	 889 
i 580	 249 	 762 
i 319	 291 	 792 
i 327	 864 	 120 
i 204	 95 	 957 
i 753	 68 	 993 
i 527	 475 	 466 
i 18	 734 	 249 
i 456	 49 	 882 
i 511	 499 	 444 
i 837	 783 	 181 
i 319	 364 	 650 
i 880	 682 	 390 
i 796	 10 	 969 
i 220	 213 	 851 
i 3	 965 	 120 
i 967	 492 	 480 
i 177	 510 	 409 
i 595	 965 	 20 
i 809	 477 	 552 
i 30	 314 	 671 
i 355	 633 	 425 
i 929	 513 	 481 
i 795	 309 	 687 
i 525	 529 	 510 
i 350	 531 	 501 
i 242	 498 	 432 
i 608	 675 	 357 
i 709	 271 	 755 
i 859	 80 	 838 
i 508	 110 	 873 
i 940	 464 	 446 
i 735	 394 	 619 
i 213	 189 	 886 
i 699	 714 	 266 
i 399	 64 	 989 
i 64	 305 	 681 
i 221	 913 	 20 
i 887	 623 	 352 
i 519	 483 	 508 
i 627	 991 	 62 
i 50	 931 	 5 
i 105	 666 	 319 
i 673	 878 	 145 
i 550	 578 	 387 
i 955	 976 	 49 
i 892	 40 	 957 
i 328	 260 	 762 
i 438	 147 	 799 
i 819	 666 	 377 
i 281	 294 	 747 
i 851	 344 	 684 
i 886	 448 	 513 
i 315	 122 	 814 
i 932	 671 	 381 
i 265	 627 	 420 
i 660	 519 	 536 
i 360	 846 	 61 
i 973	 285 	 651 
i 211	 105 	 965 
i 930	 385 	 543 
i 642	 237 	 760 
i 284	 123 	 964 
i 593	 438 	 473 
i 780	 371 	 675 
i 545	 635 	 336 
i 287	 295 	 780 
i 68	 654 	 390 
i 109	 628 	 272 
i 297	 838 	 83 
i 151	 769 	 230 
i 299	 411 	 635 
i 789	 695 	 376 
i 729	 288 	 670 
i 790	 69 	 943 
i 522	 613 	 346 
i 881	 900 	 119 
i 759	 967 	 33 
i 483	 77 	 978 
i 493	 373 	 670 
i 606	 523 	 473 
i 105	 821 	 258 
i 840	 611 	 407 
i 698	 340 	 735 
i 993	 131 	 958 
i 660	 652 	 359 
i 961	 533 	 458 
i 557	 292 	 693 
i 807	 775 	 225 
i 685	 268 	 807 
i 402	 874 	 105 
i 888	 979 	 27 
i 786	 819 	 247 
i 378	 518 	 416 
i 259	 512 	 448 
i 208	 172 	 919 
i 769	 133 	 864 
i 232	 690 	 366 
i 662	 497 	 514 
i 169	 182 	 883 
i 48	 584 	 456 
i 450	 473 	 562 
i 674	 259 	 740 
i 510	 637 	 265 
i 685	 895 	 110 
c
c
W 134072
c end of file