c Instance Type c
c
n 3000
c w	 v1	 v2
i 620	 981 	 1025 
i 997	 220 	 253 
i 840	 464 	 416 
i 385	 623 	 692 
i 357	 835 	 898 
i 519	 437 	 455 
i 754	 546 	 484 
i 783	 345 	 401 
i 604	 913 	 925 
i 443	 713 	 689 
i 423	 763 	 663 
i 546	 518 	 617 
i 943	 223 	 290 
i 520	 456 	 400 
i 336	 322 	 338 
i 703	 159 	 79 
i 193	 684 	 754 
i 457	 857 	 884 
i 360	 662 	 610 
i 38	 271 	 307 
i 771	 609 	 530 
i 230	 611 	 641 
i 357	 610 	 629 
i 745	 467 	 390 
i 984	 666 	 656 
i 39	 295 	 226 
i 684	 384 	 353 
i 524	 255 	 316 
i 144	 822 	 755 
i 324	 148 	 88 
i 885	 756 	 850 
i 448	 851 	 791 
i 10	 543 	 555 
i 410	 184 	 145 
i 35	 289 	 246 
i 242	 691 	 656 
i 550	 830 	 732 
i 713	 251 	 258 
i 513	 967 	 1002 
i 555	 225 	 125 
i 281	 405 	 482 
i 115	 382 	 349 
i 601	 563 	 532 
i 684	 172 	 223 
i 885	 444 	 502 
i 538	 702 	 608 
i 347	 994 	 1010 
i 505	 116 	 75 
i 469	 593 	 654 
i 598	 309 	 281 
i 929	 312 	 340 
i 236	 213 	 264 
i 744	 513 	 485 
i 814	 820 	 729 
i 189	 603 	 688 
i 854	 416 	 409 
i 848	 445 	 508 
i 855	 963 	 927 
i 398	 336 	 393 
i 621	 165 	 142 
i 848	 488 	 451 
i 964	 172 	 182 
i 417	 847 	 806 
i 215	 279 	 201 
i 768	 319 	 279 
i 113	 257 	 188 
i 489	 673 	 573 
i 447	 509 	 580 
i 701	 794 	 745 
i 762	 607 	 682 
i 188	 952 	 997 
i 257	 345 	 383 
i 86	 837 	 758 
i 275	 213 	 177 
i 509	 312 	 230 
i 674	 579 	 519 
i 306	 717 	 755 
i 754	 720 	 647 
i 522	 595 	 663 
i 81	 823 	 843 
i 27	 716 	 774 
i 291	 473 	 382 
i 109	 198 	 124 
i 224	 294 	 275 
i 451	 580 	 663 
i 977	 661 	 679 
i 660	 842 	 921 
i 346	 569 	 599 
i 891	 693 	 627 
i 693	 551 	 502 
i 374	 199 	 155 
i 781	 902 	 916 
i 879	 945 	 981 
i 86	 176 	 257 
i 615	 540 	 511 
i 235	 468 	 434 
i 58	 995 	 1093 
i 573	 905 	 873 
i 228	 596 	 542 
i 724	 751 	 835 
i 823	 978 	 937 
i 713	 340 	 255 
i 652	 849 	 940 
i 725	 566 	 474 
i 209	 483 	 514 
i 610	 799 	 877 
i 605	 207 	 297 
i 498	 202 	 206 
i 44	 504 	 554 
i 764	 710 	 705 
i 740	 642 	 601 
i 997	 907 	 809 
i 828	 977 	 1009 
i 342	 940 	 918 
i 760	 979 	 998 
i 535	 676 	 617 
i 644	 581 	 643 
i 747	 537 	 499 
i 191	 113 	 84 
i 864	 781 	 704 
i 463	 314 	 386 
i 359	 579 	 650 
i 333	 590 	 627 
i 266	 292 	 197 
i 243	 638 	 695 
i 878	 281 	 245 
i 408	 467 	 560 
i 887	 302 	 345 
i 890	 579 	 660 
i 644	 895 	 948 
i 873	 113 	 59 
i 401	 877 	 895 
i 940	 751 	 835 
i 145	 472 	 410 
i 738	 497 	 483 
i 930	 309 	 271 
i 332	 597 	 640 
i 546	 568 	 589 
i 73	 315 	 314 
i 955	 231 	 159 
i 957	 915 	 818 
i 820	 233 	 216 
i 540	 759 	 730 
i 946	 692 	 692 
i 382	 861 	 809 
i 605	 358 	 292 
i 152	 635 	 635 
i 667	 386 	 295 
i 897	 926 	 850 
i 33	 480 	 395 
i 937	 606 	 512 
i 76	 621 	 691 
i 805	 992 	 970 
i 459	 421 	 389 
i 304	 868 	 912 
i 582	 193 	 158 
i 172	 344 	 339 
i 482	 791 	 720 
i 399	 834 	 742 
i 814	 941 	 856 
i 372	 120 	 22 
i 945	 150 	 67 
i 937	 910 	 989 
i 287	 371 	 341 
i 139	 675 	 706 
i 232	 428 	 376 
i 495	 719 	 701 
i 260	 257 	 335 
i 73	 387 	 345 
i 8	 426 	 347 
i 19	 494 	 489 
i 64	 506 	 490 
i 962	 586 	 558 
i 256	 493 	 522 
i 890	 808 	 865 
i 248	 504 	 407 
i 932	 718 	 720 
i 97	 195 	 249 
i 407	 990 	 1059 
i 761	 361 	 431 
i 193	 456 	 530 
i 637	 882 	 968 
i 173	 371 	 450 
i 602	 692 	 622 
i 386	 380 	 288 
i 829	 191 	 149 
i 512	 207 	 151 
i 607	 663 	 626 
i 595	 461 	 506 
i 877	 324 	 321 
i 266	 194 	 230 
i 134	 969 	 932 
i 427	 910 	 907 
i 82	 819 	 737 
i 384	 955 	 950 
i 474	 993 	 954 
i 583	 362 	 425 
i 205	 560 	 545 
i 599	 843 	 747 
i 840	 600 	 679 
i 933	 144 	 76 
i 899	 749 	 708 
i 799	 142 	 187 
i 596	 578 	 639 
i 546	 660 	 598 
i 538	 196 	 228 
i 821	 469 	 418 
i 327	 308 	 298 
i 152	 686 	 596 
i 701	 705 	 783 
i 739	 615 	 680 
i 457	 761 	 805 
i 493	 137 	 141 
i 19	 782 	 705 
i 636	 610 	 642 
i 731	 779 	 719 
i 135	 481 	 385 
i 357	 701 	 671 
i 5	 213 	 213 
i 674	 259 	 200 
i 241	 163 	 251 
i 972	 897 	 877 
i 3	 652 	 730 
i 757	 228 	 310 
i 319	 334 	 343 
i 72	 926 	 881 
i 488	 217 	 199 
i 152	 240 	 294 
i 268	 553 	 608 
i 435	 111 	 101 
i 494	 294 	 332 
i 378	 244 	 276 
i 987	 601 	 634 
i 120	 507 	 491 
i 372	 429 	 477 
i 289	 916 	 978 
i 409	 276 	 236 
i 554	 645 	 635 
i 52	 442 	 486 
i 53	 243 	 173 
i 259	 644 	 673 
i 409	 369 	 274 
i 961	 959 	 861 
i 407	 661 	 587 
i 766	 148 	 149 
i 672	 808 	 866 
i 859	 642 	 582 
i 460	 910 	 961 
i 832	 423 	 484 
i 982	 174 	 246 
i 582	 312 	 235 
i 872	 889 	 894 
i 827	 912 	 909 
i 447	 925 	 1004 
i 489	 156 	 188 
i 274	 606 	 573 
i 871	 423 	 361 
i 770	 604 	 634 
i 123	 389 	 386 
i 194	 219 	 212 
i 421	 985 	 895 
i 296	 202 	 286 
i 198	 672 	 722 
i 115	 218 	 157 
i 166	 126 	 163 
i 722	 715 	 806 
i 75	 124 	 190 
i 630	 296 	 316 
i 943	 878 	 922 
i 66	 421 	 504 
i 50	 838 	 805 
i 152	 883 	 910 
i 783	 815 	 881 
i 903	 593 	 682 
i 920	 768 	 690 
i 600	 489 	 556 
i 615	 454 	 535 
i 824	 304 	 311 
i 687	 839 	 835 
i 37	 595 	 604 
i 854	 522 	 541 
i 723	 824 	 873 
i 515	 500 	 506 
i 59	 352 	 339 
i 798	 305 	 276 
i 225	 406 	 497 
i 611	 260 	 274 
i 828	 179 	 158 
i 649	 659 	 575 
i 194	 199 	 123 
i 656	 686 	 781 
i 459	 328 	 367 
i 897	 994 	 936 
i 169	 579 	 533 
i 388	 967 	 881 
i 720	 395 	 354 
i 888	 357 	 438 
i 965	 866 	 912 
i 582	 330 	 306 
i 681	 405 	 420 
i 329	 512 	 458 
i 574	 490 	 528 
i 568	 222 	 239 
i 95	 412 	 463 
i 58	 654 	 583 
i 378	 716 	 789 
i 655	 979 	 1029 
i 505	 895 	 938 
i 752	 659 	 619 
i 84	 111 	 207 
i 536	 624 	 586 
i 963	 831 	 908 
i 89	 557 	 547 
i 427	 192 	 201 
i 39	 866 	 887 
i 720	 996 	 1092 
i 697	 877 	 904 
i 580	 658 	 586 
i 197	 409 	 488 
i 198	 678 	 774 
i 775	 663 	 666 
i 585	 941 	 937 
i 89	 840 	 853 
i 181	 355 	 454 
i 31	 843 	 749 
i 27	 493 	 543 
i 888	 479 	 469 
i 504	 158 	 64 
i 840	 286 	 231 
i 478	 195 	 180 
i 100	 178 	 118 
i 34	 638 	 695 
i 854	 176 	 250 
i 129	 681 	 591 
i 952	 677 	 594 
i 382	 708 	 630 
i 796	 490 	 589 
i 850	 891 	 891 
i 48	 919 	 887 
i 143	 233 	 297 
i 219	 611 	 695 
i 811	 789 	 879 
i 885	 599 	 660 
i 527	 488 	 575 
i 165	 537 	 614 
i 836	 613 	 567 
i 264	 712 	 625 
i 142	 711 	 794 
i 51	 270 	 363 
i 188	 575 	 496 
i 751	 416 	 381 
i 515	 345 	 272 
i 65	 304 	 208 
i 489	 133 	 143 
i 968	 965 	 1007 
i 534	 866 	 876 
i 210	 218 	 280 
i 885	 278 	 369 
i 65	 204 	 105 
i 587	 173 	 111 
i 930	 269 	 358 
i 194	 559 	 551 
i 411	 681 	 686 
i 436	 702 	 604 
i 397	 302 	 398 
i 247	 938 	 941 
i 367	 539 	 584 
i 555	 374 	 396 
i 660	 335 	 370 
i 730	 342 	 294 
i 908	 515 	 453 
i 412	 467 	 444 
i 55	 876 	 935 
i 719	 454 	 400 
i 935	 466 	 492 
i 865	 451 	 526 
i 347	 911 	 859 
i 644	 668 	 727 
i 897	 323 	 314 
i 157	 925 	 862 
i 612	 271 	 190 
i 13	 444 	 446 
i 874	 789 	 801 
i 260	 610 	 566 
i 660	 818 	 761 
i 44	 490 	 406 
i 943	 382 	 368 
i 570	 599 	 514 
i 809	 421 	 515 
i 726	 829 	 755 
i 906	 998 	 1046 
i 282	 196 	 247 
i 45	 650 	 675 
i 606	 263 	 340 
i 402	 516 	 525 
i 829	 711 	 729 
i 135	 787 	 794 
i 684	 282 	 203 
i 33	 349 	 432 
i 841	 325 	 353 
i 840	 441 	 451 
i 936	 212 	 278 
i 544	 883 	 958 
i 715	 554 	 550 
i 172	 455 	 531 
i 847	 944 	 986 
i 608	 583 	 652 
i 800	 172 	 178 
i 70	 269 	 282 
i 311	 196 	 177 
i 683	 768 	 717 
i 797	 369 	 305 
i 666	 220 	 265 
i 165	 999 	 987 
i 552	 539 	 562 
i 490	 436 	 428 
i 22	 182 	 96 
i 92	 937 	 1011 
i 270	 521 	 609 
i 366	 135 	 85 
i 106	 497 	 583 
i 396	 717 	 763 
i 519	 880 	 859 
i 518	 638 	 650 
i 1	 143 	 65 
i 367	 689 	 709 
i 448	 212 	 237 
i 377	 274 	 317 
i 838	 160 	 257 
i 866	 996 	 966 
i 301	 330 	 321 
i 982	 272 	 343 
i 847	 921 	 895 
i 441	 385 	 463 
i 477	 885 	 963 
i 128	 986 	 937 
i 242	 635 	 676 
i 426	 303 	 219 
i 482	 941 	 1025 
i 478	 931 	 988 
i 725	 356 	 273 
i 906	 764 	 678 
i 818	 635 	 718 
i 128	 968 	 939 
i 998	 873 	 940 
i 983	 778 	 870 
i 573	 120 	 61 
i 789	 749 	 775 
i 724	 824 	 746 
i 647	 756 	 774 
i 922	 568 	 531 
i 658	 647 	 591 
i 249	 710 	 618 
i 214	 638 	 571 
i 72	 958 	 891 
i 823	 813 	 743 
i 834	 781 	 825 
i 553	 964 	 966 
i 356	 636 	 583 
i 82	 737 	 813 
i 595	 374 	 435 
i 199	 656 	 649 
i 873	 854 	 896 
i 467	 891 	 976 
i 421	 152 	 251 
i 211	 300 	 364 
i 964	 433 	 464 
i 923	 188 	 129 
i 515	 644 	 656 
i 221	 855 	 884 
i 518	 753 	 701 
i 131	 582 	 569 
i 967	 996 	 958 
i 845	 741 	 797 
i 891	 677 	 617 
i 105	 676 	 658 
i 468	 518 	 493 
i 554	 212 	 172 
i 155	 398 	 461 
i 992	 900 	 807 
i 715	 585 	 595 
i 245	 799 	 835 
i 241	 301 	 331 
i 950	 580 	 579 
i 587	 385 	 362 
i 224	 564 	 562 
i 681	 931 	 1023 
i 795	 376 	 379 
i 119	 643 	 677 
i 7	 479 	 511 
i 540	 511 	 486 
i 315	 114 	 138 
i 529	 723 	 795 
i 58	 414 	 476 
i 366	 856 	 836 
i 876	 313 	 337 
i 799	 752 	 713 
i 98	 718 	 638 
i 696	 288 	 232 
i 111	 884 	 829 
i 561	 585 	 638 
i 565	 921 	 837 
i 254	 586 	 608 
i 595	 465 	 498 
i 434	 300 	 206 
i 662	 657 	 739 
i 384	 324 	 366 
i 68	 596 	 657 
i 267	 686 	 686 
i 137	 882 	 904 
i 670	 196 	 131 
i 582	 878 	 926 
i 117	 951 	 1049 
i 516	 605 	 622 
i 729	 311 	 215 
i 344	 341 	 377 
i 583	 262 	 175 
i 129	 894 	 821 
i 776	 723 	 703 
i 645	 282 	 289 
i 740	 829 	 770 
i 604	 985 	 1043 
i 549	 754 	 835 
i 106	 749 	 733 
i 331	 383 	 313 
i 590	 403 	 402 
i 761	 122 	 37 
i 642	 182 	 123 
i 331	 303 	 400 
i 524	 660 	 686 
i 332	 251 	 225 
i 315	 438 	 532 
i 39	 252 	 256 
i 756	 171 	 196 
i 63	 548 	 639 
i 392	 684 	 693 
i 404	 236 	 198 
i 485	 307 	 397 
i 701	 493 	 449 
i 320	 480 	 541 
i 478	 151 	 78 
i 846	 481 	 471 
i 6	 458 	 456 
i 74	 924 	 873 
i 565	 594 	 556 
i 211	 558 	 598 
i 352	 157 	 78 
i 573	 433 	 451 
i 3	 390 	 348 
i 418	 642 	 664 
i 463	 470 	 388 
i 880	 593 	 680 
i 272	 996 	 1084 
i 187	 545 	 448 
i 730	 766 	 782 
i 234	 155 	 213 
i 287	 780 	 708 
i 649	 876 	 919 
i 963	 514 	 558 
i 561	 776 	 703 
i 965	 434 	 454 
i 508	 516 	 512 
i 504	 462 	 512 
i 992	 412 	 499 
i 730	 428 	 461 
i 780	 946 	 1026 
i 533	 762 	 699 
i 395	 891 	 958 
i 849	 640 	 700 
i 598	 392 	 364 
i 961	 514 	 479 
i 418	 160 	 227 
i 813	 588 	 555 
i 153	 368 	 334 
i 509	 314 	 226 
i 449	 910 	 978 
i 183	 824 	 799 
i 61	 993 	 1047 
i 657	 850 	 873 
i 972	 674 	 617 
i 427	 997 	 932 
i 482	 400 	 419 
i 20	 254 	 236 
i 309	 556 	 568 
i 538	 851 	 765 
i 437	 907 	 911 
i 240	 767 	 808 
i 233	 212 	 265 
i 65	 897 	 881 
i 698	 559 	 538 
i 695	 752 	 816 
i 22	 912 	 872 
i 183	 555 	 519 
i 684	 921 	 947 
i 517	 533 	 467 
i 413	 598 	 619 
i 151	 174 	 243 
i 265	 801 	 717 
i 150	 592 	 520 
i 654	 968 	 1036 
i 376	 430 	 437 
i 278	 272 	 283 
i 778	 543 	 591 
i 689	 830 	 815 
i 165	 503 	 591 
i 713	 655 	 626 
i 784	 306 	 307 
i 561	 170 	 224 
i 103	 242 	 326 
i 68	 370 	 385 
i 427	 230 	 320 
i 609	 709 	 655 
i 95	 317 	 218 
i 904	 977 	 1016 
i 347	 467 	 539 
i 958	 418 	 433 
i 179	 735 	 707 
i 247	 298 	 382 
i 394	 986 	 890 
i 686	 917 	 835 
i 820	 541 	 544 
i 493	 499 	 424 
i 725	 704 	 648 
i 700	 712 	 637 
i 102	 444 	 438 
i 448	 322 	 308 
i 151	 834 	 856 
i 362	 266 	 337 
i 346	 197 	 147 
i 254	 219 	 306 
i 738	 301 	 352 
i 176	 762 	 712 
i 843	 876 	 971 
i 520	 185 	 220 
i 895	 298 	 353 
i 133	 719 	 664 
i 947	 215 	 190 
i 123	 759 	 806 
i 220	 632 	 548 
i 341	 856 	 823 
i 555	 801 	 716 
i 289	 586 	 536 
i 150	 809 	 728 
i 234	 788 	 811 
i 445	 501 	 503 
i 130	 304 	 332 
i 248	 505 	 523 
i 976	 840 	 882 
i 563	 608 	 694 
i 402	 683 	 637 
i 179	 983 	 1048 
i 713	 162 	 85 
i 498	 386 	 339 
i 260	 470 	 470 
i 699	 129 	 218 
i 916	 583 	 498 
i 361	 267 	 231 
i 182	 792 	 751 
i 741	 538 	 610 
i 384	 478 	 430 
i 366	 722 	 710 
i 424	 570 	 501 
i 733	 674 	 704 
i 138	 912 	 994 
i 159	 468 	 490 
i 690	 419 	 424 
i 865	 486 	 564 
i 632	 773 	 687 
i 113	 149 	 211 
i 526	 916 	 855 
i 214	 262 	 274 
i 730	 655 	 752 
i 364	 793 	 837 
i 266	 485 	 556 
i 668	 408 	 311 
i 16	 953 	 994 
i 438	 535 	 549 
i 183	 437 	 377 
i 227	 502 	 465 
i 133	 335 	 403 
i 302	 510 	 421 
i 914	 122 	 179 
i 682	 999 	 929 
i 104	 750 	 733 
i 438	 624 	 540 
i 386	 639 	 558 
i 862	 378 	 385 
i 231	 886 	 930 
i 670	 178 	 267 
i 923	 460 	 375 
i 373	 320 	 296 
i 386	 370 	 329 
i 386	 180 	 275 
i 106	 314 	 230 
i 683	 684 	 687 
i 278	 759 	 839 
i 578	 847 	 900 
i 451	 436 	 535 
i 527	 188 	 221 
i 920	 141 	 159 
i 156	 211 	 303 
i 447	 550 	 519 
i 525	 813 	 860 
i 753	 793 	 861 
i 399	 865 	 869 
i 128	 438 	 498 
i 956	 353 	 329 
i 323	 146 	 212 
i 410	 144 	 115 
i 443	 738 	 693 
i 557	 375 	 361 
i 51	 343 	 419 
i 841	 654 	 635 
i 609	 418 	 349 
i 459	 277 	 288 
i 827	 742 	 779 
i 100	 566 	 594 
i 140	 904 	 996 
i 178	 753 	 727 
i 884	 183 	 246 
i 182	 430 	 404 
i 443	 815 	 799 
i 54	 709 	 662 
i 400	 181 	 256 
i 586	 322 	 288 
i 297	 818 	 750 
i 809	 538 	 490 
i 702	 220 	 200 
i 425	 188 	 203 
i 506	 520 	 512 
i 865	 357 	 385 
i 658	 690 	 607 
i 331	 178 	 105 
i 410	 415 	 422 
i 648	 304 	 229 
i 445	 601 	 585 
i 926	 744 	 690 
i 50	 976 	 1062 
i 137	 443 	 414 
i 597	 957 	 1030 
i 874	 480 	 526 
i 526	 163 	 140 
i 602	 240 	 284 
i 944	 364 	 290 
i 162	 843 	 898 
i 713	 955 	 899 
i 426	 442 	 372 
i 400	 649 	 588 
i 773	 590 	 557 
i 726	 909 	 995 
i 142	 790 	 851 
i 201	 551 	 517 
i 346	 896 	 983 
i 631	 648 	 723 
i 456	 764 	 672 
i 406	 568 	 618 
i 779	 767 	 703 
i 385	 900 	 916 
i 924	 188 	 158 
i 822	 486 	 402 
i 587	 426 	 370 
i 82	 255 	 239 
i 965	 551 	 604 
i 570	 494 	 474 
i 305	 387 	 458 
i 819	 423 	 375 
i 557	 206 	 114 
i 445	 366 	 351 
i 533	 882 	 852 
i 955	 308 	 242 
i 311	 380 	 431 
i 473	 577 	 645 
i 968	 953 	 1014 
i 399	 748 	 723 
i 710	 215 	 251 
i 62	 977 	 977 
i 169	 322 	 233 
i 457	 359 	 359 
i 325	 738 	 645 
i 547	 161 	 259 
i 850	 315 	 275 
i 375	 990 	 1045 
i 323	 849 	 897 
i 40	 678 	 606 
i 158	 124 	 194 
i 133	 731 	 814 
i 371	 288 	 204 
i 650	 341 	 349 
i 357	 789 	 862 
i 413	 822 	 804 
i 643	 816 	 768 
i 633	 197 	 224 
i 464	 887 	 979 
i 103	 660 	 560 
i 118	 788 	 719 
i 815	 658 	 616 
i 16	 583 	 615 
i 275	 658 	 620 
i 38	 249 	 282 
i 838	 130 	 46 
i 632	 497 	 541 
i 729	 731 	 702 
i 603	 408 	 472 
i 221	 373 	 457 
i 982	 373 	 281 
i 599	 514 	 585 
i 130	 773 	 847 
i 745	 472 	 401 
i 901	 750 	 687 
i 923	 455 	 359 
i 358	 527 	 558 
i 56	 283 	 260 
i 391	 601 	 698 
i 686	 442 	 383 
i 981	 374 	 312 
i 435	 411 	 469 
i 181	 284 	 368 
i 587	 170 	 203 
i 306	 301 	 314 
i 693	 466 	 464 
i 163	 487 	 556 
i 357	 182 	 262 
i 908	 524 	 482 
i 281	 514 	 610 
i 577	 700 	 792 
i 915	 871 	 850 
i 110	 686 	 701 
i 177	 615 	 547 
i 392	 318 	 312 
i 791	 823 	 755 
i 215	 370 	 335 
i 295	 235 	 271 
i 760	 150 	 168 
i 215	 413 	 487 
i 878	 395 	 384 
i 734	 361 	 333 
i 381	 714 	 708 
i 948	 338 	 368 
i 183	 484 	 392 
i 983	 903 	 969 
i 275	 160 	 69 
i 416	 451 	 419 
i 460	 169 	 89 
i 800	 695 	 658 
i 121	 581 	 520 
i 403	 981 	 1067 
i 82	 416 	 378 
i 338	 838 	 789 
i 758	 528 	 516 
i 649	 566 	 551 
i 705	 419 	 459 
i 88	 463 	 386 
i 154	 769 	 784 
i 811	 861 	 836 
i 341	 256 	 255 
i 320	 430 	 509 
i 663	 368 	 464 
i 481	 645 	 608 
i 951	 876 	 791 
i 464	 380 	 425 
i 810	 757 	 743 
i 207	 491 	 494 
i 947	 594 	 628 
i 792	 217 	 213 
i 955	 551 	 615 
i 315	 993 	 921 
i 605	 903 	 964 
i 207	 886 	 843 
i 68	 280 	 227 
i 370	 348 	 388 
i 98	 993 	 995 
i 525	 488 	 532 
i 69	 949 	 982 
i 188	 657 	 648 
i 683	 198 	 181 
i 675	 930 	 976 
i 567	 169 	 136 
i 439	 886 	 894 
i 629	 253 	 274 
i 896	 466 	 561 
i 889	 202 	 117 
i 314	 658 	 678 
i 257	 410 	 443 
i 872	 115 	 186 
i 970	 524 	 532 
i 892	 893 	 836 
i 958	 653 	 709 
i 830	 951 	 895 
i 991	 543 	 613 
i 391	 195 	 244 
i 494	 176 	 203 
i 110	 243 	 333 
i 447	 777 	 718 
i 452	 483 	 398 
i 917	 356 	 265 
i 797	 836 	 924 
i 408	 138 	 218 
i 353	 834 	 880 
i 840	 141 	 185 
i 935	 897 	 819 
i 9	 672 	 693 
i 158	 349 	 392 
i 907	 304 	 236 
i 326	 488 	 511 
i 602	 558 	 564 
i 418	 602 	 568 
i 449	 551 	 598 
i 263	 462 	 380 
i 297	 223 	 309 
i 183	 864 	 937 
i 814	 964 	 1039 
i 83	 614 	 520 
i 300	 362 	 450 
i 725	 507 	 460 
i 229	 165 	 238 
i 782	 639 	 596 
i 278	 932 	 979 
i 673	 699 	 798 
i 800	 781 	 739 
i 648	 720 	 715 
i 608	 602 	 560 
i 175	 491 	 465 
i 458	 521 	 555 
i 903	 468 	 447 
i 965	 706 	 731 
i 559	 589 	 571 
i 483	 844 	 881 
i 146	 609 	 581 
i 899	 606 	 538 
i 585	 869 	 930 
i 137	 404 	 387 
i 565	 662 	 680 
i 27	 994 	 904 
i 430	 704 	 794 
i 100	 169 	 252 
i 638	 727 	 722 
i 463	 203 	 295 
i 24	 815 	 736 
i 581	 247 	 148 
i 434	 391 	 409 
i 763	 221 	 266 
i 384	 592 	 550 
i 379	 230 	 194 
i 47	 275 	 325 
i 113	 234 	 304 
i 806	 163 	 160 
i 910	 588 	 678 
i 703	 554 	 648 
i 856	 650 	 661 
i 172	 657 	 754 
i 296	 294 	 344 
i 837	 942 	 869 
i 971	 315 	 318 
i 157	 600 	 612 
i 296	 379 	 413 
i 354	 246 	 242 
i 891	 680 	 658 
i 390	 636 	 554 
i 997	 614 	 704 
i 612	 218 	 142 
i 818	 209 	 192 
i 753	 878 	 829 
i 983	 111 	 56 
i 534	 570 	 546 
i 835	 180 	 215 
i 987	 780 	 686 
i 628	 318 	 402 
i 219	 667 	 629 
i 785	 750 	 712 
i 906	 707 	 791 
i 18	 815 	 863 
i 881	 298 	 296 
i 881	 525 	 520 
i 398	 727 	 629 
i 477	 179 	 248 
i 230	 782 	 849 
i 464	 811 	 803 
i 90	 744 	 780 
i 809	 134 	 127 
i 480	 411 	 385 
i 273	 343 	 321 
i 484	 113 	 67 
i 950	 553 	 483 
i 643	 978 	 988 
i 720	 989 	 894 
i 476	 853 	 804 
i 264	 707 	 751 
i 976	 230 	 292 
i 4	 837 	 861 
i 342	 364 	 284 
i 603	 697 	 671 
i 606	 155 	 226 
i 105	 397 	 458 
i 81	 534 	 524 
i 68	 136 	 70 
i 903	 162 	 191 
i 575	 393 	 475 
i 710	 147 	 224 
i 527	 869 	 947 
i 812	 533 	 479 
i 472	 623 	 690 
i 522	 955 	 943 
i 845	 829 	 838 
i 322	 658 	 683 
i 351	 170 	 208 
i 409	 322 	 341 
i 727	 897 	 831 
i 768	 817 	 893 
i 621	 717 	 699 
i 97	 620 	 564 
i 672	 827 	 865 
i 622	 680 	 623 
i 430	 184 	 96 
i 46	 670 	 646 
i 112	 338 	 384 
i 350	 955 	 883 
i 234	 598 	 672 
i 29	 752 	 779 
i 711	 649 	 600 
i 285	 125 	 96 
i 91	 323 	 228 
i 731	 941 	 971 
i 814	 244 	 160 
i 444	 299 	 224 
i 699	 640 	 587 
i 650	 403 	 420 
i 199	 531 	 595 
i 920	 415 	 484 
i 526	 983 	 995 
i 542	 324 	 393 
i 781	 641 	 728 
i 715	 665 	 698 
i 865	 355 	 351 
i 78	 426 	 511 
i 673	 538 	 563 
i 3	 749 	 704 
i 475	 382 	 376 
i 818	 223 	 202 
i 799	 978 	 1062 
i 41	 588 	 580 
i 636	 452 	 401 
i 261	 396 	 488 
i 535	 990 	 1055 
i 890	 530 	 610 
i 371	 465 	 480 
i 90	 133 	 148 
i 396	 379 	 289 
i 522	 801 	 875 
i 498	 264 	 298 
i 36	 194 	 236 
i 420	 606 	 575 
i 741	 824 	 845 
i 730	 789 	 717 
i 203	 634 	 540 
i 602	 548 	 529 
i 627	 171 	 169 
i 929	 686 	 764 
i 705	 734 	 716 
i 877	 621 	 703 
i 971	 329 	 418 
i 529	 962 	 935 
i 332	 383 	 304 
i 95	 924 	 991 
i 683	 163 	 70 
i 176	 193 	 221 
i 244	 554 	 507 
i 891	 993 	 932 
i 593	 896 	 976 
i 168	 373 	 429 
i 414	 294 	 344 
i 371	 246 	 202 
i 677	 572 	 594 
i 592	 667 	 708 
i 651	 523 	 501 
i 744	 558 	 571 
i 243	 239 	 301 
i 236	 478 	 518 
i 120	 654 	 613 
i 415	 568 	 560 
i 621	 373 	 448 
i 773	 154 	 103 
i 293	 404 	 489 
i 918	 950 	 953 
i 382	 691 	 624 
i 885	 151 	 233 
i 31	 655 	 586 
i 444	 487 	 465 
i 55	 223 	 225 
i 569	 486 	 571 
i 865	 898 	 907 
i 913	 789 	 753 
i 244	 120 	 142 
i 189	 943 	 949 
i 841	 514 	 596 
i 886	 664 	 723 
i 499	 587 	 653 
i 922	 725 	 679 
i 49	 184 	 149 
i 471	 638 	 717 
i 357	 572 	 624 
i 120	 169 	 204 
i 132	 454 	 538 
i 68	 999 	 920 
i 522	 583 	 673 
i 145	 506 	 573 
i 680	 329 	 296 
i 372	 178 	 129 
i 454	 422 	 383 
i 48	 715 	 770 
i 566	 624 	 551 
i 631	 414 	 365 
i 18	 127 	 104 
i 17	 946 	 936 
i 547	 154 	 249 
i 992	 999 	 923 
i 238	 855 	 915 
i 314	 264 	 198 
i 664	 494 	 519 
i 344	 767 	 801 
i 921	 570 	 518 
i 263	 691 	 765 
i 282	 918 	 995 
i 222	 373 	 454 
i 271	 777 	 767 
i 271	 756 	 745 
i 108	 864 	 900 
i 281	 687 	 786 
i 712	 841 	 873 
i 451	 510 	 411 
i 968	 220 	 305 
i 621	 434 	 372 
i 530	 321 	 315 
i 825	 222 	 260 
i 575	 139 	 231 
i 301	 542 	 489 
i 149	 939 	 907 
i 797	 659 	 683 
i 619	 657 	 624 
i 69	 357 	 414 
i 192	 362 	 413 
i 556	 297 	 272 
i 792	 467 	 548 
i 917	 887 	 933 
i 949	 615 	 576 
i 435	 584 	 605 
i 367	 793 	 844 
i 983	 209 	 219 
i 598	 764 	 698 
i 875	 175 	 123 
i 159	 876 	 862 
i 369	 660 	 757 
i 769	 996 	 1052 
i 642	 914 	 953 
i 209	 676 	 705 
i 741	 950 	 866 
i 509	 602 	 592 
i 620	 386 	 373 
i 356	 879 	 785 
i 428	 144 	 225 
i 289	 359 	 272 
i 906	 744 	 731 
i 902	 734 	 675 
i 805	 539 	 608 
i 442	 271 	 182 
i 386	 848 	 907 
i 938	 923 	 884 
i 248	 435 	 520 
i 112	 822 	 778 
i 150	 852 	 893 
i 429	 771 	 870 
i 141	 832 	 912 
i 842	 331 	 392 
i 324	 514 	 536 
i 505	 378 	 289 
i 335	 428 	 416 
i 249	 248 	 223 
i 614	 521 	 546 
i 415	 455 	 502 
i 249	 706 	 783 
i 992	 448 	 411 
i 803	 447 	 438 
i 52	 362 	 322 
i 505	 191 	 215 
i 806	 736 	 662 
i 164	 785 	 778 
i 318	 288 	 330 
i 779	 625 	 590 
i 168	 295 	 343 
i 837	 952 	 1050 
i 218	 854 	 950 
i 596	 248 	 305 
i 879	 655 	 722 
i 969	 922 	 890 
i 673	 589 	 519 
i 431	 705 	 667 
i 631	 229 	 255 
i 210	 864 	 846 
i 417	 267 	 282 
i 364	 928 	 911 
i 201	 921 	 947 
i 355	 907 	 853 
i 967	 719 	 640 
i 880	 576 	 491 
i 419	 882 	 932 
i 87	 127 	 63 
i 221	 406 	 468 
i 69	 968 	 872 
i 245	 445 	 433 
i 165	 960 	 1021 
i 77	 441 	 342 
i 972	 116 	 88 
i 656	 321 	 286 
i 180	 418 	 359 
i 48	 489 	 514 
i 67	 268 	 310 
i 399	 432 	 518 
i 363	 267 	 167 
i 738	 288 	 237 
i 693	 681 	 663 
i 66	 508 	 505 
i 73	 514 	 506 
i 309	 834 	 757 
i 655	 237 	 196 
i 81	 422 	 390 
i 259	 979 	 961 
i 620	 724 	 785 
i 795	 666 	 600 
i 995	 668 	 750 
i 637	 888 	 908 
i 86	 365 	 398 
i 539	 799 	 847 
i 353	 320 	 230 
i 495	 424 	 465 
i 845	 688 	 745 
i 822	 994 	 903 
i 513	 471 	 504 
i 138	 301 	 293 
i 764	 454 	 445 
i 638	 374 	 292 
i 924	 910 	 845 
i 699	 617 	 660 
i 935	 387 	 301 
i 288	 432 	 445 
i 937	 171 	 153 
i 931	 871 	 817 
i 337	 912 	 961 
i 551	 614 	 690 
i 936	 135 	 164 
i 233	 542 	 499 
i 133	 626 	 568 
i 702	 785 	 867 
i 14	 535 	 604 
i 375	 599 	 525 
i 443	 214 	 128 
i 299	 581 	 481 
i 200	 790 	 758 
i 766	 565 	 643 
i 794	 463 	 528 
i 280	 151 	 63 
i 859	 407 	 345 
i 618	 595 	 674 
i 96	 517 	 598 
i 645	 381 	 337 
i 762	 501 	 546 
i 292	 565 	 470 
i 56	 568 	 513 
i 567	 870 	 968 
i 963	 773 	 830 
i 10	 620 	 533 
i 343	 673 	 757 
i 888	 845 	 853 
i 345	 752 	 779 
i 649	 670 	 626 
i 88	 922 	 831 
i 599	 679 	 646 
i 114	 702 	 680 
i 967	 902 	 994 
i 713	 895 	 980 
i 286	 705 	 791 
i 919	 763 	 718 
i 745	 697 	 630 
i 466	 290 	 292 
i 97	 858 	 789 
i 10	 222 	 171 
i 649	 264 	 333 
i 314	 565 	 656 
i 205	 915 	 1000 
i 87	 881 	 909 
i 755	 814 	 899 
i 489	 756 	 825 
i 149	 114 	 132 
i 351	 261 	 172 
i 193	 714 	 644 
i 318	 856 	 788 
i 491	 188 	 250 
i 2	 940 	 865 
i 906	 904 	 869 
i 773	 840 	 823 
i 564	 521 	 455 
i 291	 456 	 488 
i 294	 319 	 380 
i 463	 844 	 776 
i 142	 895 	 865 
i 981	 143 	 177 
i 68	 287 	 219 
i 1	 120 	 52 
i 894	 232 	 145 
i 715	 525 	 593 
i 177	 895 	 876 
i 565	 158 	 197 
i 799	 745 	 843 
i 625	 576 	 566 
i 508	 718 	 737 
i 544	 143 	 158 
i 743	 740 	 768 
i 754	 883 	 912 
i 890	 139 	 146 
i 357	 202 	 152 
i 239	 951 	 937 
i 293	 424 	 523 
i 7	 155 	 214 
i 530	 147 	 131 
i 214	 551 	 636 
i 251	 191 	 185 
i 958	 705 	 648 
i 827	 389 	 483 
i 859	 963 	 1035 
i 962	 554 	 497 
i 907	 781 	 772 
i 260	 275 	 324 
i 309	 272 	 322 
i 350	 980 	 936 
i 845	 465 	 464 
i 936	 402 	 451 
i 604	 823 	 864 
i 917	 127 	 133 
i 877	 989 	 967 
i 376	 865 	 836 
i 130	 169 	 121 
i 315	 574 	 578 
i 497	 351 	 417 
i 475	 133 	 69 
i 874	 386 	 291 
i 203	 829 	 921 
i 5	 606 	 619 
i 23	 345 	 342 
i 11	 820 	 792 
i 860	 281 	 328 
i 926	 598 	 671 
i 448	 832 	 768 
i 718	 408 	 444 
i 742	 259 	 190 
i 53	 422 	 327 
i 860	 447 	 393 
i 417	 415 	 362 
i 681	 920 	 871 
i 479	 464 	 417 
i 671	 787 	 712 
i 220	 556 	 467 
i 32	 440 	 440 
i 367	 604 	 548 
i 534	 321 	 413 
i 884	 459 	 362 
i 263	 486 	 561 
i 605	 692 	 650 
i 516	 902 	 996 
i 913	 243 	 233 
i 675	 482 	 407 
i 176	 598 	 567 
i 546	 647 	 622 
i 102	 206 	 254 
i 338	 403 	 358 
i 730	 371 	 303 
i 152	 385 	 370 
i 806	 275 	 181 
i 696	 536 	 545 
i 845	 513 	 505 
i 264	 917 	 844 
i 811	 140 	 102 
i 415	 447 	 518 
i 522	 782 	 874 
i 850	 555 	 514 
i 143	 803 	 708 
i 452	 948 	 884 
i 637	 438 	 535 
i 116	 466 	 502 
i 568	 953 	 958 
i 476	 474 	 532 
i 508	 595 	 615 
i 886	 872 	 775 
i 642	 747 	 754 
i 142	 712 	 690 
i 920	 977 	 983 
i 863	 113 	 210 
i 232	 273 	 297 
i 631	 261 	 308 
i 578	 868 	 829 
i 986	 449 	 505 
i 531	 264 	 221 
i 389	 800 	 735 
i 105	 816 	 879 
i 780	 407 	 499 
i 755	 754 	 830 
i 757	 339 	 387 
i 940	 326 	 421 
i 110	 880 	 901 
i 962	 646 	 583 
i 344	 918 	 852 
i 516	 724 	 764 
i 291	 982 	 900 
i 85	 250 	 189 
i 418	 978 	 1073 
i 142	 943 	 989 
i 399	 837 	 834 
i 642	 610 	 595 
i 507	 588 	 595 
i 110	 239 	 239 
i 19	 403 	 472 
i 709	 556 	 528 
i 690	 292 	 322 
i 846	 374 	 421 
i 822	 549 	 480 
i 758	 528 	 487 
i 575	 289 	 328 
i 137	 724 	 691 
i 674	 217 	 286 
i 819	 697 	 788 
i 149	 254 	 348 
i 650	 117 	 153 
i 854	 438 	 412 
i 151	 129 	 73 
i 644	 784 	 692 
i 114	 923 	 983 
i 315	 298 	 273 
i 5	 917 	 919 
i 125	 329 	 266 
i 783	 192 	 93 
i 945	 153 	 84 
i 951	 130 	 191 
i 320	 739 	 770 
i 341	 182 	 244 
i 99	 378 	 368 
i 13	 417 	 430 
i 223	 239 	 315 
i 130	 574 	 651 
i 376	 141 	 43 
i 467	 308 	 366 
i 514	 314 	 361 
i 537	 452 	 490 
i 243	 278 	 180 
i 324	 865 	 835 
i 625	 696 	 686 
i 969	 211 	 203 
i 115	 715 	 752 
i 635	 610 	 673 
i 669	 510 	 448 
i 891	 519 	 550 
i 120	 337 	 271 
i 504	 994 	 1036 
i 692	 720 	 810 
i 541	 731 	 686 
i 200	 155 	 235 
i 312	 556 	 630 
i 992	 969 	 1066 
i 555	 690 	 714 
i 4	 527 	 485 
i 464	 698 	 634 
i 718	 396 	 356 
i 712	 550 	 611 
i 398	 293 	 292 
i 96	 252 	 159 
i 146	 499 	 446 
i 647	 412 	 422 
i 613	 299 	 307 
i 265	 287 	 206 
i 734	 839 	 759 
i 395	 209 	 222 
i 716	 372 	 328 
i 211	 641 	 740 
i 417	 469 	 447 
i 576	 912 	 910 
i 13	 947 	 974 
i 353	 271 	 227 
i 564	 761 	 840 
i 762	 355 	 287 
i 582	 442 	 521 
i 693	 533 	 491 
i 986	 147 	 48 
i 583	 399 	 342 
i 986	 395 	 421 
i 888	 746 	 688 
i 829	 293 	 237 
i 10	 859 	 874 
i 740	 222 	 150 
i 16	 130 	 210 
i 389	 274 	 270 
i 863	 182 	 117 
i 904	 440 	 372 
i 229	 447 	 496 
i 549	 641 	 687 
i 264	 317 	 341 
i 469	 504 	 494 
i 310	 703 	 695 
i 435	 327 	 267 
i 457	 452 	 395 
i 641	 365 	 386 
i 721	 797 	 790 
i 93	 955 	 929 
i 471	 212 	 232 
i 68	 878 	 808 
i 300	 642 	 624 
i 742	 306 	 382 
i 409	 708 	 646 
i 652	 230 	 255 
i 36	 409 	 326 
i 323	 603 	 648 
i 95	 253 	 242 
i 44	 670 	 678 
i 159	 114 	 16 
i 22	 650 	 565 
i 619	 784 	 759 
i 839	 264 	 188 
i 512	 161 	 167 
i 645	 332 	 268 
i 981	 891 	 834 
i 535	 968 	 976 
i 695	 725 	 752 
i 325	 235 	 270 
i 329	 717 	 784 
i 935	 727 	 798 
i 693	 798 	 793 
i 866	 246 	 209 
i 922	 355 	 420 
i 173	 826 	 821 
i 51	 989 	 980 
i 15	 294 	 392 
i 706	 775 	 812 
i 847	 452 	 354 
i 529	 167 	 135 
i 223	 912 	 867 
i 995	 788 	 881 
i 149	 324 	 391 
i 423	 607 	 658 
i 229	 455 	 541 
i 217	 878 	 974 
i 423	 395 	 494 
i 171	 388 	 428 
i 555	 999 	 1008 
i 618	 121 	 36 
i 520	 423 	 383 
i 282	 668 	 627 
i 522	 641 	 630 
i 81	 494 	 567 
i 469	 279 	 198 
i 332	 217 	 179 
i 652	 200 	 247 
i 964	 196 	 277 
i 964	 820 	 812 
i 975	 420 	 336 
i 328	 489 	 509 
i 954	 756 	 832 
i 551	 130 	 110 
i 982	 526 	 523 
i 172	 409 	 499 
i 292	 495 	 452 
i 393	 774 	 861 
i 489	 539 	 619 
i 288	 456 	 529 
i 635	 867 	 935 
i 61	 938 	 872 
i 786	 583 	 508 
i 808	 479 	 514 
i 276	 838 	 870 
i 612	 381 	 447 
i 45	 341 	 265 
i 790	 595 	 598 
i 273	 541 	 442 
i 661	 456 	 414 
i 513	 339 	 424 
i 444	 201 	 298 
i 975	 354 	 409 
i 389	 467 	 483 
i 208	 180 	 251 
i 513	 767 	 761 
i 771	 618 	 621 
i 317	 729 	 690 
i 801	 299 	 314 
i 190	 304 	 252 
i 447	 565 	 615 
i 549	 501 	 440 
i 822	 491 	 425 
i 223	 291 	 303 
i 302	 810 	 863 
i 41	 686 	 642 
i 612	 216 	 126 
i 308	 675 	 648 
i 520	 947 	 881 
i 738	 572 	 544 
i 250	 786 	 847 
i 689	 566 	 537 
i 117	 740 	 675 
i 321	 893 	 873 
i 108	 503 	 543 
i 755	 298 	 347 
i 873	 549 	 520 
i 508	 596 	 628 
i 449	 925 	 861 
i 968	 188 	 272 
i 727	 509 	 443 
i 240	 339 	 411 
i 948	 657 	 752 
i 828	 817 	 776 
i 270	 286 	 267 
i 481	 912 	 844 
i 973	 686 	 592 
i 520	 114 	 122 
i 436	 705 	 803 
i 523	 869 	 960 
i 971	 800 	 837 
i 228	 953 	 1038 
i 842	 830 	 905 
i 636	 810 	 850 
i 834	 187 	 281 
i 736	 548 	 538 
i 383	 691 	 676 
i 387	 721 	 810 
i 56	 315 	 291 
i 908	 307 	 388 
i 684	 271 	 346 
i 632	 882 	 803 
i 441	 817 	 906 
i 228	 706 	 722 
i 314	 443 	 426 
i 805	 419 	 349 
i 459	 824 	 831 
i 146	 316 	 400 
i 376	 270 	 365 
i 596	 611 	 688 
i 777	 528 	 542 
i 645	 419 	 359 
i 440	 513 	 541 
i 110	 467 	 541 
i 483	 986 	 923 
i 830	 469 	 567 
i 632	 606 	 595 
i 863	 195 	 214 
i 43	 127 	 221 
i 606	 997 	 1010 
i 76	 896 	 864 
i 423	 514 	 611 
i 875	 694 	 679 
i 276	 377 	 384 
i 262	 263 	 167 
i 665	 427 	 497 
i 223	 419 	 415 
i 317	 819 	 788 
i 336	 459 	 436 
i 332	 433 	 532 
i 216	 937 	 851 
i 670	 354 	 352 
i 327	 344 	 317 
i 627	 725 	 754 
i 798	 315 	 396 
i 155	 333 	 347 
i 502	 201 	 259 
i 299	 631 	 553 
i 690	 939 	 928 
i 53	 396 	 451 
i 982	 392 	 491 
i 256	 456 	 489 
i 519	 895 	 993 
i 211	 334 	 357 
i 441	 908 	 891 
i 691	 825 	 839 
i 793	 445 	 359 
i 378	 262 	 236 
i 310	 361 	 273 
i 631	 759 	 682 
i 948	 562 	 481 
i 337	 558 	 529 
i 219	 261 	 336 
i 470	 254 	 171 
i 367	 805 	 810 
i 171	 287 	 230 
i 547	 796 	 698 
i 717	 863 	 840 
i 999	 306 	 345 
i 728	 363 	 329 
i 237	 468 	 423 
i 740	 556 	 579 
i 909	 873 	 939 
i 72	 761 	 721 
i 852	 838 	 872 
i 52	 417 	 485 
i 823	 611 	 589 
i 669	 621 	 542 
i 889	 967 	 888 
i 174	 699 	 765 
i 575	 993 	 907 
i 77	 352 	 414 
i 934	 900 	 944 
i 666	 752 	 810 
i 484	 134 	 162 
i 829	 732 	 771 
i 393	 592 	 595 
i 966	 939 	 876 
i 930	 146 	 61 
i 593	 240 	 190 
i 586	 982 	 1047 
i 857	 156 	 236 
i 745	 878 	 945 
i 467	 630 	 630 
i 494	 445 	 542 
i 193	 129 	 192 
i 735	 748 	 689 
i 667	 320 	 255 
i 707	 487 	 408 
i 852	 556 	 595 
i 833	 779 	 736 
i 884	 625 	 553 
i 748	 539 	 616 
i 332	 394 	 365 
i 708	 842 	 911 
i 729	 831 	 739 
i 446	 669 	 724 
i 682	 855 	 844 
i 106	 123 	 53 
i 607	 219 	 119 
i 360	 841 	 908 
i 938	 206 	 250 
i 421	 333 	 327 
i 740	 234 	 294 
i 563	 550 	 552 
i 374	 416 	 363 
i 2	 454 	 491 
i 839	 257 	 230 
i 853	 653 	 647 
i 975	 788 	 703 
i 797	 792 	 779 
i 904	 648 	 623 
i 155	 402 	 461 
i 294	 820 	 827 
i 788	 644 	 564 
i 132	 209 	 204 
i 519	 422 	 417 
i 683	 142 	 105 
i 293	 468 	 401 
i 55	 889 	 818 
i 821	 960 	 1048 
i 427	 461 	 530 
i 754	 797 	 697 
i 552	 618 	 576 
i 153	 208 	 124 
i 264	 298 	 240 
i 614	 721 	 767 
i 650	 256 	 239 
i 53	 537 	 578 
i 928	 688 	 740 
i 883	 817 	 833 
i 278	 765 	 667 
i 50	 628 	 681 
i 621	 629 	 592 
i 730	 891 	 885 
i 941	 964 	 1010 
i 628	 265 	 234 
i 792	 916 	 1015 
i 272	 397 	 307 
i 920	 138 	 233 
i 715	 816 	 888 
i 452	 447 	 374 
i 34	 456 	 393 
i 617	 247 	 308 
i 495	 530 	 538 
i 455	 948 	 944 
i 628	 712 	 634 
i 535	 133 	 213 
i 857	 131 	 65 
i 887	 177 	 95 
i 681	 158 	 219 
i 60	 925 	 877 
i 448	 160 	 118 
i 602	 328 	 410 
i 74	 159 	 140 
i 16	 640 	 712 
i 692	 179 	 176 
i 717	 277 	 181 
i 740	 190 	 266 
i 815	 344 	 397 
i 869	 428 	 418 
i 785	 258 	 260 
i 841	 490 	 581 
i 87	 752 	 764 
i 142	 674 	 701 
i 736	 147 	 177 
i 814	 912 	 880 
i 2	 459 	 371 
i 91	 481 	 541 
i 354	 376 	 399 
i 711	 171 	 168 
i 877	 572 	 526 
i 305	 137 	 59 
i 27	 990 	 929 
i 660	 599 	 567 
i 701	 275 	 190 
i 603	 854 	 932 
i 994	 269 	 347 
i 411	 323 	 419 
i 710	 146 	 113 
i 778	 694 	 603 
i 298	 237 	 322 
i 328	 478 	 424 
i 317	 578 	 529 
i 867	 755 	 838 
i 53	 169 	 192 
i 888	 238 	 181 
i 67	 141 	 83 
i 306	 935 	 960 
i 346	 920 	 887 
i 2	 331 	 253 
i 144	 374 	 356 
i 557	 308 	 356 
i 84	 513 	 424 
i 809	 741 	 826 
i 874	 666 	 761 
i 19	 326 	 399 
i 53	 521 	 607 
i 979	 712 	 659 
i 890	 379 	 395 
i 139	 678 	 694 
i 435	 779 	 824 
i 657	 257 	 214 
i 110	 916 	 889 
i 818	 967 	 902 
i 444	 901 	 811 
i 685	 881 	 795 
i 147	 761 	 685 
i 823	 700 	 620 
i 126	 911 	 1009 
i 763	 540 	 466 
i 515	 171 	 184 
i 680	 818 	 762 
i 586	 183 	 149 
i 550	 511 	 441 
i 439	 670 	 689 
i 305	 717 	 673 
i 37	 780 	 765 
i 699	 890 	 840 
i 600	 981 	 956 
i 84	 975 	 902 
i 151	 202 	 232 
i 947	 706 	 672 
i 29	 904 	 988 
i 480	 311 	 305 
i 109	 446 	 527 
i 791	 975 	 918 
i 544	 336 	 286 
i 420	 716 	 806 
i 399	 939 	 949 
i 371	 384 	 410 
i 475	 508 	 565 
i 144	 201 	 247 
i 37	 498 	 550 
i 263	 428 	 376 
i 640	 846 	 816 
i 613	 766 	 694 
i 867	 958 	 994 
i 548	 292 	 213 
i 480	 249 	 249 
i 788	 739 	 814 
i 236	 414 	 383 
i 337	 223 	 221 
i 773	 874 	 880 
i 131	 662 	 720 
i 958	 877 	 863 
i 696	 300 	 209 
i 649	 425 	 507 
i 853	 145 	 137 
i 10	 238 	 326 
i 717	 687 	 733 
i 59	 576 	 669 
i 185	 887 	 847 
i 45	 437 	 352 
i 665	 908 	 849 
i 527	 725 	 658 
i 740	 221 	 293 
i 94	 264 	 266 
i 133	 187 	 160 
i 277	 599 	 574 
i 924	 548 	 466 
i 448	 308 	 238 
i 322	 279 	 245 
i 688	 549 	 524 
i 586	 618 	 526 
i 277	 803 	 817 
i 402	 951 	 913 
i 574	 829 	 809 
i 660	 395 	 402 
i 210	 720 	 782 
i 701	 165 	 212 
i 923	 246 	 183 
i 113	 380 	 381 
i 606	 678 	 617 
i 177	 126 	 182 
i 955	 165 	 76 
i 900	 672 	 664 
i 709	 949 	 855 
i 29	 420 	 458 
i 714	 897 	 977 
i 775	 732 	 753 
i 928	 500 	 505 
i 231	 666 	 694 
i 869	 229 	 178 
i 886	 403 	 388 
i 946	 210 	 186 
i 579	 263 	 219 
i 521	 672 	 770 
i 869	 703 	 606 
i 754	 432 	 478 
i 454	 347 	 348 
i 891	 885 	 872 
i 516	 467 	 500 
i 649	 149 	 156 
i 978	 370 	 354 
i 91	 748 	 722 
i 263	 197 	 286 
i 894	 448 	 442 
i 561	 440 	 407 
i 922	 457 	 375 
i 189	 220 	 229 
i 61	 673 	 660 
i 461	 172 	 263 
i 504	 767 	 787 
i 795	 355 	 371 
i 512	 732 	 766 
i 610	 172 	 259 
i 989	 126 	 192 
i 360	 544 	 522 
i 749	 846 	 809 
i 873	 929 	 929 
i 506	 527 	 539 
i 575	 917 	 822 
i 314	 877 	 882 
i 589	 526 	 490 
i 288	 156 	 223 
i 357	 755 	 744 
i 374	 699 	 686 
i 862	 549 	 608 
i 690	 898 	 907 
i 611	 289 	 272 
i 80	 737 	 822 
i 986	 350 	 350 
i 849	 372 	 434 
i 317	 843 	 823 
i 368	 242 	 280 
i 93	 987 	 896 
i 755	 495 	 479 
i 249	 883 	 839 
i 135	 702 	 796 
i 336	 299 	 315 
i 41	 672 	 704 
i 310	 605 	 635 
i 605	 161 	 161 
i 428	 885 	 948 
i 577	 354 	 290 
i 562	 968 	 923 
i 994	 121 	 27 
i 864	 496 	 452 
i 530	 748 	 730 
i 741	 725 	 775 
i 373	 355 	 413 
i 929	 946 	 866 
i 987	 635 	 676 
i 858	 191 	 117 
i 134	 918 	 960 
i 99	 193 	 147 
i 111	 439 	 392 
i 544	 467 	 393 
i 261	 717 	 749 
i 951	 196 	 176 
i 227	 863 	 918 
i 167	 677 	 718 
i 757	 766 	 804 
i 847	 504 	 514 
i 755	 623 	 659 
i 847	 366 	 422 
i 217	 608 	 686 
i 618	 846 	 833 
i 300	 962 	 1001 
i 397	 661 	 690 
i 243	 130 	 205 
i 879	 819 	 727 
i 617	 558 	 617 
i 61	 285 	 314 
i 636	 775 	 755 
i 923	 495 	 444 
i 483	 302 	 295 
i 310	 207 	 124 
i 268	 595 	 572 
i 886	 326 	 382 
i 908	 903 	 808 
i 705	 792 	 872 
i 209	 830 	 834 
i 405	 651 	 667 
i 153	 337 	 280 
i 585	 695 	 623 
i 800	 917 	 942 
i 908	 443 	 530 
i 453	 519 	 459 
i 695	 862 	 779 
i 587	 669 	 768 
i 354	 691 	 731 
i 164	 607 	 689 
i 771	 182 	 145 
i 27	 700 	 693 
i 684	 894 	 804 
i 591	 132 	 202 
i 965	 688 	 740 
i 425	 631 	 574 
i 271	 811 	 893 
i 899	 891 	 890 
i 552	 890 	 960 
i 110	 626 	 528 
i 191	 549 	 606 
i 853	 831 	 893 
i 735	 359 	 358 
i 759	 408 	 325 
i 409	 278 	 188 
i 994	 956 	 951 
i 782	 259 	 309 
i 661	 180 	 209 
i 537	 622 	 562 
i 118	 490 	 452 
i 611	 503 	 503 
i 421	 313 	 284 
i 701	 147 	 65 
i 36	 589 	 658 
i 224	 667 	 618 
i 176	 715 	 665 
i 342	 253 	 160 
i 420	 920 	 959 
i 995	 608 	 554 
i 422	 787 	 757 
i 863	 175 	 267 
i 91	 622 	 598 
i 132	 937 	 853 
i 669	 128 	 51 
i 296	 883 	 851 
i 976	 224 	 227 
i 136	 449 	 521 
i 47	 481 	 437 
i 606	 211 	 166 
i 368	 419 	 458 
i 440	 732 	 744 
i 16	 699 	 729 
i 945	 151 	 207 
i 965	 226 	 216 
i 834	 332 	 381 
i 962	 638 	 683 
i 344	 210 	 282 
i 760	 975 	 1056 
i 874	 336 	 338 
i 222	 581 	 657 
i 921	 312 	 276 
i 583	 811 	 778 
i 628	 502 	 458 
i 758	 310 	 259 
i 8	 714 	 630 
i 601	 491 	 400 
i 713	 247 	 224 
i 686	 124 	 53 
i 939	 931 	 835 
i 469	 499 	 447 
i 696	 394 	 327 
i 484	 680 	 729 
i 925	 980 	 955 
i 151	 342 	 269 
i 829	 562 	 490 
i 257	 635 	 683 
i 411	 675 	 666 
i 426	 132 	 60 
i 349	 264 	 180 
i 786	 285 	 295 
i 105	 503 	 452 
i 745	 650 	 696 
i 723	 427 	 458 
i 983	 762 	 823 
i 491	 883 	 910 
i 82	 122 	 200 
i 716	 783 	 743 
i 740	 301 	 346 
i 913	 429 	 344 
i 110	 503 	 575 
i 551	 993 	 1086 
i 158	 325 	 367 
i 514	 975 	 962 
i 248	 671 	 655 
i 117	 500 	 582 
i 129	 177 	 276 
i 886	 971 	 1013 
i 101	 352 	 342 
i 459	 111 	 83 
i 900	 181 	 175 
i 893	 949 	 853 
i 134	 921 	 857 
i 107	 668 	 707 
i 737	 169 	 257 
i 175	 544 	 456 
i 249	 467 	 405 
i 217	 463 	 378 
i 488	 206 	 141 
i 489	 608 	 635 
i 567	 932 	 939 
i 511	 464 	 449 
i 423	 486 	 498 
i 50	 649 	 683 
i 116	 380 	 361 
i 603	 331 	 347 
i 5	 385 	 451 
i 401	 554 	 463 
i 509	 622 	 629 
i 69	 779 	 683 
i 992	 455 	 473 
i 390	 931 	 851 
i 812	 424 	 429 
i 419	 925 	 940 
i 722	 631 	 669 
i 969	 993 	 951 
i 279	 622 	 581 
i 778	 471 	 510 
i 353	 514 	 455 
i 106	 990 	 945 
i 493	 123 	 76 
i 416	 649 	 680 
i 768	 740 	 734 
i 684	 318 	 396 
i 271	 829 	 851 
i 264	 554 	 570 
i 838	 815 	 887 
i 244	 192 	 219 
i 697	 814 	 912 
i 687	 111 	 30 
i 700	 357 	 375 
i 306	 597 	 498 
i 14	 294 	 349 
i 247	 714 	 705 
i 56	 617 	 663 
i 554	 273 	 371 
i 348	 791 	 857 
i 439	 668 	 583 
i 231	 347 	 401 
i 231	 340 	 332 
i 508	 427 	 359 
i 56	 952 	 945 
i 263	 958 	 954 
i 941	 758 	 803 
i 512	 278 	 334 
i 694	 927 	 894 
i 460	 921 	 957 
i 87	 771 	 695 
i 353	 839 	 809 
i 611	 637 	 653 
i 967	 157 	 75 
i 914	 300 	 229 
i 867	 715 	 697 
i 595	 253 	 223 
i 783	 899 	 971 
i 701	 706 	 717 
i 613	 117 	 20 
i 357	 726 	 647 
i 176	 836 	 827 
i 767	 262 	 175 
i 820	 782 	 689 
i 34	 865 	 955 
i 713	 997 	 1060 
i 873	 474 	 456 
i 760	 788 	 727 
i 431	 668 	 747 
i 438	 276 	 278 
i 131	 293 	 366 
i 946	 387 	 295 
i 117	 795 	 857 
i 871	 857 	 883 
i 720	 890 	 923 
i 717	 847 	 822 
i 127	 686 	 636 
i 888	 165 	 67 
i 516	 341 	 329 
i 702	 252 	 328 
i 908	 707 	 609 
i 220	 590 	 681 
i 989	 630 	 545 
i 829	 462 	 551 
i 707	 135 	 168 
i 536	 727 	 704 
i 183	 175 	 177 
i 245	 399 	 379 
i 504	 410 	 493 
i 663	 805 	 828 
i 334	 700 	 705 
i 874	 712 	 761 
i 458	 676 	 723 
i 854	 744 	 757 
i 882	 698 	 652 
i 575	 403 	 464 
i 648	 746 	 844 
i 972	 312 	 259 
i 310	 668 	 716 
i 91	 594 	 574 
i 754	 255 	 302 
i 431	 723 	 745 
i 67	 497 	 410 
i 779	 262 	 346 
i 440	 765 	 826 
i 768	 118 	 94 
i 483	 836 	 741 
i 710	 828 	 728 
i 337	 149 	 111 
i 880	 807 	 787 
i 43	 276 	 207 
i 731	 932 	 949 
i 166	 587 	 617 
i 337	 649 	 635 
i 73	 581 	 655 
i 82	 409 	 437 
i 897	 748 	 672 
i 705	 774 	 840 
i 748	 776 	 710 
i 531	 164 	 74 
i 718	 522 	 440 
i 642	 662 	 726 
i 178	 295 	 393 
i 783	 877 	 842 
i 314	 373 	 353 
i 649	 259 	 255 
i 366	 829 	 804 
i 113	 939 	 855 
i 861	 792 	 858 
i 921	 943 	 915 
i 385	 989 	 905 
i 5	 183 	 227 
i 213	 916 	 996 
i 75	 907 	 943 
i 370	 309 	 408 
i 537	 664 	 693 
i 345	 203 	 105 
i 278	 540 	 465 
i 44	 615 	 712 
i 980	 465 	 546 
i 968	 788 	 746 
i 50	 860 	 819 
i 955	 613 	 615 
i 851	 525 	 542 
i 75	 245 	 336 
i 697	 243 	 241 
i 802	 818 	 885 
i 286	 830 	 753 
i 853	 943 	 874 
i 252	 932 	 860 
i 15	 851 	 772 
i 856	 224 	 155 
i 423	 490 	 412 
i 889	 945 	 1038 
i 40	 577 	 485 
i 189	 539 	 586 
i 985	 977 	 985 
i 795	 834 	 899 
i 731	 937 	 972 
i 655	 190 	 276 
i 489	 315 	 404 
i 616	 412 	 472 
i 43	 554 	 498 
i 980	 656 	 578 
i 506	 626 	 556 
i 987	 662 	 630 
i 962	 430 	 395 
i 775	 911 	 835 
i 705	 756 	 827 
i 795	 471 	 473 
i 26	 410 	 509 
i 365	 362 	 385 
i 863	 186 	 217 
i 477	 386 	 413 
i 58	 487 	 416 
i 678	 623 	 549 
i 38	 928 	 846 
i 937	 330 	 404 
i 663	 440 	 455 
i 69	 311 	 285 
i 406	 765 	 744 
i 688	 765 	 817 
i 773	 423 	 447 
i 83	 120 	 40 
i 506	 688 	 619 
i 83	 817 	 884 
i 2	 935 	 1009 
i 249	 130 	 192 
i 619	 904 	 898 
i 845	 527 	 535 
i 581	 857 	 946 
i 318	 320 	 347 
i 669	 996 	 978 
i 679	 661 	 659 
i 329	 752 	 652 
i 124	 893 	 809 
i 52	 747 	 663 
i 74	 635 	 601 
i 967	 467 	 557 
i 436	 888 	 947 
i 276	 482 	 457 
i 511	 437 	 476 
i 506	 115 	 88 
i 127	 481 	 390 
i 847	 920 	 894 
i 727	 920 	 919 
i 443	 994 	 1003 
i 33	 179 	 203 
i 433	 475 	 493 
i 308	 432 	 337 
i 725	 252 	 212 
i 93	 588 	 650 
i 98	 318 	 281 
i 514	 643 	 632 
i 425	 683 	 641 
i 336	 127 	 31 
i 329	 570 	 562 
i 406	 169 	 168 
i 816	 724 	 809 
i 178	 360 	 307 
i 337	 384 	 476 
i 873	 653 	 564 
i 107	 487 	 417 
i 706	 771 	 804 
i 350	 279 	 197 
i 368	 539 	 524 
i 884	 557 	 608 
i 950	 969 	 901 
i 641	 521 	 616 
i 922	 458 	 389 
i 230	 669 	 667 
i 840	 636 	 609 
i 264	 685 	 679 
i 8	 821 	 756 
i 197	 525 	 530 
i 678	 606 	 685 
i 181	 985 	 1041 
i 146	 768 	 814 
i 607	 912 	 886 
i 997	 892 	 850 
i 626	 141 	 145 
i 217	 578 	 551 
i 862	 903 	 928 
i 661	 434 	 461 
i 128	 593 	 659 
i 684	 173 	 175 
i 668	 969 	 1007 
i 408	 774 	 841 
i 310	 535 	 524 
i 189	 866 	 854 
i 223	 239 	 152 
i 749	 705 	 662 
i 641	 141 	 70 
i 6	 700 	 761 
i 548	 377 	 464 
i 618	 229 	 253 
i 584	 684 	 641 
i 331	 410 	 449 
i 808	 266 	 167 
i 659	 662 	 601 
i 803	 167 	 150 
i 472	 229 	 162 
i 506	 483 	 545 
i 170	 615 	 678 
i 470	 446 	 418 
i 603	 390 	 486 
i 248	 942 	 954 
i 585	 311 	 390 
i 760	 932 	 972 
i 381	 938 	 910 
i 445	 224 	 157 
i 578	 596 	 623 
i 997	 747 	 676 
i 564	 578 	 541 
i 941	 413 	 470 
i 256	 736 	 713 
i 191	 719 	 746 
i 417	 332 	 276 
i 340	 240 	 336 
i 271	 866 	 838 
i 399	 300 	 361 
i 945	 449 	 426 
i 660	 128 	 104 
i 186	 257 	 346 
i 527	 538 	 615 
i 231	 347 	 275 
i 915	 692 	 658 
i 165	 368 	 418 
i 311	 564 	 482 
i 161	 547 	 519 
i 374	 869 	 921 
i 754	 697 	 738 
i 773	 150 	 123 
i 938	 490 	 500 
i 420	 443 	 359 
i 685	 344 	 306 
i 340	 471 	 416 
i 629	 769 	 747 
i 140	 548 	 588 
i 631	 630 	 702 
i 484	 952 	 899 
i 144	 740 	 838 
i 189	 479 	 531 
i 616	 805 	 845 
i 989	 408 	 332 
i 252	 480 	 541 
i 658	 756 	 685 
i 399	 958 	 1013 
i 891	 417 	 500 
i 475	 152 	 161 
i 422	 918 	 824 
i 130	 239 	 173 
i 544	 230 	 202 
i 326	 909 	 1004 
i 661	 645 	 738 
i 77	 754 	 698 
i 803	 583 	 658 
i 756	 714 	 669 
i 101	 516 	 449 
i 147	 441 	 469 
i 56	 928 	 841 
i 201	 955 	 894 
i 336	 221 	 269 
i 235	 543 	 456 
i 835	 524 	 569 
i 559	 496 	 556 
i 91	 691 	 712 
i 769	 584 	 556 
i 225	 830 	 822 
i 597	 981 	 1003 
i 517	 664 	 697 
i 467	 723 	 796 
i 591	 896 	 836 
i 78	 665 	 652 
i 543	 724 	 678 
i 976	 482 	 548 
i 630	 308 	 392 
i 162	 848 	 886 
i 971	 282 	 365 
i 950	 694 	 696 
i 573	 348 	 254 
i 262	 941 	 940 
i 146	 823 	 740 
i 770	 115 	 48 
i 460	 503 	 544 
i 878	 746 	 783 
i 100	 596 	 559 
i 928	 527 	 522 
i 122	 252 	 241 
i 778	 178 	 157 
i 46	 635 	 729 
i 979	 662 	 608 
i 781	 215 	 191 
i 786	 294 	 224 
i 228	 442 	 464 
i 942	 184 	 181 
i 489	 794 	 811 
i 957	 186 	 189 
i 117	 611 	 638 
i 193	 121 	 104 
i 782	 477 	 469 
i 402	 453 	 441 
i 520	 661 	 605 
i 726	 999 	 900 
i 100	 244 	 191 
i 183	 786 	 721 
i 951	 331 	 364 
i 37	 854 	 878 
i 600	 424 	 472 
i 612	 992 	 1078 
i 25	 473 	 516 
i 409	 883 	 806 
i 29	 386 	 413 
i 29	 583 	 556 
i 179	 590 	 582 
i 938	 800 	 829 
i 188	 958 	 977 
i 24	 662 	 689 
i 377	 329 	 276 
i 368	 988 	 1057 
i 775	 929 	 1003 
i 645	 677 	 633 
i 954	 783 	 745 
i 486	 462 	 429 
i 26	 787 	 790 
i 801	 311 	 302 
i 754	 886 	 914 
i 375	 530 	 563 
i 620	 206 	 114 
i 607	 416 	 398 
i 528	 280 	 217 
i 166	 166 	 232 
i 922	 416 	 473 
i 318	 692 	 646 
i 79	 993 	 952 
i 304	 564 	 484 
i 177	 970 	 1041 
i 648	 654 	 600 
i 755	 358 	 428 
i 99	 397 	 388 
i 290	 764 	 861 
i 352	 931 	 861 
i 696	 783 	 698 
i 350	 594 	 572 
i 343	 837 	 831 
i 853	 214 	 269 
i 820	 304 	 394 
i 431	 175 	 195 
i 709	 380 	 351 
i 33	 247 	 237 
i 767	 654 	 702 
i 690	 642 	 561 
i 446	 777 	 835 
i 989	 844 	 772 
i 806	 304 	 300 
i 923	 724 	 691 
i 142	 524 	 455 
i 214	 482 	 500 
i 517	 126 	 85 
i 670	 442 	 408 
i 282	 846 	 765 
i 879	 618 	 675 
i 629	 704 	 650 
i 454	 519 	 463 
i 672	 645 	 551 
i 362	 187 	 277 
i 827	 488 	 407 
i 245	 629 	 590 
i 263	 265 	 330 
i 636	 531 	 530 
i 464	 826 	 881 
i 35	 914 	 945 
i 702	 726 	 683 
i 162	 935 	 983 
i 763	 246 	 228 
i 849	 273 	 327 
i 274	 233 	 253 
i 857	 318 	 387 
i 31	 593 	 514 
i 503	 439 	 487 
i 308	 881 	 822 
i 212	 683 	 631 
i 904	 379 	 468 
i 832	 633 	 554 
i 984	 402 	 476 
i 168	 768 	 811 
i 305	 567 	 665 
i 538	 213 	 283 
i 81	 965 	 1041 
i 451	 173 	 149 
i 317	 835 	 873 
i 961	 131 	 211 
i 263	 348 	 409 
i 851	 300 	 328 
i 179	 395 	 420 
i 919	 280 	 338 
i 433	 920 	 839 
i 548	 913 	 940 
i 509	 780 	 823 
i 579	 674 	 607 
i 394	 126 	 122 
i 417	 741 	 730 
i 684	 656 	 697 
i 897	 486 	 497 
i 218	 167 	 214 
i 408	 724 	 755 
i 319	 540 	 458 
i 222	 627 	 654 
i 975	 304 	 233 
i 609	 942 	 987 
i 626	 202 	 125 
i 336	 633 	 640 
i 949	 140 	 84 
i 372	 770 	 693 
i 435	 379 	 346 
i 125	 147 	 195 
i 608	 732 	 644 
i 189	 812 	 768 
i 406	 491 	 442 
i 341	 621 	 694 
i 444	 377 	 375 
i 32	 483 	 548 
i 65	 960 	 1015 
i 806	 266 	 195 
i 109	 371 	 387 
i 149	 669 	 710 
i 847	 441 	 404 
i 637	 496 	 497 
i 65	 749 	 831 
i 639	 979 	 929 
i 939	 861 	 900 
i 358	 411 	 456 
i 313	 259 	 317 
i 489	 950 	 969 
i 781	 194 	 235 
i 410	 714 	 785 
i 781	 455 	 495 
i 216	 737 	 705 
i 933	 298 	 279 
i 909	 219 	 127 
i 754	 444 	 540 
i 92	 174 	 142 
i 259	 821 	 852 
i 203	 636 	 564 
i 297	 279 	 364 
i 975	 908 	 875 
i 364	 779 	 702 
i 69	 516 	 482 
i 280	 819 	 772 
i 402	 291 	 226 
i 777	 330 	 415 
i 849	 316 	 220 
i 649	 620 	 575 
i 241	 314 	 310 
i 430	 442 	 497 
i 327	 375 	 426 
i 80	 673 	 596 
i 535	 777 	 714 
i 333	 183 	 176 
i 535	 419 	 493 
i 782	 575 	 604 
i 14	 512 	 511 
i 587	 530 	 459 
i 815	 779 	 756 
i 188	 319 	 382 
i 485	 123 	 51 
i 119	 795 	 739 
i 868	 901 	 952 
i 949	 180 	 98 
i 297	 597 	 622 
i 819	 482 	 463 
i 271	 170 	 154 
i 743	 613 	 514 
i 495	 743 	 807 
i 729	 199 	 101 
i 743	 926 	 925 
i 513	 165 	 188 
i 403	 364 	 360 
i 481	 150 	 136 
i 29	 231 	 277 
i 446	 788 	 797 
i 513	 262 	 326 
i 78	 638 	 650 
i 790	 646 	 557 
i 889	 489 	 546 
i 806	 500 	 505 
i 867	 942 	 850 
i 153	 600 	 588 
i 197	 141 	 226 
i 332	 527 	 617 
i 94	 287 	 267 
i 265	 776 	 858 
i 857	 616 	 714 
i 460	 228 	 284 
i 885	 279 	 313 
i 324	 978 	 973 
i 259	 560 	 528 
i 809	 598 	 597 
i 843	 993 	 1031 
i 311	 927 	 832 
i 510	 887 	 810 
i 259	 354 	 330 
i 827	 277 	 225 
i 959	 269 	 309 
i 150	 964 	 981 
i 126	 671 	 753 
i 631	 206 	 139 
i 180	 513 	 608 
i 173	 954 	 1018 
i 92	 682 	 608 
i 964	 704 	 732 
i 238	 810 	 889 
i 425	 263 	 308 
i 603	 477 	 514 
i 563	 212 	 279 
i 194	 734 	 826 
i 302	 654 	 672 
i 753	 804 	 858 
i 703	 784 	 873 
i 346	 624 	 531 
i 14	 741 	 641 
i 800	 422 	 369 
i 971	 333 	 365 
i 384	 980 	 933 
i 498	 701 	 766 
i 199	 555 	 459 
i 810	 521 	 485 
i 590	 159 	 74 
i 347	 846 	 902 
i 924	 797 	 722 
i 634	 830 	 757 
i 984	 831 	 918 
i 235	 154 	 236 
i 213	 744 	 702 
i 877	 980 	 1038 
i 378	 829 	 927 
i 839	 849 	 909 
i 894	 249 	 227 
i 721	 318 	 365 
i 494	 124 	 156 
i 303	 236 	 195 
i 114	 360 	 316 
i 162	 307 	 310 
i 874	 228 	 273 
i 852	 490 	 511 
i 660	 306 	 402 
i 491	 298 	 362 
i 647	 122 	 165 
i 881	 471 	 458 
i 895	 239 	 325 
i 38	 828 	 775 
i 318	 203 	 172 
i 539	 454 	 456 
i 670	 913 	 890 
i 98	 672 	 619 
i 317	 322 	 401 
i 528	 308 	 285 
i 542	 151 	 58 
i 947	 789 	 872 
i 92	 291 	 353 
i 898	 232 	 302 
i 4	 443 	 376 
i 389	 754 	 795 
i 292	 320 	 295 
i 923	 662 	 657 
i 162	 874 	 932 
i 384	 784 	 748 
i 430	 241 	 313 
i 194	 274 	 335 
i 397	 201 	 281 
i 533	 924 	 983 
i 907	 792 	 852 
i 630	 942 	 880 
i 865	 682 	 678 
i 487	 130 	 111 
i 346	 552 	 565 
i 103	 368 	 458 
i 250	 652 	 627 
i 434	 530 	 544 
i 536	 360 	 453 
i 451	 271 	 271 
i 217	 981 	 963 
i 153	 805 	 713 
i 795	 975 	 1056 
i 816	 514 	 492 
i 314	 875 	 922 
i 603	 489 	 557 
i 213	 445 	 363 
i 684	 782 	 787 
i 964	 403 	 315 
i 145	 376 	 378 
i 124	 823 	 868 
i 905	 299 	 375 
i 877	 335 	 370 
i 332	 252 	 250 
i 191	 601 	 662 
i 617	 368 	 349 
i 992	 227 	 251 
i 748	 309 	 270 
i 78	 776 	 730 
i 376	 830 	 812 
i 178	 396 	 403 
i 390	 155 	 143 
i 642	 939 	 903 
i 801	 651 	 681 
i 353	 201 	 269 
i 643	 919 	 911 
i 774	 394 	 384 
i 997	 947 	 887 
i 746	 330 	 285 
i 555	 570 	 600 
i 876	 939 	 1005 
i 926	 529 	 473 
i 858	 923 	 995 
i 467	 320 	 352 
i 569	 900 	 803 
i 478	 761 	 793 
i 796	 281 	 268 
i 737	 683 	 669 
i 984	 862 	 797 
i 501	 221 	 267 
i 433	 802 	 823 
i 903	 653 	 660 
i 818	 850 	 828 
i 54	 729 	 801 
i 941	 431 	 417 
i 673	 447 	 528 
i 865	 145 	 185 
i 510	 532 	 520 
i 355	 917 	 902 
i 479	 187 	 272 
i 257	 839 	 811 
i 867	 492 	 444 
i 698	 969 	 885 
i 394	 430 	 357 
i 754	 307 	 222 
i 133	 690 	 740 
i 172	 608 	 631 
i 646	 346 	 271 
i 553	 739 	 735 
i 639	 229 	 321 
i 458	 164 	 107 
i 886	 485 	 401 
i 851	 720 	 776 
i 212	 792 	 727 
i 433	 913 	 999 
i 85	 982 	 894 
i 645	 761 	 708 
i 909	 420 	 496 
i 615	 532 	 519 
i 748	 960 	 874 
i 808	 925 	 931 
i 230	 229 	 212 
i 915	 305 	 259 
i 682	 112 	 108 
i 585	 269 	 352 
i 565	 208 	 108 
i 297	 266 	 294 
i 644	 476 	 486 
i 119	 371 	 304 
i 74	 759 	 842 
i 990	 825 	 870 
i 124	 409 	 500 
i 342	 781 	 855 
i 343	 132 	 142 
i 522	 561 	 488 
i 631	 486 	 526 
i 806	 486 	 386 
i 217	 170 	 198 
i 510	 662 	 714 
i 239	 813 	 880 
i 43	 740 	 805 
i 378	 497 	 587 
i 132	 458 	 416 
i 157	 344 	 371 
i 663	 836 	 767 
i 86	 959 	 1016 
i 507	 695 	 713 
i 574	 696 	 758 
i 195	 380 	 344 
i 984	 169 	 180 
i 692	 913 	 933 
i 127	 759 	 854 
i 517	 715 	 637 
i 779	 974 	 927 
i 595	 651 	 737 
i 549	 790 	 693 
i 207	 602 	 606 
i 865	 242 	 161 
i 168	 963 	 921 
i 234	 360 	 315 
i 136	 857 	 950 
i 864	 504 	 422 
i 544	 486 	 508 
i 516	 585 	 562 
i 124	 823 	 919 
i 888	 763 	 769 
i 441	 777 	 825 
i 589	 354 	 375 
i 548	 440 	 494 
i 828	 700 	 601 
i 669	 945 	 873 
i 111	 916 	 817 
i 533	 999 	 1009 
i 67	 653 	 566 
i 868	 999 	 937 
i 602	 985 	 900 
i 352	 570 	 573 
i 626	 339 	 260 
i 997	 877 	 908 
i 659	 675 	 672 
i 598	 681 	 611 
i 504	 808 	 761 
i 503	 814 	 873 
i 113	 415 	 488 
i 113	 475 	 521 
i 96	 644 	 611 
i 612	 714 	 751 
i 869	 287 	 249 
i 731	 384 	 346 
i 367	 969 	 1063 
i 9	 512 	 525 
i 792	 649 	 563 
i 584	 885 	 900 
i 926	 706 	 743 
i 337	 586 	 646 
i 937	 350 	 429 
i 616	 648 	 649 
i 815	 371 	 346 
i 123	 651 	 572 
i 89	 927 	 922 
i 539	 901 	 897 
i 145	 518 	 473 
i 17	 582 	 654 
i 686	 204 	 261 
i 222	 816 	 740 
i 491	 638 	 550 
i 96	 546 	 581 
i 389	 997 	 995 
i 996	 444 	 467 
i 915	 540 	 580 
i 804	 963 	 911 
i 263	 503 	 480 
i 793	 749 	 729 
i 898	 625 	 543 
i 691	 436 	 398 
i 285	 546 	 606 
i 774	 601 	 680 
i 772	 314 	 271 
i 147	 752 	 708 
i 630	 411 	 350 
i 589	 147 	 47 
i 32	 364 	 317 
i 749	 709 	 620 
i 328	 180 	 271 
i 694	 261 	 290 
i 185	 539 	 625 
i 736	 363 	 404 
i 965	 273 	 269 
i 687	 529 	 554 
i 25	 781 	 732 
i 67	 958 	 1027 
i 351	 962 	 1037 
i 25	 310 	 335 
i 102	 363 	 454 
i 271	 326 	 356 
i 752	 903 	 970 
i 38	 845 	 859 
i 221	 587 	 594 
i 691	 126 	 71 
i 446	 684 	 634 
i 399	 914 	 877 
i 357	 779 	 812 
i 581	 672 	 710 
i 865	 341 	 399 
i 108	 303 	 216 
i 998	 882 	 945 
i 825	 736 	 806 
i 361	 356 	 271 
i 378	 834 	 887 
i 24	 146 	 88 
i 927	 369 	 391 
i 679	 650 	 743 
i 311	 355 	 364 
i 570	 970 	 952 
i 787	 787 	 791 
i 654	 845 	 849 
i 358	 683 	 652 
i 634	 554 	 595 
i 449	 621 	 538 
i 488	 413 	 334 
i 778	 601 	 508 
i 386	 255 	 298 
i 661	 227 	 132 
i 628	 715 	 734 
i 390	 194 	 170 
i 216	 658 	 565 
i 860	 231 	 210 
i 359	 539 	 445 
i 932	 278 	 273 
i 273	 354 	 447 
i 825	 450 	 499 
i 987	 483 	 409 
i 119	 230 	 288 
i 799	 254 	 238 
i 893	 784 	 846 
i 509	 237 	 142 
i 645	 271 	 348 
i 127	 623 	 572 
i 315	 651 	 586 
i 588	 188 	 178 
i 970	 159 	 114 
i 389	 823 	 775 
i 524	 940 	 916 
i 685	 756 	 692 
i 443	 241 	 156 
i 585	 962 	 979 
i 765	 986 	 932 
i 342	 885 	 856 
i 949	 215 	 249 
i 37	 373 	 324 
i 92	 774 	 720 
i 892	 131 	 154 
i 825	 365 	 293 
i 551	 706 	 771 
i 699	 868 	 822 
i 657	 935 	 1006 
i 642	 567 	 591 
i 513	 771 	 863 
i 630	 199 	 281 
i 926	 796 	 885 
i 672	 138 	 46 
c
c
W 752831
c end of file