c Instance Type c
c
n 3000
c w	 v1	 v2
i 437	 193 	 247 
i 688	 304 	 396 
i 925	 465 	 400 
i 154	 788 	 718 
i 112	 932 	 986 
i 586	 991 	 1017 
i 426	 374 	 309 
i 442	 962 	 894 
i 717	 921 	 837 
i 984	 806 	 859 
i 78	 626 	 567 
i 295	 426 	 505 
i 694	 391 	 455 
i 457	 547 	 641 
i 381	 683 	 600 
i 370	 482 	 516 
i 666	 157 	 76 
i 624	 316 	 324 
i 536	 458 	 409 
i 318	 533 	 481 
i 898	 328 	 291 
i 254	 512 	 534 
i 570	 419 	 380 
i 62	 260 	 313 
i 705	 238 	 167 
i 124	 314 	 317 
i 176	 913 	 849 
i 406	 111 	 172 
i 797	 591 	 559 
i 272	 820 	 852 
i 516	 147 	 158 
i 967	 431 	 493 
i 315	 978 	 954 
i 483	 364 	 352 
i 625	 156 	 85 
i 855	 286 	 240 
i 757	 746 	 735 
i 757	 908 	 978 
i 299	 737 	 767 
i 97	 153 	 237 
i 138	 740 	 727 
i 499	 349 	 330 
i 475	 183 	 227 
i 759	 524 	 464 
i 811	 919 	 984 
i 9	 163 	 199 
i 723	 406 	 394 
i 620	 804 	 743 
i 325	 675 	 674 
i 373	 365 	 383 
i 82	 296 	 342 
i 350	 686 	 632 
i 431	 158 	 198 
i 896	 799 	 791 
i 805	 980 	 935 
i 864	 827 	 783 
i 197	 546 	 447 
i 977	 938 	 963 
i 612	 225 	 315 
i 897	 666 	 630 
i 107	 305 	 286 
i 753	 955 	 1005 
i 807	 271 	 208 
i 582	 897 	 813 
i 559	 421 	 498 
i 365	 665 	 715 
i 855	 917 	 1006 
i 785	 923 	 1008 
i 913	 591 	 598 
i 539	 549 	 536 
i 757	 837 	 845 
i 707	 309 	 268 
i 887	 980 	 900 
i 772	 256 	 292 
i 121	 329 	 277 
i 745	 229 	 250 
i 652	 898 	 890 
i 566	 852 	 801 
i 108	 786 	 718 
i 600	 375 	 415 
i 417	 762 	 753 
i 640	 355 	 288 
i 618	 617 	 527 
i 781	 709 	 774 
i 28	 428 	 517 
i 161	 645 	 683 
i 47	 297 	 266 
i 880	 710 	 792 
i 640	 932 	 835 
i 937	 188 	 211 
i 670	 812 	 719 
i 944	 331 	 366 
i 515	 480 	 438 
i 188	 529 	 444 
i 545	 375 	 295 
i 147	 329 	 281 
i 357	 945 	 907 
i 32	 363 	 301 
i 954	 284 	 350 
i 42	 301 	 354 
i 830	 851 	 838 
i 79	 883 	 859 
i 494	 595 	 674 
i 964	 856 	 772 
i 262	 923 	 948 
i 508	 125 	 180 
i 446	 360 	 286 
i 730	 635 	 567 
i 925	 805 	 728 
i 140	 654 	 586 
i 972	 447 	 545 
i 841	 835 	 748 
i 386	 285 	 297 
i 225	 192 	 197 
i 139	 266 	 324 
i 155	 825 	 784 
i 435	 626 	 674 
i 26	 744 	 738 
i 806	 889 	 868 
i 418	 995 	 1002 
i 795	 248 	 250 
i 611	 239 	 209 
i 807	 301 	 348 
i 898	 801 	 893 
i 74	 382 	 302 
i 878	 196 	 147 
i 458	 460 	 498 
i 171	 233 	 276 
i 47	 654 	 658 
i 42	 120 	 208 
i 196	 599 	 646 
i 341	 165 	 134 
i 555	 478 	 408 
i 332	 246 	 156 
i 637	 213 	 138 
i 733	 304 	 205 
i 127	 532 	 524 
i 265	 258 	 284 
i 876	 896 	 932 
i 887	 473 	 517 
i 437	 421 	 504 
i 498	 188 	 139 
i 911	 497 	 559 
i 64	 635 	 564 
i 179	 683 	 739 
i 397	 796 	 799 
i 871	 801 	 829 
i 38	 324 	 405 
i 921	 888 	 944 
i 330	 604 	 638 
i 679	 356 	 277 
i 766	 283 	 304 
i 201	 513 	 516 
i 790	 347 	 362 
i 434	 477 	 528 
i 206	 284 	 215 
i 982	 743 	 648 
i 223	 426 	 338 
i 97	 344 	 441 
i 651	 152 	 115 
i 927	 749 	 847 
i 122	 845 	 897 
i 575	 494 	 586 
i 841	 953 	 1003 
i 254	 580 	 517 
i 449	 365 	 343 
i 161	 503 	 477 
i 516	 527 	 546 
i 779	 584 	 622 
i 826	 572 	 540 
i 545	 852 	 806 
i 371	 847 	 825 
i 802	 634 	 727 
i 751	 599 	 660 
i 279	 378 	 290 
i 565	 544 	 546 
i 7	 891 	 925 
i 476	 334 	 271 
i 9	 864 	 957 
i 528	 590 	 648 
i 362	 896 	 863 
i 191	 248 	 289 
i 779	 597 	 599 
i 329	 569 	 521 
i 630	 399 	 407 
i 118	 454 	 375 
i 995	 909 	 831 
i 248	 617 	 634 
i 95	 785 	 804 
i 634	 756 	 681 
i 517	 573 	 570 
i 672	 874 	 909 
i 220	 616 	 607 
i 735	 182 	 239 
i 60	 416 	 399 
i 446	 898 	 905 
i 344	 993 	 999 
i 914	 204 	 259 
i 672	 728 	 802 
i 398	 370 	 371 
i 918	 481 	 385 
i 776	 915 	 954 
i 345	 629 	 712 
i 426	 147 	 177 
i 770	 847 	 889 
i 656	 329 	 260 
i 648	 805 	 805 
i 753	 388 	 371 
i 448	 191 	 108 
i 740	 967 	 964 
i 158	 529 	 509 
i 63	 551 	 487 
i 645	 281 	 286 
i 686	 207 	 297 
i 515	 786 	 830 
i 760	 529 	 504 
i 541	 669 	 574 
i 852	 226 	 281 
i 942	 595 	 540 
i 906	 673 	 766 
i 377	 217 	 142 
i 872	 576 	 513 
i 65	 737 	 803 
i 173	 316 	 320 
i 932	 274 	 181 
i 404	 916 	 975 
i 32	 363 	 330 
i 161	 386 	 323 
i 706	 191 	 117 
i 339	 393 	 300 
i 458	 365 	 348 
i 981	 477 	 434 
i 686	 645 	 615 
i 917	 497 	 502 
i 102	 960 	 951 
i 8	 992 	 1064 
i 291	 811 	 889 
i 601	 221 	 132 
i 691	 390 	 442 
i 10	 508 	 427 
i 297	 543 	 554 
i 709	 912 	 919 
i 311	 280 	 225 
i 745	 594 	 522 
i 701	 173 	 122 
i 693	 581 	 531 
i 481	 459 	 467 
i 605	 365 	 293 
i 919	 414 	 481 
i 367	 201 	 270 
i 852	 290 	 218 
i 754	 786 	 856 
i 945	 376 	 308 
i 489	 577 	 658 
i 559	 705 	 726 
i 89	 923 	 883 
i 481	 258 	 314 
i 767	 741 	 718 
i 109	 870 	 831 
i 211	 724 	 758 
i 413	 586 	 591 
i 173	 712 	 668 
i 471	 580 	 525 
i 996	 724 	 766 
i 665	 641 	 595 
i 579	 293 	 265 
i 745	 562 	 630 
i 455	 368 	 390 
i 309	 713 	 756 
i 998	 986 	 1072 
i 534	 696 	 664 
i 211	 274 	 277 
i 739	 524 	 621 
i 429	 725 	 821 
i 26	 471 	 500 
i 232	 714 	 659 
i 739	 148 	 242 
i 30	 897 	 882 
i 707	 551 	 598 
i 692	 302 	 348 
i 350	 239 	 192 
i 535	 544 	 539 
i 999	 113 	 56 
i 690	 990 	 1019 
i 96	 974 	 1008 
i 775	 662 	 743 
i 816	 864 	 892 
i 701	 839 	 873 
i 197	 330 	 306 
i 412	 984 	 898 
i 557	 749 	 733 
i 45	 987 	 1078 
i 48	 525 	 616 
i 37	 720 	 749 
i 9	 407 	 455 
i 628	 117 	 120 
i 475	 921 	 888 
i 295	 606 	 513 
i 542	 316 	 262 
i 525	 655 	 684 
i 243	 720 	 660 
i 229	 208 	 157 
i 695	 171 	 130 
i 380	 133 	 99 
i 713	 710 	 677 
i 720	 482 	 575 
i 632	 944 	 932 
i 189	 353 	 400 
i 420	 386 	 341 
i 33	 594 	 654 
i 718	 280 	 189 
i 827	 461 	 415 
i 894	 681 	 774 
i 920	 943 	 912 
i 595	 349 	 261 
i 14	 651 	 707 
i 950	 621 	 604 
i 224	 126 	 146 
i 534	 781 	 685 
i 79	 139 	 50 
i 269	 853 	 907 
i 663	 894 	 914 
i 305	 249 	 248 
i 242	 222 	 205 
i 509	 533 	 435 
i 117	 589 	 494 
i 691	 397 	 492 
i 708	 766 	 705 
i 463	 415 	 461 
i 495	 437 	 499 
i 331	 487 	 403 
i 213	 287 	 335 
i 368	 823 	 732 
i 494	 375 	 332 
i 969	 746 	 805 
i 508	 757 	 840 
i 830	 779 	 800 
i 567	 758 	 721 
i 909	 935 	 990 
i 277	 698 	 652 
i 700	 530 	 550 
i 899	 602 	 665 
i 700	 374 	 311 
i 997	 417 	 452 
i 713	 674 	 703 
i 440	 495 	 426 
i 192	 421 	 518 
i 920	 961 	 971 
i 847	 352 	 344 
i 508	 156 	 203 
i 980	 399 	 386 
i 533	 937 	 904 
i 829	 774 	 681 
i 174	 939 	 846 
i 808	 653 	 703 
i 241	 341 	 279 
i 590	 479 	 455 
i 546	 467 	 427 
i 818	 959 	 888 
i 869	 482 	 513 
i 194	 250 	 277 
i 123	 641 	 575 
i 869	 942 	 842 
i 800	 977 	 911 
i 411	 121 	 217 
i 670	 788 	 732 
i 85	 957 	 1019 
i 486	 407 	 378 
i 441	 676 	 611 
i 858	 809 	 718 
i 15	 505 	 452 
i 611	 182 	 154 
i 546	 334 	 280 
i 520	 334 	 240 
i 532	 489 	 477 
i 294	 473 	 395 
i 245	 671 	 610 
i 579	 505 	 541 
i 216	 824 	 748 
i 2	 981 	 1077 
i 445	 132 	 231 
i 525	 345 	 366 
i 777	 666 	 596 
i 29	 872 	 906 
i 455	 900 	 841 
i 862	 405 	 404 
i 493	 506 	 554 
i 936	 682 	 646 
i 738	 402 	 409 
i 717	 513 	 521 
i 741	 497 	 593 
i 6	 495 	 497 
i 630	 147 	 104 
i 487	 284 	 247 
i 376	 883 	 937 
i 707	 177 	 203 
i 153	 621 	 546 
i 795	 393 	 305 
i 123	 681 	 741 
i 575	 271 	 274 
i 11	 751 	 703 
i 443	 737 	 690 
i 483	 302 	 381 
i 678	 557 	 533 
i 547	 838 	 889 
i 621	 634 	 627 
i 195	 308 	 331 
i 513	 420 	 402 
i 155	 475 	 482 
i 335	 298 	 220 
i 56	 759 	 683 
i 761	 991 	 1003 
i 976	 337 	 246 
i 479	 245 	 290 
i 298	 585 	 539 
i 886	 370 	 448 
i 109	 785 	 702 
i 456	 445 	 465 
i 866	 813 	 864 
i 78	 401 	 319 
i 807	 500 	 429 
i 797	 608 	 689 
i 53	 220 	 296 
i 204	 263 	 235 
i 737	 907 	 939 
i 30	 260 	 269 
i 788	 166 	 197 
i 165	 244 	 166 
i 954	 779 	 874 
i 282	 563 	 474 
i 719	 645 	 717 
i 279	 776 	 808 
i 402	 694 	 736 
i 573	 591 	 674 
i 470	 915 	 946 
i 638	 614 	 650 
i 700	 212 	 206 
i 851	 796 	 823 
i 604	 897 	 915 
i 113	 879 	 953 
i 713	 930 	 948 
i 462	 809 	 883 
i 118	 509 	 463 
i 659	 255 	 324 
i 564	 182 	 145 
i 130	 764 	 855 
i 244	 484 	 515 
i 16	 904 	 905 
i 899	 582 	 504 
i 763	 220 	 164 
i 685	 997 	 1084 
i 471	 635 	 614 
i 919	 522 	 525 
i 82	 765 	 700 
i 162	 630 	 678 
i 896	 912 	 986 
i 316	 873 	 795 
i 210	 568 	 493 
i 740	 130 	 35 
i 863	 229 	 287 
i 860	 429 	 424 
i 451	 373 	 462 
i 913	 728 	 801 
i 650	 299 	 388 
i 234	 456 	 378 
i 136	 226 	 127 
i 993	 999 	 963 
i 509	 212 	 218 
i 531	 327 	 281 
i 664	 353 	 280 
i 23	 169 	 268 
i 318	 594 	 583 
i 13	 549 	 520 
i 226	 432 	 333 
i 614	 387 	 335 
i 744	 485 	 460 
i 743	 491 	 465 
i 858	 778 	 854 
i 102	 363 	 345 
i 375	 605 	 520 
i 441	 725 	 645 
i 985	 722 	 705 
i 478	 230 	 216 
i 839	 550 	 581 
i 150	 558 	 512 
i 571	 775 	 677 
i 999	 224 	 275 
i 750	 556 	 579 
i 35	 452 	 495 
i 590	 819 	 737 
i 282	 888 	 894 
i 969	 977 	 980 
i 104	 460 	 559 
i 597	 844 	 911 
i 102	 538 	 635 
i 849	 779 	 790 
i 976	 792 	 803 
i 478	 577 	 538 
i 861	 236 	 204 
i 659	 874 	 960 
i 534	 957 	 899 
i 509	 543 	 479 
i 902	 116 	 73 
i 727	 114 	 190 
i 208	 858 	 954 
i 960	 846 	 912 
i 726	 453 	 515 
i 252	 948 	 905 
i 393	 332 	 262 
i 253	 636 	 697 
i 205	 576 	 544 
i 692	 765 	 835 
i 698	 928 	 978 
i 702	 293 	 289 
i 543	 189 	 226 
i 371	 176 	 205 
i 756	 917 	 891 
i 698	 748 	 773 
i 947	 115 	 18 
i 539	 249 	 203 
i 62	 968 	 963 
i 798	 383 	 316 
i 718	 251 	 324 
i 923	 921 	 934 
i 12	 458 	 380 
i 85	 181 	 177 
i 991	 757 	 704 
i 709	 201 	 288 
i 715	 758 	 834 
i 870	 775 	 759 
i 835	 127 	 123 
i 142	 551 	 507 
i 300	 700 	 600 
i 211	 582 	 666 
i 602	 199 	 286 
i 681	 299 	 203 
i 409	 729 	 631 
i 511	 941 	 985 
i 239	 885 	 872 
i 986	 783 	 744 
i 6	 270 	 198 
i 501	 701 	 657 
i 165	 952 	 968 
i 695	 953 	 1011 
i 794	 886 	 865 
i 7	 829 	 744 
i 701	 847 	 844 
i 636	 858 	 957 
i 507	 611 	 558 
i 263	 999 	 943 
i 442	 383 	 329 
i 106	 510 	 556 
i 53	 762 	 841 
i 2	 392 	 410 
i 873	 210 	 186 
i 681	 563 	 541 
i 510	 633 	 551 
i 352	 178 	 223 
i 914	 177 	 124 
i 914	 388 	 387 
i 222	 588 	 676 
i 671	 792 	 701 
i 404	 553 	 472 
i 720	 461 	 381 
i 832	 986 	 1080 
i 341	 439 	 469 
i 929	 786 	 718 
i 5	 868 	 871 
i 79	 627 	 613 
i 391	 835 	 804 
i 928	 389 	 402 
i 695	 336 	 283 
i 193	 377 	 405 
i 587	 465 	 437 
i 571	 554 	 492 
i 940	 531 	 538 
i 700	 224 	 217 
i 553	 371 	 364 
i 134	 830 	 839 
i 948	 324 	 412 
i 263	 631 	 704 
i 516	 246 	 258 
i 816	 457 	 508 
i 215	 138 	 106 
i 714	 460 	 542 
i 187	 633 	 703 
i 314	 221 	 231 
i 606	 634 	 555 
i 415	 163 	 111 
i 655	 651 	 588 
i 240	 598 	 588 
i 392	 480 	 573 
i 782	 981 	 1037 
i 813	 764 	 863 
i 208	 180 	 222 
i 795	 992 	 1071 
i 919	 862 	 804 
i 509	 466 	 529 
i 568	 562 	 509 
i 177	 776 	 854 
i 724	 944 	 870 
i 141	 457 	 461 
i 120	 429 	 390 
i 854	 237 	 160 
i 932	 236 	 201 
i 923	 869 	 793 
i 769	 779 	 687 
i 170	 969 	 979 
i 677	 809 	 732 
i 425	 129 	 88 
i 363	 920 	 823 
i 753	 147 	 78 
i 111	 612 	 567 
i 253	 883 	 809 
i 393	 989 	 902 
i 247	 389 	 486 
i 999	 497 	 548 
i 964	 534 	 619 
i 750	 135 	 156 
i 771	 241 	 147 
i 682	 503 	 481 
i 723	 520 	 449 
i 287	 663 	 614 
i 156	 911 	 912 
i 144	 141 	 221 
i 457	 200 	 129 
i 892	 191 	 120 
i 369	 865 	 787 
i 397	 802 	 874 
i 543	 451 	 478 
i 984	 478 	 441 
i 446	 828 	 736 
i 67	 958 	 923 
i 967	 298 	 294 
i 2	 751 	 776 
i 102	 664 	 580 
i 192	 798 	 893 
i 42	 930 	 899 
i 819	 142 	 190 
i 202	 910 	 867 
i 615	 586 	 540 
i 423	 868 	 911 
i 376	 904 	 960 
i 587	 306 	 355 
i 307	 736 	 786 
i 930	 404 	 474 
i 703	 479 	 388 
i 624	 458 	 375 
i 660	 766 	 847 
i 560	 537 	 458 
i 95	 791 	 835 
i 947	 142 	 71 
i 840	 778 	 782 
i 61	 585 	 506 
i 763	 362 	 345 
i 94	 141 	 110 
i 509	 900 	 809 
i 899	 941 	 975 
i 637	 129 	 95 
i 117	 935 	 1013 
i 881	 142 	 239 
i 916	 785 	 871 
i 667	 915 	 969 
i 201	 490 	 556 
i 484	 587 	 606 
i 518	 957 	 995 
i 407	 376 	 316 
i 341	 419 	 339 
i 362	 129 	 176 
i 289	 425 	 495 
i 324	 329 	 376 
i 83	 318 	 348 
i 987	 260 	 223 
i 415	 949 	 952 
i 951	 802 	 702 
i 903	 445 	 449 
i 202	 171 	 256 
i 549	 350 	 303 
i 569	 439 	 465 
i 922	 206 	 289 
i 170	 965 	 913 
i 403	 729 	 694 
i 571	 419 	 381 
i 514	 702 	 747 
i 292	 275 	 310 
i 668	 277 	 293 
i 736	 740 	 797 
i 5	 676 	 642 
i 375	 914 	 994 
i 482	 585 	 650 
i 443	 513 	 612 
i 139	 730 	 709 
i 486	 131 	 225 
i 152	 410 	 406 
i 336	 169 	 224 
i 524	 773 	 761 
i 232	 403 	 339 
i 867	 212 	 149 
i 771	 509 	 520 
i 305	 424 	 332 
i 758	 270 	 266 
i 455	 266 	 290 
i 478	 621 	 542 
i 814	 594 	 545 
i 880	 136 	 155 
i 625	 827 	 750 
i 954	 333 	 303 
i 69	 493 	 436 
i 518	 658 	 755 
i 870	 267 	 225 
i 50	 303 	 213 
i 225	 734 	 735 
i 798	 398 	 495 
i 343	 494 	 554 
i 372	 724 	 760 
i 178	 365 	 326 
i 428	 471 	 423 
i 859	 783 	 748 
i 475	 977 	 1046 
i 650	 968 	 1011 
i 867	 341 	 394 
i 568	 388 	 486 
i 891	 840 	 897 
i 322	 827 	 753 
i 13	 650 	 651 
i 299	 366 	 402 
i 704	 638 	 560 
i 461	 870 	 964 
i 436	 273 	 262 
i 400	 137 	 56 
i 659	 775 	 867 
i 971	 567 	 573 
i 791	 559 	 543 
i 598	 372 	 420 
i 205	 490 	 541 
i 493	 939 	 850 
i 87	 658 	 710 
i 940	 757 	 701 
i 124	 731 	 762 
i 154	 238 	 149 
i 900	 323 	 366 
i 414	 290 	 327 
i 918	 762 	 757 
i 213	 249 	 164 
i 640	 911 	 867 
i 573	 695 	 749 
i 189	 744 	 816 
i 915	 531 	 591 
i 614	 728 	 812 
i 757	 423 	 338 
i 995	 474 	 569 
i 198	 222 	 200 
i 930	 833 	 795 
i 86	 370 	 375 
i 985	 438 	 371 
i 643	 689 	 736 
i 356	 488 	 573 
i 829	 364 	 432 
i 524	 188 	 179 
i 875	 121 	 63 
i 284	 191 	 132 
i 409	 173 	 154 
i 222	 523 	 490 
i 513	 800 	 784 
i 881	 379 	 360 
i 532	 526 	 436 
i 956	 293 	 274 
i 243	 228 	 175 
i 329	 977 	 1029 
i 341	 494 	 521 
i 431	 683 	 766 
i 501	 868 	 833 
i 964	 340 	 350 
i 740	 639 	 551 
i 43	 126 	 214 
i 509	 489 	 484 
i 715	 534 	 520 
i 847	 897 	 932 
i 822	 218 	 119 
i 253	 894 	 863 
i 897	 571 	 626 
i 749	 499 	 454 
i 9	 791 	 739 
i 603	 391 	 487 
i 620	 448 	 353 
i 46	 398 	 404 
i 523	 822 	 771 
i 407	 319 	 238 
i 528	 920 	 1003 
i 410	 924 	 858 
i 927	 343 	 256 
i 365	 145 	 208 
i 131	 392 	 457 
i 447	 608 	 593 
i 826	 593 	 503 
i 150	 615 	 534 
i 950	 202 	 225 
i 185	 424 	 329 
i 95	 510 	 520 
i 10	 438 	 530 
i 271	 590 	 668 
i 310	 652 	 603 
i 626	 490 	 467 
i 186	 336 	 402 
i 727	 718 	 749 
i 296	 763 	 824 
i 398	 848 	 899 
i 750	 509 	 597 
i 200	 531 	 438 
i 567	 134 	 43 
i 107	 990 	 953 
i 715	 893 	 918 
i 143	 231 	 181 
i 397	 574 	 561 
i 81	 426 	 359 
i 814	 122 	 114 
i 644	 841 	 913 
i 93	 626 	 648 
i 566	 576 	 638 
i 593	 609 	 584 
i 582	 651 	 647 
i 463	 933 	 873 
i 598	 603 	 571 
i 120	 828 	 875 
i 474	 330 	 394 
i 487	 478 	 505 
i 309	 889 	 844 
i 889	 765 	 739 
i 413	 420 	 507 
i 972	 251 	 257 
i 580	 587 	 509 
i 506	 129 	 144 
i 60	 307 	 241 
i 867	 613 	 571 
i 114	 381 	 434 
i 527	 222 	 173 
i 403	 786 	 798 
i 140	 146 	 136 
i 488	 477 	 550 
i 646	 422 	 489 
i 183	 894 	 877 
i 204	 994 	 1079 
i 425	 617 	 713 
i 989	 772 	 842 
i 295	 144 	 237 
i 420	 826 	 824 
i 181	 164 	 243 
i 220	 666 	 573 
i 632	 180 	 184 
i 982	 950 	 883 
i 864	 807 	 777 
i 858	 290 	 301 
i 428	 224 	 320 
i 173	 211 	 305 
i 210	 968 	 921 
i 16	 937 	 974 
i 76	 486 	 559 
i 700	 393 	 310 
i 778	 425 	 468 
i 723	 891 	 931 
i 506	 153 	 166 
i 708	 466 	 450 
i 836	 960 	 1030 
i 949	 944 	 848 
i 913	 918 	 864 
i 844	 265 	 214 
i 267	 875 	 839 
i 585	 756 	 661 
i 938	 832 	 892 
i 816	 582 	 587 
i 864	 316 	 222 
i 264	 819 	 867 
i 220	 306 	 321 
i 157	 174 	 179 
i 66	 196 	 184 
i 240	 404 	 360 
i 100	 625 	 635 
i 825	 914 	 841 
i 637	 936 	 850 
i 168	 762 	 840 
i 399	 341 	 392 
i 196	 370 	 273 
i 416	 140 	 87 
i 488	 654 	 633 
i 584	 233 	 225 
i 914	 625 	 665 
i 493	 878 	 937 
i 396	 478 	 502 
i 325	 599 	 551 
i 58	 665 	 650 
i 317	 569 	 634 
i 609	 351 	 255 
i 643	 368 	 356 
i 254	 580 	 665 
i 391	 931 	 933 
i 969	 452 	 437 
i 832	 185 	 268 
i 246	 896 	 859 
i 795	 562 	 590 
i 420	 794 	 833 
i 935	 287 	 190 
i 206	 134 	 159 
i 495	 156 	 109 
i 23	 548 	 552 
i 945	 484 	 566 
i 330	 941 	 1017 
i 414	 431 	 473 
i 297	 360 	 452 
i 805	 641 	 692 
i 574	 323 	 258 
i 773	 944 	 866 
i 799	 959 	 922 
i 850	 626 	 688 
i 342	 865 	 931 
i 762	 440 	 495 
i 696	 362 	 283 
i 58	 258 	 262 
i 338	 894 	 958 
i 935	 859 	 884 
i 174	 643 	 582 
i 112	 800 	 894 
i 67	 899 	 953 
i 646	 292 	 316 
i 494	 124 	 216 
i 864	 866 	 911 
i 148	 670 	 654 
i 314	 767 	 763 
i 195	 343 	 406 
i 38	 183 	 233 
i 636	 739 	 824 
i 411	 917 	 824 
i 298	 893 	 814 
i 502	 690 	 740 
i 517	 355 	 304 
i 367	 324 	 246 
i 995	 970 	 921 
i 734	 458 	 472 
i 995	 886 	 939 
i 78	 725 	 785 
i 785	 507 	 495 
i 692	 443 	 513 
i 572	 478 	 408 
i 224	 572 	 602 
i 499	 351 	 284 
i 738	 570 	 577 
i 705	 668 	 674 
i 97	 898 	 851 
i 969	 518 	 470 
i 661	 312 	 280 
i 107	 138 	 63 
i 480	 530 	 593 
i 893	 398 	 375 
i 412	 532 	 554 
i 683	 222 	 144 
i 200	 373 	 443 
i 827	 850 	 861 
i 714	 434 	 464 
i 173	 670 	 694 
i 399	 903 	 859 
i 430	 317 	 294 
i 901	 428 	 501 
i 225	 266 	 318 
i 699	 612 	 546 
i 824	 268 	 339 
i 120	 367 	 278 
i 951	 234 	 311 
i 315	 728 	 747 
i 944	 419 	 473 
i 836	 972 	 906 
i 69	 334 	 354 
i 426	 680 	 680 
i 600	 564 	 609 
i 165	 352 	 337 
i 342	 508 	 458 
i 630	 381 	 355 
i 769	 432 	 396 
i 464	 331 	 358 
i 810	 864 	 880 
i 779	 661 	 644 
i 32	 813 	 810 
i 672	 458 	 540 
i 182	 904 	 906 
i 454	 662 	 697 
i 900	 151 	 54 
i 205	 374 	 403 
i 567	 703 	 686 
i 814	 989 	 1065 
i 662	 666 	 704 
i 281	 295 	 289 
i 71	 666 	 666 
i 462	 211 	 146 
i 355	 133 	 104 
i 974	 590 	 652 
i 21	 303 	 345 
i 317	 321 	 404 
i 983	 898 	 894 
i 971	 381 	 340 
i 597	 277 	 369 
i 804	 893 	 841 
i 429	 425 	 387 
i 542	 873 	 928 
i 568	 141 	 66 
i 107	 460 	 380 
i 324	 293 	 217 
i 560	 927 	 915 
i 446	 854 	 838 
i 750	 396 	 375 
i 937	 662 	 760 
i 818	 628 	 687 
i 172	 844 	 789 
i 30	 233 	 286 
i 65	 923 	 890 
i 457	 149 	 137 
i 662	 241 	 294 
i 581	 352 	 317 
i 417	 743 	 797 
i 738	 231 	 235 
i 359	 583 	 574 
i 941	 576 	 531 
i 766	 395 	 384 
i 904	 595 	 590 
i 818	 389 	 397 
i 861	 687 	 587 
i 9	 191 	 223 
i 280	 871 	 819 
i 991	 272 	 304 
i 127	 958 	 937 
i 658	 533 	 584 
i 182	 942 	 982 
i 501	 301 	 294 
i 47	 701 	 675 
i 359	 238 	 175 
i 8	 721 	 630 
i 98	 722 	 633 
i 953	 423 	 390 
i 136	 640 	 605 
i 89	 339 	 330 
i 564	 694 	 616 
i 500	 480 	 439 
i 713	 213 	 272 
i 377	 628 	 696 
i 521	 957 	 897 
i 208	 236 	 177 
i 896	 281 	 242 
i 248	 332 	 283 
i 843	 632 	 610 
i 101	 925 	 921 
i 757	 441 	 350 
i 173	 542 	 551 
i 288	 805 	 757 
i 869	 623 	 650 
i 822	 483 	 414 
i 963	 662 	 635 
i 155	 847 	 799 
i 405	 230 	 231 
i 991	 461 	 431 
i 907	 812 	 802 
i 280	 352 	 294 
i 765	 395 	 371 
i 546	 881 	 915 
i 124	 224 	 232 
i 542	 791 	 763 
i 162	 932 	 897 
i 990	 368 	 364 
i 125	 601 	 678 
i 518	 166 	 241 
i 307	 480 	 537 
i 579	 883 	 796 
i 898	 182 	 248 
i 765	 522 	 497 
i 893	 230 	 230 
i 658	 711 	 619 
i 582	 144 	 84 
i 872	 434 	 372 
i 425	 861 	 824 
i 487	 759 	 826 
i 902	 650 	 578 
i 771	 459 	 503 
i 850	 517 	 541 
i 314	 367 	 344 
i 449	 702 	 658 
i 124	 258 	 345 
i 161	 296 	 300 
i 524	 478 	 456 
i 369	 651 	 714 
i 99	 934 	 895 
i 706	 790 	 731 
i 99	 918 	 1013 
i 556	 672 	 737 
i 844	 336 	 264 
i 509	 680 	 698 
i 675	 929 	 972 
i 883	 875 	 950 
i 297	 450 	 430 
i 904	 801 	 854 
i 830	 640 	 713 
i 594	 912 	 926 
i 502	 208 	 242 
i 134	 189 	 134 
i 387	 926 	 840 
i 28	 165 	 181 
i 948	 691 	 642 
i 809	 438 	 365 
i 191	 328 	 315 
i 967	 684 	 652 
i 563	 479 	 413 
i 464	 362 	 415 
i 573	 872 	 825 
i 661	 580 	 560 
i 579	 782 	 839 
i 640	 846 	 909 
i 293	 473 	 525 
i 661	 701 	 715 
i 905	 825 	 878 
i 551	 324 	 370 
i 966	 627 	 586 
i 249	 779 	 830 
i 106	 571 	 537 
i 633	 809 	 907 
i 389	 277 	 291 
i 216	 978 	 920 
i 624	 815 	 816 
i 288	 606 	 539 
i 93	 227 	 141 
i 333	 907 	 931 
i 913	 670 	 688 
i 665	 932 	 999 
i 183	 718 	 806 
i 968	 125 	 140 
i 156	 119 	 212 
i 132	 629 	 565 
i 924	 818 	 879 
i 482	 378 	 296 
i 613	 526 	 463 
i 509	 590 	 593 
i 139	 255 	 241 
i 63	 780 	 699 
i 745	 637 	 593 
i 761	 587 	 536 
i 771	 211 	 192 
i 354	 181 	 188 
i 150	 343 	 335 
i 450	 171 	 259 
i 917	 255 	 266 
i 457	 421 	 334 
i 619	 882 	 822 
i 373	 377 	 330 
i 964	 464 	 366 
i 501	 714 	 768 
i 614	 935 	 943 
i 694	 407 	 486 
i 955	 884 	 793 
i 24	 406 	 405 
i 186	 355 	 338 
i 535	 850 	 924 
i 403	 908 	 906 
i 702	 200 	 272 
i 101	 437 	 502 
i 779	 448 	 413 
i 706	 246 	 334 
i 40	 730 	 757 
i 909	 640 	 658 
i 242	 683 	 706 
i 517	 237 	 297 
i 348	 606 	 573 
i 245	 492 	 539 
i 346	 929 	 917 
i 714	 808 	 816 
i 94	 655 	 619 
i 246	 947 	 852 
i 943	 896 	 809 
i 539	 573 	 668 
i 183	 211 	 154 
i 325	 759 	 806 
i 882	 583 	 499 
i 311	 883 	 848 
i 232	 652 	 687 
i 16	 156 	 133 
i 628	 639 	 635 
i 569	 924 	 969 
i 453	 949 	 983 
i 973	 121 	 63 
i 87	 990 	 968 
i 815	 296 	 339 
i 348	 950 	 970 
i 217	 136 	 218 
i 826	 429 	 357 
i 877	 141 	 73 
i 472	 487 	 544 
i 387	 916 	 887 
i 331	 675 	 737 
i 342	 384 	 440 
i 331	 572 	 645 
i 540	 923 	 960 
i 484	 673 	 579 
i 513	 319 	 269 
i 871	 242 	 157 
i 905	 370 	 460 
i 329	 513 	 498 
i 236	 325 	 387 
i 870	 642 	 570 
i 179	 474 	 471 
i 698	 281 	 344 
i 612	 166 	 137 
i 245	 775 	 843 
i 480	 805 	 775 
i 627	 139 	 83 
i 919	 206 	 132 
i 372	 165 	 156 
i 612	 543 	 581 
i 211	 376 	 389 
i 619	 503 	 551 
i 811	 935 	 923 
i 873	 772 	 682 
i 622	 200 	 159 
i 403	 947 	 1002 
i 435	 372 	 353 
i 542	 572 	 536 
i 604	 688 	 727 
i 91	 208 	 169 
i 389	 825 	 828 
i 830	 439 	 366 
i 758	 212 	 302 
i 502	 605 	 669 
i 602	 653 	 642 
i 543	 918 	 987 
i 837	 721 	 677 
i 357	 193 	 258 
i 7	 482 	 467 
i 117	 212 	 215 
i 920	 486 	 567 
i 291	 948 	 995 
i 405	 182 	 181 
i 960	 137 	 236 
i 571	 870 	 890 
i 480	 377 	 305 
i 167	 242 	 338 
i 260	 494 	 461 
i 677	 339 	 308 
i 790	 720 	 712 
i 213	 293 	 269 
i 155	 211 	 245 
i 235	 868 	 783 
i 266	 420 	 327 
i 120	 419 	 440 
i 419	 953 	 870 
i 567	 192 	 143 
i 998	 176 	 179 
i 256	 477 	 415 
i 941	 784 	 880 
i 147	 306 	 245 
i 260	 646 	 616 
i 112	 355 	 372 
i 460	 423 	 493 
i 807	 457 	 551 
i 755	 999 	 976 
i 847	 188 	 279 
i 920	 416 	 507 
i 333	 874 	 816 
i 91	 156 	 86 
i 310	 140 	 99 
i 912	 315 	 326 
i 187	 627 	 661 
i 539	 259 	 185 
i 928	 127 	 214 
i 927	 990 	 1028 
i 16	 448 	 456 
i 359	 410 	 402 
i 217	 371 	 429 
i 268	 559 	 635 
i 302	 695 	 633 
i 531	 962 	 883 
i 112	 571 	 529 
i 279	 278 	 344 
i 298	 395 	 447 
i 287	 340 	 377 
i 666	 956 	 996 
i 3	 548 	 460 
i 296	 957 	 912 
i 800	 774 	 783 
i 458	 670 	 739 
i 416	 843 	 818 
i 933	 937 	 935 
i 123	 309 	 362 
i 443	 159 	 72 
i 701	 835 	 805 
i 652	 557 	 460 
i 145	 292 	 196 
i 97	 347 	 310 
i 842	 594 	 517 
i 473	 190 	 205 
i 297	 943 	 1041 
i 226	 390 	 475 
i 449	 826 	 735 
i 503	 620 	 618 
i 318	 679 	 617 
i 819	 993 	 1061 
i 25	 120 	 217 
i 290	 140 	 57 
i 833	 421 	 506 
i 922	 526 	 506 
i 858	 148 	 187 
i 173	 141 	 225 
i 977	 963 	 937 
i 550	 117 	 192 
i 190	 554 	 492 
i 183	 724 	 626 
i 194	 586 	 493 
i 226	 576 	 541 
i 576	 652 	 584 
i 43	 588 	 504 
i 85	 944 	 1032 
i 119	 675 	 598 
i 78	 606 	 524 
i 86	 937 	 965 
i 584	 827 	 893 
i 274	 999 	 901 
i 808	 121 	 62 
i 332	 155 	 141 
i 940	 446 	 348 
i 478	 589 	 499 
i 416	 663 	 590 
i 50	 612 	 563 
i 608	 714 	 681 
i 538	 796 	 780 
i 343	 478 	 378 
i 343	 330 	 285 
i 355	 343 	 260 
i 405	 528 	 511 
i 782	 915 	 887 
i 321	 924 	 991 
i 942	 971 	 921 
i 506	 205 	 165 
i 185	 434 	 516 
i 956	 732 	 721 
i 370	 217 	 275 
i 617	 221 	 147 
i 878	 469 	 466 
i 348	 546 	 624 
i 253	 919 	 954 
i 168	 350 	 449 
i 136	 206 	 293 
i 243	 431 	 420 
i 606	 701 	 727 
i 306	 622 	 639 
i 426	 132 	 223 
i 550	 836 	 850 
i 952	 956 	 946 
i 443	 502 	 561 
i 352	 408 	 318 
i 621	 120 	 63 
i 728	 117 	 88 
i 89	 952 	 971 
i 752	 459 	 399 
i 328	 130 	 132 
i 352	 652 	 739 
i 169	 613 	 610 
i 120	 234 	 221 
i 561	 635 	 711 
i 895	 457 	 403 
i 906	 504 	 574 
i 914	 699 	 715 
i 860	 126 	 160 
i 253	 658 	 642 
i 275	 840 	 890 
i 883	 405 	 325 
i 449	 349 	 303 
i 587	 781 	 759 
i 178	 283 	 373 
i 568	 178 	 247 
i 11	 386 	 436 
i 672	 257 	 290 
i 690	 774 	 779 
i 306	 482 	 538 
i 127	 858 	 769 
i 459	 637 	 724 
i 726	 729 	 706 
i 481	 970 	 1065 
i 674	 430 	 360 
i 750	 387 	 431 
i 61	 252 	 298 
i 225	 922 	 902 
i 971	 627 	 545 
i 389	 208 	 187 
i 231	 903 	 908 
i 823	 953 	 1049 
i 518	 899 	 941 
i 486	 355 	 293 
i 844	 333 	 406 
i 157	 469 	 492 
i 315	 220 	 255 
i 229	 869 	 949 
i 809	 338 	 412 
i 919	 420 	 372 
i 811	 775 	 773 
i 758	 353 	 316 
i 646	 339 	 405 
i 921	 971 	 934 
i 172	 253 	 185 
i 574	 133 	 97 
i 697	 682 	 709 
i 550	 394 	 466 
i 806	 307 	 341 
i 155	 194 	 212 
i 901	 427 	 407 
i 175	 865 	 797 
i 432	 256 	 317 
i 401	 998 	 1044 
i 560	 393 	 473 
i 586	 540 	 535 
i 229	 825 	 759 
i 548	 502 	 546 
i 768	 381 	 386 
i 861	 980 	 1016 
i 218	 619 	 636 
i 66	 979 	 1031 
i 230	 235 	 173 
i 228	 954 	 972 
i 546	 715 	 645 
i 29	 627 	 675 
i 832	 161 	 254 
i 273	 315 	 318 
i 577	 958 	 914 
i 556	 539 	 468 
i 128	 258 	 230 
i 105	 779 	 764 
i 245	 566 	 597 
i 194	 737 	 814 
i 873	 376 	 362 
i 455	 513 	 505 
i 512	 282 	 240 
i 741	 254 	 267 
i 694	 713 	 641 
i 177	 966 	 1006 
i 343	 207 	 272 
i 96	 530 	 616 
i 608	 911 	 846 
i 313	 608 	 582 
i 611	 508 	 457 
i 64	 892 	 932 
i 256	 414 	 356 
i 417	 676 	 766 
i 95	 291 	 320 
i 57	 420 	 485 
i 165	 154 	 87 
i 636	 891 	 843 
i 537	 831 	 905 
i 97	 990 	 926 
i 544	 431 	 490 
i 423	 650 	 721 
i 764	 384 	 307 
i 401	 572 	 578 
i 604	 531 	 556 
i 952	 219 	 255 
i 2	 953 	 1022 
i 878	 213 	 209 
i 689	 448 	 352 
i 678	 334 	 257 
i 40	 498 	 530 
i 646	 316 	 233 
i 953	 191 	 260 
i 473	 294 	 244 
i 946	 768 	 838 
i 69	 436 	 497 
i 16	 155 	 216 
i 132	 909 	 946 
i 511	 451 	 426 
i 762	 470 	 380 
i 199	 576 	 494 
i 430	 276 	 323 
i 521	 351 	 389 
i 727	 218 	 151 
i 467	 440 	 362 
i 833	 311 	 246 
i 883	 139 	 78 
i 782	 857 	 822 
i 166	 579 	 646 
i 570	 913 	 933 
i 94	 961 	 1020 
i 279	 155 	 100 
i 550	 812 	 861 
i 671	 539 	 534 
i 42	 686 	 774 
i 268	 785 	 840 
i 300	 945 	 977 
i 140	 229 	 217 
i 667	 520 	 541 
i 570	 375 	 310 
i 526	 909 	 863 
i 577	 730 	 740 
i 366	 932 	 852 
i 847	 709 	 763 
i 495	 244 	 306 
i 253	 194 	 110 
i 192	 884 	 860 
i 325	 583 	 587 
i 785	 977 	 914 
i 84	 629 	 680 
i 981	 788 	 744 
i 677	 140 	 212 
i 602	 630 	 575 
i 276	 720 	 634 
i 426	 517 	 530 
i 519	 351 	 415 
i 390	 423 	 325 
i 920	 761 	 728 
i 895	 335 	 259 
i 479	 502 	 443 
i 240	 286 	 223 
i 274	 538 	 611 
i 858	 414 	 407 
i 543	 615 	 663 
i 1	 681 	 614 
i 271	 298 	 335 
i 622	 139 	 54 
i 354	 151 	 250 
i 606	 452 	 530 
i 47	 562 	 536 
i 244	 746 	 768 
i 725	 913 	 990 
i 66	 794 	 842 
i 633	 321 	 278 
i 276	 982 	 939 
i 486	 244 	 255 
i 518	 856 	 792 
i 564	 925 	 931 
i 948	 924 	 852 
i 456	 830 	 767 
i 171	 272 	 258 
i 74	 817 	 748 
i 842	 715 	 659 
i 80	 488 	 559 
i 60	 744 	 670 
i 210	 999 	 1022 
i 48	 607 	 533 
i 963	 767 	 806 
i 878	 353 	 382 
i 687	 477 	 397 
i 868	 644 	 598 
i 663	 138 	 107 
i 344	 276 	 213 
i 768	 473 	 426 
i 481	 344 	 309 
i 481	 460 	 467 
i 39	 119 	 136 
i 777	 239 	 248 
i 50	 860 	 845 
i 462	 546 	 469 
i 62	 637 	 733 
i 93	 880 	 909 
i 279	 299 	 397 
i 686	 468 	 519 
i 948	 706 	 653 
i 342	 999 	 1042 
i 352	 588 	 639 
i 496	 220 	 227 
i 339	 708 	 725 
i 828	 200 	 109 
i 420	 302 	 223 
i 285	 288 	 228 
i 497	 863 	 859 
i 899	 855 	 788 
i 569	 640 	 563 
i 568	 853 	 844 
i 106	 603 	 664 
i 228	 389 	 349 
i 900	 865 	 893 
i 2	 496 	 490 
i 217	 538 	 616 
i 417	 635 	 570 
i 264	 814 	 848 
i 101	 352 	 366 
i 696	 500 	 428 
i 531	 602 	 644 
i 86	 120 	 183 
i 398	 839 	 747 
i 247	 221 	 310 
i 680	 793 	 882 
i 161	 323 	 255 
i 750	 227 	 243 
i 542	 384 	 452 
i 813	 984 	 1072 
i 251	 604 	 632 
i 804	 731 	 665 
i 814	 474 	 425 
i 634	 311 	 342 
i 758	 351 	 431 
i 526	 303 	 319 
i 765	 255 	 303 
i 896	 400 	 398 
i 205	 916 	 822 
i 187	 777 	 846 
i 742	 727 	 646 
i 441	 408 	 488 
i 850	 560 	 603 
i 76	 789 	 759 
i 347	 482 	 403 
i 563	 395 	 422 
i 725	 912 	 892 
i 52	 683 	 642 
i 957	 232 	 232 
i 707	 263 	 300 
i 401	 127 	 113 
i 735	 215 	 289 
i 241	 128 	 172 
i 4	 766 	 825 
i 422	 189 	 117 
i 742	 286 	 327 
i 644	 850 	 836 
i 288	 318 	 314 
i 425	 582 	 570 
i 596	 140 	 69 
i 615	 752 	 761 
i 732	 247 	 203 
i 752	 133 	 137 
i 490	 775 	 780 
i 578	 595 	 684 
i 775	 723 	 761 
i 607	 462 	 429 
i 840	 846 	 870 
i 371	 387 	 296 
i 403	 778 	 806 
i 126	 909 	 860 
i 279	 508 	 606 
i 304	 760 	 808 
i 52	 337 	 283 
i 596	 806 	 868 
i 285	 761 	 778 
i 680	 487 	 425 
i 508	 785 	 691 
i 818	 451 	 432 
i 569	 494 	 555 
i 468	 178 	 264 
i 914	 409 	 351 
i 645	 402 	 405 
i 899	 175 	 188 
i 681	 384 	 316 
i 413	 217 	 206 
i 836	 739 	 664 
i 595	 912 	 939 
i 977	 942 	 932 
i 409	 413 	 317 
i 485	 243 	 241 
i 821	 184 	 165 
i 150	 373 	 283 
i 223	 832 	 921 
i 530	 448 	 474 
i 649	 593 	 501 
i 356	 991 	 1067 
i 257	 217 	 212 
i 193	 782 	 772 
i 533	 297 	 369 
i 682	 318 	 287 
i 765	 755 	 688 
i 61	 228 	 191 
i 871	 273 	 281 
i 251	 228 	 141 
i 793	 789 	 832 
i 784	 828 	 742 
i 904	 722 	 688 
i 659	 256 	 260 
i 869	 659 	 570 
i 104	 537 	 584 
i 829	 845 	 845 
i 960	 995 	 1007 
i 144	 389 	 376 
i 276	 870 	 907 
i 40	 932 	 928 
i 846	 682 	 635 
i 535	 748 	 681 
i 698	 154 	 219 
i 315	 619 	 658 
i 794	 670 	 730 
i 621	 438 	 464 
i 616	 885 	 903 
i 929	 498 	 545 
i 783	 885 	 787 
i 707	 607 	 517 
i 350	 145 	 224 
i 68	 381 	 367 
i 116	 532 	 457 
i 688	 380 	 368 
i 317	 112 	 59 
i 685	 826 	 898 
i 557	 498 	 493 
i 992	 136 	 117 
i 864	 789 	 727 
i 423	 799 	 878 
i 462	 844 	 793 
i 766	 752 	 714 
i 241	 247 	 232 
i 544	 362 	 285 
i 546	 758 	 745 
i 350	 970 	 894 
i 786	 846 	 881 
i 814	 381 	 414 
i 578	 742 	 748 
i 353	 911 	 1002 
i 177	 820 	 803 
i 898	 150 	 86 
i 52	 430 	 414 
i 335	 812 	 905 
i 63	 917 	 919 
i 30	 415 	 487 
i 857	 521 	 550 
i 162	 234 	 226 
i 872	 829 	 737 
i 772	 414 	 392 
i 570	 375 	 389 
i 615	 747 	 741 
i 974	 910 	 914 
i 763	 399 	 470 
i 671	 370 	 453 
i 13	 827 	 916 
i 475	 706 	 767 
i 614	 395 	 488 
i 423	 808 	 876 
i 764	 845 	 867 
i 63	 307 	 243 
i 778	 815 	 874 
i 677	 344 	 398 
i 2	 808 	 815 
i 294	 681 	 622 
i 101	 609 	 552 
i 770	 565 	 604 
i 91	 393 	 354 
i 874	 365 	 411 
i 701	 223 	 222 
i 921	 767 	 778 
i 713	 930 	 897 
i 975	 750 	 652 
i 760	 548 	 451 
i 402	 136 	 98 
i 962	 320 	 302 
i 473	 515 	 451 
i 791	 244 	 198 
i 78	 519 	 448 
i 204	 281 	 350 
i 942	 723 	 776 
i 864	 331 	 327 
i 584	 630 	 621 
i 77	 643 	 586 
i 105	 657 	 680 
i 340	 933 	 949 
i 795	 409 	 319 
i 945	 571 	 640 
i 406	 813 	 897 
i 597	 943 	 868 
i 286	 807 	 720 
i 534	 601 	 687 
i 119	 141 	 144 
i 717	 548 	 566 
i 332	 741 	 780 
i 258	 402 	 309 
i 594	 919 	 985 
i 112	 968 	 1023 
i 901	 831 	 767 
i 837	 763 	 819 
i 621	 875 	 788 
i 173	 937 	 957 
i 208	 877 	 920 
i 699	 448 	 435 
i 408	 975 	 1028 
i 736	 706 	 611 
i 646	 740 	 763 
i 611	 591 	 637 
i 421	 394 	 420 
i 155	 557 	 550 
i 16	 363 	 281 
i 944	 422 	 374 
i 806	 957 	 951 
i 186	 707 	 640 
i 159	 206 	 221 
i 829	 889 	 851 
i 537	 912 	 1004 
i 78	 574 	 588 
i 396	 334 	 432 
i 898	 896 	 825 
i 182	 424 	 356 
i 533	 504 	 425 
i 485	 738 	 820 
i 157	 267 	 186 
i 264	 418 	 369 
i 141	 932 	 849 
i 43	 322 	 346 
i 563	 286 	 326 
i 815	 794 	 713 
i 698	 787 	 886 
i 52	 918 	 853 
i 494	 173 	 215 
i 201	 268 	 207 
i 377	 191 	 161 
i 722	 280 	 303 
i 646	 510 	 561 
i 883	 588 	 647 
i 82	 254 	 226 
i 850	 877 	 812 
i 612	 964 	 1039 
i 520	 960 	 1045 
i 590	 229 	 213 
i 768	 861 	 885 
i 859	 146 	 245 
i 50	 459 	 503 
i 499	 117 	 90 
i 36	 790 	 740 
i 197	 611 	 577 
i 59	 932 	 868 
i 20	 200 	 258 
i 974	 978 	 940 
i 109	 913 	 993 
i 952	 398 	 432 
i 992	 950 	 956 
i 384	 947 	 963 
i 392	 699 	 615 
i 157	 135 	 58 
i 719	 358 	 320 
i 643	 653 	 627 
i 744	 815 	 793 
i 720	 632 	 605 
i 623	 911 	 905 
i 945	 826 	 811 
i 889	 535 	 518 
i 831	 119 	 179 
i 493	 635 	 573 
i 521	 706 	 676 
i 799	 809 	 723 
i 409	 198 	 240 
i 202	 528 	 519 
i 788	 875 	 810 
i 689	 310 	 370 
i 494	 731 	 780 
i 971	 221 	 248 
i 981	 594 	 587 
i 571	 419 	 510 
i 242	 592 	 588 
i 28	 904 	 859 
i 126	 967 	 1004 
i 595	 712 	 789 
i 454	 230 	 265 
i 678	 388 	 361 
i 377	 211 	 283 
i 502	 875 	 941 
i 46	 552 	 614 
i 392	 967 	 944 
i 934	 931 	 956 
i 827	 469 	 499 
i 790	 718 	 774 
i 466	 440 	 414 
i 601	 342 	 407 
i 913	 945 	 946 
i 27	 383 	 459 
i 886	 260 	 237 
i 382	 112 	 98 
i 346	 836 	 900 
i 269	 290 	 341 
i 672	 848 	 864 
i 355	 541 	 515 
i 726	 346 	 414 
i 986	 679 	 667 
i 926	 527 	 497 
i 233	 978 	 954 
i 401	 875 	 828 
i 402	 329 	 358 
i 219	 713 	 812 
i 421	 556 	 508 
i 251	 340 	 427 
i 734	 860 	 818 
i 999	 304 	 207 
i 638	 163 	 63 
i 107	 555 	 641 
i 83	 870 	 802 
i 942	 320 	 332 
i 189	 558 	 651 
i 865	 246 	 182 
i 367	 242 	 263 
i 625	 476 	 547 
i 468	 419 	 437 
i 686	 678 	 695 
i 744	 693 	 638 
i 245	 697 	 663 
i 100	 635 	 618 
i 335	 780 	 751 
i 838	 392 	 401 
i 991	 361 	 343 
i 139	 525 	 580 
i 550	 174 	 155 
i 898	 935 	 1009 
i 537	 570 	 581 
i 192	 205 	 165 
i 851	 408 	 417 
i 442	 705 	 734 
i 194	 187 	 283 
i 510	 507 	 571 
i 792	 994 	 1056 
i 259	 472 	 562 
i 330	 276 	 276 
i 257	 637 	 616 
i 774	 524 	 611 
i 880	 132 	 57 
i 215	 402 	 497 
i 883	 889 	 873 
i 969	 576 	 599 
i 415	 560 	 485 
i 409	 401 	 484 
i 815	 234 	 169 
i 2	 190 	 191 
i 594	 636 	 688 
i 59	 991 	 998 
i 84	 934 	 917 
i 411	 158 	 184 
i 287	 140 	 143 
i 810	 515 	 512 
i 316	 173 	 253 
i 642	 285 	 247 
i 780	 212 	 137 
i 869	 368 	 293 
i 460	 819 	 863 
i 451	 609 	 665 
i 376	 198 	 270 
i 430	 570 	 524 
i 464	 243 	 255 
i 918	 703 	 677 
i 989	 247 	 284 
i 185	 160 	 125 
i 299	 436 	 357 
i 589	 548 	 643 
i 386	 662 	 649 
i 946	 414 	 491 
i 44	 219 	 172 
i 560	 987 	 1026 
i 710	 342 	 274 
i 376	 840 	 755 
i 530	 281 	 194 
i 585	 892 	 842 
i 951	 295 	 305 
i 444	 392 	 320 
i 64	 373 	 378 
i 406	 764 	 758 
i 528	 666 	 669 
i 513	 902 	 817 
i 773	 632 	 689 
i 594	 775 	 707 
i 786	 845 	 883 
i 665	 906 	 861 
i 872	 242 	 187 
i 189	 733 	 767 
i 484	 859 	 906 
i 219	 439 	 367 
i 843	 859 	 893 
i 733	 430 	 366 
i 321	 499 	 590 
i 68	 310 	 320 
i 894	 456 	 423 
i 789	 183 	 83 
i 936	 431 	 505 
i 637	 635 	 547 
i 479	 345 	 354 
i 848	 111 	 163 
i 690	 238 	 259 
i 50	 834 	 802 
i 487	 997 	 1029 
i 711	 959 	 1004 
i 100	 559 	 583 
i 182	 858 	 840 
i 542	 860 	 829 
i 132	 748 	 845 
i 395	 803 	 796 
i 395	 399 	 361 
i 538	 190 	 90 
i 352	 730 	 640 
i 349	 144 	 151 
i 303	 732 	 682 
i 807	 491 	 461 
i 649	 156 	 162 
i 492	 522 	 436 
i 209	 833 	 774 
i 987	 820 	 840 
i 312	 345 	 444 
i 401	 623 	 629 
i 98	 626 	 703 
i 135	 673 	 620 
i 833	 264 	 271 
i 262	 487 	 456 
i 313	 799 	 898 
i 776	 383 	 380 
i 588	 449 	 488 
i 387	 631 	 667 
i 650	 276 	 375 
i 227	 272 	 251 
i 806	 746 	 744 
i 439	 645 	 670 
i 611	 854 	 846 
i 35	 444 	 488 
i 809	 752 	 659 
i 116	 748 	 810 
i 496	 292 	 272 
i 83	 911 	 968 
i 268	 630 	 617 
i 449	 626 	 658 
i 165	 978 	 972 
i 766	 529 	 611 
i 602	 199 	 203 
i 977	 611 	 622 
i 699	 366 	 339 
i 416	 399 	 395 
i 620	 233 	 328 
i 521	 590 	 502 
i 105	 401 	 366 
i 684	 791 	 846 
i 660	 493 	 581 
i 131	 912 	 953 
i 230	 832 	 794 
i 792	 407 	 364 
i 80	 901 	 998 
i 404	 338 	 318 
i 541	 766 	 670 
i 81	 747 	 756 
i 408	 800 	 829 
i 173	 203 	 169 
i 603	 894 	 992 
i 505	 843 	 767 
i 316	 584 	 554 
i 649	 860 	 789 
i 539	 228 	 173 
i 794	 217 	 242 
i 532	 576 	 510 
i 247	 597 	 547 
i 23	 193 	 224 
i 127	 771 	 837 
i 9	 179 	 165 
i 833	 174 	 261 
i 366	 284 	 235 
i 209	 599 	 679 
i 341	 729 	 717 
i 460	 930 	 877 
i 983	 600 	 653 
i 531	 751 	 654 
i 624	 974 	 881 
i 367	 670 	 603 
i 443	 520 	 455 
i 514	 907 	 808 
i 710	 853 	 827 
i 260	 191 	 207 
i 955	 996 	 1080 
i 877	 501 	 477 
i 428	 713 	 686 
i 149	 508 	 587 
i 121	 523 	 527 
i 750	 559 	 636 
i 212	 707 	 673 
i 108	 863 	 932 
i 942	 870 	 881 
i 34	 314 	 377 
i 30	 832 	 886 
i 469	 763 	 792 
i 147	 215 	 130 
i 594	 542 	 487 
i 59	 452 	 421 
i 563	 916 	 835 
i 234	 818 	 779 
i 81	 224 	 207 
i 935	 977 	 948 
i 164	 584 	 562 
i 974	 420 	 404 
i 709	 218 	 295 
i 827	 795 	 702 
i 313	 863 	 888 
i 696	 176 	 213 
i 603	 484 	 434 
i 398	 570 	 566 
i 526	 844 	 856 
i 502	 324 	 323 
i 34	 643 	 675 
i 382	 990 	 1017 
i 503	 475 	 444 
i 273	 376 	 310 
i 120	 408 	 405 
i 193	 968 	 904 
i 612	 691 	 748 
i 130	 914 	 850 
i 954	 455 	 497 
i 195	 957 	 899 
i 793	 513 	 462 
i 783	 213 	 238 
i 193	 781 	 707 
i 492	 201 	 181 
i 827	 356 	 360 
i 791	 788 	 831 
i 444	 951 	 916 
i 348	 761 	 752 
i 736	 925 	 907 
i 688	 668 	 689 
i 141	 857 	 837 
i 257	 187 	 123 
i 11	 745 	 720 
i 113	 862 	 935 
i 388	 332 	 371 
i 151	 797 	 794 
i 97	 545 	 631 
i 828	 837 	 792 
i 744	 354 	 257 
i 371	 721 	 761 
i 211	 371 	 439 
i 296	 728 	 648 
i 11	 891 	 813 
i 855	 337 	 281 
i 105	 221 	 243 
i 877	 839 	 891 
i 366	 384 	 455 
i 183	 323 	 360 
i 457	 572 	 558 
i 143	 585 	 645 
i 437	 322 	 224 
i 131	 184 	 145 
i 9	 274 	 237 
i 264	 374 	 308 
i 387	 574 	 529 
i 208	 229 	 160 
i 515	 907 	 911 
i 754	 782 	 822 
i 273	 504 	 436 
i 806	 887 	 847 
i 44	 711 	 759 
i 126	 722 	 796 
i 310	 997 	 1072 
i 606	 391 	 319 
i 127	 546 	 552 
i 260	 794 	 841 
i 157	 933 	 883 
i 911	 507 	 408 
i 354	 244 	 199 
i 228	 387 	 303 
i 903	 657 	 582 
i 591	 426 	 376 
i 588	 311 	 323 
i 903	 204 	 138 
i 393	 331 	 290 
i 162	 802 	 813 
i 87	 569 	 611 
i 533	 793 	 818 
i 683	 799 	 894 
i 994	 157 	 98 
i 609	 233 	 154 
i 964	 347 	 387 
i 190	 573 	 530 
i 295	 186 	 124 
i 543	 337 	 354 
i 322	 601 	 650 
i 837	 207 	 273 
i 605	 842 	 815 
i 380	 509 	 419 
i 432	 490 	 399 
i 570	 674 	 704 
i 836	 771 	 794 
i 357	 505 	 566 
i 441	 762 	 682 
i 695	 933 	 962 
i 247	 565 	 658 
i 356	 340 	 401 
i 179	 193 	 175 
i 626	 519 	 577 
i 54	 565 	 509 
i 687	 605 	 663 
i 430	 298 	 323 
i 874	 848 	 945 
i 607	 678 	 663 
i 532	 770 	 694 
i 43	 456 	 429 
i 301	 428 	 472 
i 394	 255 	 335 
i 853	 620 	 625 
i 365	 433 	 449 
i 920	 631 	 585 
i 132	 447 	 487 
i 960	 117 	 132 
i 599	 993 	 929 
i 341	 482 	 524 
i 729	 590 	 641 
i 86	 918 	 829 
i 248	 673 	 663 
i 820	 587 	 548 
i 184	 169 	 203 
i 769	 688 	 706 
i 148	 929 	 973 
i 156	 663 	 699 
i 148	 286 	 242 
i 566	 448 	 472 
i 106	 194 	 164 
i 14	 867 	 854 
i 646	 919 	 955 
i 183	 432 	 433 
i 248	 704 	 741 
i 897	 411 	 402 
i 817	 936 	 957 
i 439	 689 	 741 
i 636	 407 	 488 
i 16	 657 	 652 
i 109	 321 	 337 
i 959	 633 	 651 
i 869	 132 	 80 
i 231	 740 	 724 
i 898	 300 	 334 
i 236	 913 	 926 
i 165	 431 	 408 
i 815	 970 	 1034 
i 149	 759 	 751 
i 763	 678 	 673 
i 1	 211 	 227 
i 588	 728 	 736 
i 612	 367 	 349 
i 321	 581 	 609 
i 534	 957 	 965 
i 437	 664 	 719 
i 797	 280 	 368 
i 765	 623 	 674 
i 494	 468 	 549 
i 133	 877 	 910 
i 246	 411 	 445 
i 940	 931 	 882 
i 229	 526 	 600 
i 757	 893 	 831 
i 709	 577 	 622 
i 333	 170 	 102 
i 524	 861 	 953 
i 101	 810 	 855 
i 503	 594 	 537 
i 365	 511 	 481 
i 703	 217 	 236 
i 626	 813 	 820 
i 94	 154 	 207 
i 974	 928 	 932 
i 499	 209 	 155 
i 565	 855 	 868 
i 410	 111 	 29 
i 196	 965 	 903 
i 739	 721 	 759 
i 190	 916 	 827 
i 310	 340 	 392 
i 101	 872 	 849 
i 150	 461 	 457 
i 70	 254 	 245 
i 181	 720 	 811 
i 18	 928 	 932 
i 19	 542 	 627 
i 979	 622 	 547 
i 666	 792 	 865 
i 573	 519 	 430 
i 831	 571 	 544 
i 688	 359 	 352 
i 83	 705 	 727 
i 243	 244 	 280 
i 928	 650 	 722 
i 847	 610 	 686 
i 333	 183 	 263 
i 908	 121 	 196 
i 674	 233 	 242 
i 134	 113 	 36 
i 652	 162 	 251 
i 931	 487 	 514 
i 600	 901 	 944 
i 750	 558 	 650 
i 357	 277 	 355 
i 917	 157 	 204 
i 999	 941 	 855 
i 12	 852 	 947 
i 149	 745 	 775 
i 152	 341 	 398 
i 210	 446 	 433 
i 633	 401 	 375 
i 522	 968 	 1062 
i 26	 718 	 762 
i 214	 685 	 600 
i 266	 588 	 687 
i 200	 356 	 455 
i 34	 419 	 320 
i 747	 401 	 332 
i 6	 982 	 943 
i 383	 793 	 796 
i 710	 295 	 225 
i 674	 626 	 660 
i 359	 600 	 639 
i 5	 353 	 435 
i 542	 422 	 357 
i 818	 418 	 393 
i 165	 414 	 396 
i 491	 420 	 351 
i 472	 559 	 491 
i 240	 832 	 841 
i 448	 403 	 354 
i 27	 537 	 623 
i 578	 247 	 205 
i 850	 869 	 828 
i 201	 792 	 859 
i 547	 950 	 981 
i 889	 397 	 461 
i 238	 762 	 724 
i 741	 903 	 959 
i 553	 159 	 63 
i 882	 646 	 640 
i 362	 875 	 874 
i 516	 814 	 729 
i 369	 184 	 269 
i 136	 446 	 371 
i 81	 302 	 336 
i 403	 885 	 897 
i 136	 726 	 786 
i 27	 114 	 122 
i 82	 811 	 729 
i 684	 832 	 927 
i 543	 361 	 328 
i 335	 804 	 874 
i 417	 871 	 815 
i 795	 805 	 776 
i 11	 917 	 904 
i 881	 628 	 696 
i 574	 239 	 334 
i 578	 951 	 851 
i 366	 543 	 460 
i 177	 628 	 682 
i 459	 607 	 569 
i 239	 908 	 937 
i 94	 779 	 692 
i 874	 978 	 1050 
i 782	 409 	 483 
i 364	 800 	 850 
i 509	 660 	 625 
i 454	 640 	 720 
i 940	 644 	 598 
i 523	 721 	 710 
i 81	 517 	 598 
i 978	 796 	 724 
i 730	 484 	 431 
i 706	 543 	 465 
i 43	 420 	 498 
i 817	 306 	 257 
i 436	 975 	 1028 
i 32	 377 	 321 
i 632	 292 	 224 
i 319	 532 	 568 
i 776	 930 	 982 
i 548	 847 	 895 
i 968	 975 	 969 
i 456	 298 	 233 
i 804	 398 	 342 
i 24	 304 	 211 
i 996	 533 	 527 
i 297	 326 	 327 
i 501	 522 	 449 
i 975	 665 	 656 
i 897	 384 	 330 
i 725	 175 	 231 
i 698	 835 	 885 
i 908	 366 	 307 
i 232	 526 	 428 
i 449	 722 	 628 
i 924	 757 	 663 
i 167	 289 	 254 
i 629	 739 	 804 
i 253	 861 	 921 
i 560	 378 	 418 
i 633	 585 	 570 
i 448	 391 	 315 
i 736	 170 	 76 
i 203	 353 	 305 
i 890	 362 	 404 
i 617	 392 	 419 
i 818	 420 	 480 
i 525	 711 	 697 
i 370	 558 	 594 
i 670	 383 	 331 
i 205	 117 	 192 
i 521	 495 	 459 
i 587	 605 	 517 
i 859	 633 	 585 
i 143	 867 	 797 
i 460	 611 	 665 
i 808	 287 	 305 
i 484	 111 	 34 
i 987	 494 	 491 
i 295	 213 	 144 
i 302	 430 	 402 
i 735	 320 	 396 
i 291	 609 	 602 
i 879	 663 	 628 
i 730	 897 	 891 
i 293	 144 	 230 
i 491	 830 	 877 
i 491	 466 	 410 
i 923	 569 	 510 
i 39	 111 	 111 
i 397	 249 	 310 
i 633	 569 	 577 
i 194	 464 	 530 
i 815	 880 	 922 
i 699	 282 	 270 
i 737	 701 	 747 
i 547	 639 	 583 
i 946	 407 	 449 
i 462	 604 	 631 
i 463	 791 	 826 
i 618	 350 	 264 
i 135	 177 	 218 
i 532	 658 	 738 
i 397	 508 	 551 
i 590	 251 	 233 
i 254	 643 	 573 
i 848	 405 	 444 
i 182	 604 	 633 
i 737	 350 	 271 
i 503	 917 	 931 
i 771	 630 	 567 
i 846	 695 	 659 
i 462	 434 	 505 
i 909	 346 	 296 
i 68	 982 	 1050 
i 666	 462 	 381 
i 997	 597 	 686 
i 552	 330 	 255 
i 822	 904 	 976 
i 730	 111 	 84 
i 314	 619 	 546 
i 971	 787 	 883 
i 335	 186 	 175 
i 600	 947 	 918 
i 580	 283 	 267 
i 975	 143 	 61 
i 523	 229 	 146 
i 769	 181 	 209 
i 661	 293 	 285 
i 662	 172 	 110 
i 234	 498 	 499 
i 994	 621 	 616 
i 80	 608 	 670 
i 22	 117 	 99 
i 215	 434 	 532 
i 252	 812 	 905 
i 386	 893 	 891 
i 465	 972 	 924 
i 670	 653 	 737 
i 740	 177 	 193 
i 176	 349 	 412 
i 750	 799 	 861 
i 310	 335 	 413 
i 317	 169 	 251 
i 681	 536 	 461 
i 470	 530 	 506 
i 351	 502 	 555 
i 320	 939 	 885 
i 930	 281 	 361 
i 6	 211 	 239 
i 273	 730 	 793 
i 48	 567 	 580 
i 301	 400 	 475 
i 366	 304 	 242 
i 845	 227 	 302 
i 317	 341 	 310 
i 757	 680 	 719 
i 689	 472 	 375 
i 880	 677 	 766 
i 993	 589 	 679 
i 690	 269 	 213 
i 205	 995 	 949 
i 530	 611 	 625 
i 748	 502 	 589 
i 880	 675 	 731 
i 140	 564 	 484 
i 780	 872 	 943 
i 187	 602 	 611 
i 823	 617 	 602 
i 361	 570 	 554 
i 540	 527 	 449 
i 535	 727 	 690 
i 98	 969 	 1038 
i 538	 590 	 609 
i 173	 535 	 530 
i 683	 344 	 367 
i 540	 434 	 413 
i 93	 309 	 325 
i 662	 797 	 778 
i 179	 289 	 342 
i 648	 665 	 626 
i 342	 765 	 833 
i 308	 158 	 246 
i 846	 912 	 907 
i 325	 553 	 583 
i 587	 977 	 943 
i 950	 636 	 710 
i 174	 988 	 1081 
i 945	 617 	 642 
i 147	 978 	 1039 
i 770	 771 	 762 
i 507	 156 	 215 
i 560	 905 	 825 
i 462	 851 	 941 
i 960	 387 	 342 
i 935	 965 	 1037 
i 526	 373 	 435 
i 513	 260 	 357 
i 84	 230 	 316 
i 60	 789 	 705 
i 803	 618 	 688 
i 853	 134 	 105 
i 747	 843 	 926 
i 580	 936 	 911 
i 891	 892 	 859 
i 853	 248 	 202 
i 149	 126 	 186 
i 317	 850 	 812 
i 452	 839 	 818 
i 215	 779 	 770 
i 785	 850 	 801 
i 811	 717 	 639 
i 635	 145 	 217 
i 563	 961 	 949 
i 443	 409 	 375 
i 598	 712 	 649 
i 616	 956 	 922 
i 447	 779 	 809 
i 266	 169 	 89 
i 19	 523 	 486 
i 850	 929 	 849 
i 533	 271 	 354 
i 572	 372 	 382 
i 529	 247 	 169 
i 865	 639 	 650 
i 541	 935 	 865 
i 493	 211 	 264 
i 245	 509 	 452 
i 311	 199 	 195 
i 774	 291 	 291 
i 694	 574 	 544 
i 874	 665 	 742 
i 169	 590 	 581 
i 323	 190 	 287 
i 917	 291 	 361 
i 845	 785 	 763 
i 958	 922 	 999 
i 407	 717 	 643 
i 506	 910 	 898 
i 709	 450 	 393 
i 230	 896 	 977 
i 854	 320 	 376 
i 393	 217 	 307 
i 483	 624 	 579 
i 685	 613 	 551 
i 444	 481 	 388 
i 357	 831 	 930 
i 40	 730 	 710 
i 939	 846 	 927 
i 322	 349 	 372 
i 205	 540 	 609 
i 440	 460 	 500 
i 560	 269 	 188 
i 139	 227 	 242 
i 703	 472 	 424 
i 120	 643 	 684 
i 930	 677 	 589 
i 627	 673 	 593 
i 454	 142 	 50 
i 722	 950 	 923 
i 206	 610 	 623 
i 599	 475 	 377 
i 776	 211 	 225 
i 907	 295 	 336 
i 314	 810 	 792 
i 913	 155 	 161 
i 550	 784 	 776 
i 183	 842 	 759 
i 219	 934 	 942 
i 163	 973 	 926 
i 725	 409 	 403 
i 136	 915 	 829 
i 248	 924 	 993 
i 456	 542 	 592 
i 243	 284 	 197 
i 292	 650 	 746 
i 50	 234 	 240 
i 872	 646 	 688 
i 799	 725 	 811 
i 769	 320 	 239 
i 105	 556 	 620 
i 10	 975 	 1066 
i 925	 149 	 89 
i 411	 902 	 934 
i 606	 684 	 764 
i 213	 744 	 682 
i 352	 728 	 676 
i 953	 311 	 234 
i 645	 946 	 1029 
i 881	 886 	 922 
i 383	 971 	 1028 
i 356	 812 	 871 
i 399	 773 	 817 
i 289	 955 	 881 
i 933	 653 	 701 
i 646	 566 	 656 
i 341	 739 	 700 
i 567	 956 	 907 
i 507	 171 	 251 
i 379	 984 	 1041 
i 348	 704 	 637 
i 137	 516 	 520 
i 882	 337 	 421 
i 832	 981 	 923 
i 442	 211 	 139 
i 954	 870 	 928 
i 661	 828 	 754 
i 612	 211 	 250 
i 680	 442 	 383 
i 662	 357 	 373 
i 330	 167 	 253 
i 785	 316 	 229 
i 41	 782 	 872 
i 20	 713 	 769 
i 133	 901 	 846 
i 986	 141 	 77 
i 794	 844 	 912 
i 907	 962 	 952 
i 280	 694 	 620 
i 557	 877 	 936 
i 620	 508 	 433 
i 852	 448 	 530 
i 607	 510 	 600 
i 285	 468 	 562 
i 174	 276 	 196 
i 208	 478 	 396 
i 33	 638 	 715 
i 990	 498 	 556 
i 647	 902 	 816 
i 510	 132 	 158 
i 956	 840 	 790 
i 337	 952 	 872 
i 786	 874 	 915 
i 189	 832 	 930 
i 376	 807 	 740 
i 788	 900 	 875 
i 382	 981 	 962 
i 818	 880 	 859 
i 708	 696 	 605 
i 732	 761 	 772 
i 552	 432 	 434 
i 499	 655 	 724 
i 358	 746 	 773 
i 170	 488 	 553 
i 953	 483 	 423 
i 841	 632 	 729 
i 820	 966 	 940 
i 686	 440 	 377 
i 345	 794 	 873 
i 77	 835 	 860 
i 439	 440 	 376 
i 52	 896 	 932 
i 767	 762 	 669 
i 192	 439 	 380 
i 611	 283 	 215 
i 199	 461 	 361 
i 161	 451 	 515 
i 532	 781 	 782 
i 301	 950 	 1020 
i 117	 858 	 944 
i 487	 529 	 503 
i 371	 690 	 674 
i 104	 406 	 344 
i 472	 441 	 417 
i 666	 626 	 724 
i 61	 770 	 708 
i 444	 772 	 742 
i 199	 615 	 691 
i 143	 179 	 116 
i 983	 939 	 899 
i 454	 878 	 935 
i 106	 319 	 250 
i 439	 695 	 647 
i 810	 864 	 911 
i 390	 315 	 295 
i 132	 309 	 301 
i 875	 480 	 561 
i 442	 794 	 715 
i 519	 692 	 641 
i 451	 857 	 803 
i 314	 236 	 273 
i 548	 937 	 995 
i 205	 190 	 136 
i 53	 424 	 332 
i 282	 188 	 174 
i 505	 545 	 557 
i 920	 956 	 943 
i 689	 873 	 948 
i 343	 967 	 946 
i 183	 299 	 368 
i 324	 505 	 437 
i 254	 226 	 268 
i 344	 931 	 1014 
i 696	 247 	 340 
i 783	 283 	 232 
i 272	 666 	 716 
i 223	 276 	 311 
i 81	 665 	 638 
i 45	 557 	 598 
i 257	 912 	 990 
i 700	 777 	 719 
i 830	 922 	 915 
i 753	 665 	 727 
i 906	 590 	 591 
i 101	 561 	 519 
i 725	 783 	 795 
i 912	 565 	 622 
i 535	 277 	 350 
i 39	 601 	 683 
i 939	 342 	 275 
i 689	 245 	 318 
i 602	 436 	 475 
i 227	 852 	 842 
i 765	 685 	 656 
i 273	 247 	 238 
i 30	 505 	 442 
i 541	 116 	 35 
i 727	 815 	 841 
i 280	 696 	 730 
i 540	 617 	 639 
i 691	 765 	 724 
i 57	 647 	 727 
i 890	 379 	 304 
i 537	 781 	 859 
i 690	 211 	 144 
i 135	 619 	 558 
i 141	 784 	 831 
i 932	 870 	 862 
i 591	 544 	 592 
i 161	 251 	 207 
i 896	 794 	 889 
i 501	 171 	 77 
i 803	 973 	 1057 
i 557	 198 	 190 
i 670	 993 	 923 
i 242	 252 	 208 
i 999	 427 	 412 
i 853	 193 	 164 
i 341	 606 	 696 
i 499	 379 	 301 
i 268	 632 	 533 
i 336	 611 	 612 
i 306	 640 	 602 
i 404	 572 	 645 
i 397	 981 	 988 
i 556	 226 	 282 
i 911	 479 	 534 
i 5	 858 	 884 
i 562	 288 	 382 
i 864	 243 	 237 
i 451	 341 	 389 
i 14	 348 	 263 
i 609	 800 	 776 
i 128	 188 	 245 
i 107	 960 	 896 
i 237	 549 	 596 
i 651	 354 	 384 
i 491	 157 	 188 
i 690	 720 	 663 
i 839	 697 	 613 
i 100	 229 	 235 
i 367	 889 	 898 
i 142	 957 	 888 
i 229	 409 	 365 
i 184	 219 	 196 
i 677	 382 	 407 
i 950	 151 	 106 
i 4	 730 	 783 
i 689	 424 	 415 
i 349	 618 	 577 
i 483	 691 	 670 
i 358	 277 	 329 
i 311	 763 	 844 
i 646	 902 	 829 
i 768	 265 	 228 
i 74	 611 	 710 
i 119	 279 	 368 
i 815	 525 	 615 
i 168	 319 	 347 
i 739	 727 	 824 
i 392	 992 	 986 
i 579	 457 	 523 
i 314	 247 	 175 
i 204	 165 	 222 
i 378	 285 	 296 
i 940	 569 	 594 
i 130	 566 	 615 
i 596	 520 	 532 
i 830	 476 	 522 
i 523	 157 	 151 
i 514	 147 	 219 
i 903	 568 	 556 
i 58	 417 	 468 
i 119	 543 	 635 
i 315	 354 	 321 
i 830	 848 	 803 
i 343	 518 	 499 
i 803	 294 	 194 
i 215	 795 	 861 
i 267	 557 	 528 
i 308	 975 	 1049 
i 822	 853 	 907 
i 168	 357 	 423 
i 654	 141 	 231 
i 927	 995 	 948 
i 757	 406 	 325 
i 216	 653 	 640 
i 422	 127 	 75 
i 193	 130 	 121 
i 694	 872 	 916 
i 666	 299 	 205 
i 502	 184 	 255 
i 779	 873 	 777 
i 814	 723 	 758 
i 808	 680 	 700 
i 141	 916 	 888 
i 751	 112 	 127 
i 770	 503 	 602 
i 792	 719 	 657 
i 648	 237 	 314 
i 861	 881 	 891 
i 944	 911 	 821 
i 801	 782 	 848 
i 491	 802 	 831 
i 131	 515 	 506 
i 37	 163 	 182 
i 39	 484 	 453 
i 480	 997 	 920 
i 165	 995 	 1077 
i 307	 276 	 287 
i 174	 174 	 157 
i 75	 665 	 637 
i 830	 713 	 646 
i 608	 565 	 596 
i 63	 252 	 309 
i 122	 657 	 721 
i 542	 298 	 370 
i 539	 607 	 575 
i 534	 712 	 713 
i 720	 632 	 694 
i 792	 240 	 337 
i 416	 613 	 525 
i 94	 936 	 1014 
i 604	 194 	 194 
i 763	 778 	 790 
i 378	 589 	 626 
i 588	 432 	 377 
i 147	 310 	 363 
i 823	 615 	 574 
i 410	 177 	 81 
i 556	 900 	 962 
i 121	 890 	 835 
i 50	 945 	 909 
i 144	 850 	 935 
i 894	 406 	 443 
i 432	 906 	 819 
i 794	 627 	 658 
i 19	 829 	 889 
i 586	 621 	 646 
i 660	 887 	 794 
i 549	 906 	 924 
i 426	 739 	 781 
i 365	 942 	 994 
i 197	 339 	 420 
i 528	 274 	 334 
i 424	 887 	 833 
i 5	 947 	 852 
i 812	 640 	 549 
i 386	 465 	 491 
i 260	 132 	 90 
i 154	 164 	 232 
i 861	 690 	 643 
i 796	 435 	 461 
i 54	 223 	 288 
i 238	 140 	 111 
i 111	 852 	 908 
i 52	 170 	 226 
i 647	 194 	 213 
i 46	 235 	 331 
i 71	 796 	 744 
i 131	 167 	 146 
i 783	 915 	 866 
i 148	 264 	 174 
i 275	 826 	 747 
i 308	 674 	 642 
i 143	 991 	 981 
i 209	 795 	 796 
i 303	 603 	 533 
i 443	 244 	 183 
i 214	 228 	 181 
i 278	 443 	 423 
i 183	 795 	 731 
i 356	 134 	 100 
i 161	 181 	 202 
i 793	 276 	 358 
i 783	 582 	 493 
i 554	 986 	 939 
i 109	 546 	 559 
i 259	 682 	 584 
i 391	 859 	 803 
i 765	 209 	 209 
i 536	 565 	 601 
i 562	 728 	 636 
i 642	 134 	 74 
i 828	 673 	 771 
i 359	 596 	 651 
i 344	 647 	 613 
i 833	 883 	 870 
i 477	 499 	 538 
i 319	 509 	 426 
i 430	 709 	 780 
i 941	 267 	 245 
i 636	 876 	 966 
i 662	 911 	 930 
i 295	 201 	 185 
i 841	 196 	 252 
i 444	 887 	 812 
i 313	 293 	 385 
i 750	 684 	 671 
i 199	 416 	 467 
i 872	 496 	 433 
i 49	 367 	 292 
i 908	 715 	 767 
i 809	 674 	 659 
i 911	 314 	 358 
i 7	 691 	 703 
i 880	 499 	 400 
i 86	 611 	 575 
i 731	 575 	 489 
i 75	 964 	 918 
i 508	 747 	 675 
i 797	 913 	 851 
i 477	 138 	 57 
i 110	 818 	 899 
i 339	 309 	 373 
i 992	 951 	 1016 
i 429	 562 	 603 
i 992	 569 	 627 
i 515	 853 	 857 
i 475	 916 	 935 
i 192	 268 	 189 
i 95	 394 	 474 
i 127	 564 	 540 
i 922	 652 	 650 
i 146	 571 	 637 
i 92	 411 	 475 
i 599	 258 	 208 
i 115	 887 	 835 
i 950	 703 	 754 
i 856	 281 	 227 
i 34	 814 	 799 
i 353	 910 	 914 
i 862	 825 	 854 
i 471	 274 	 287 
i 989	 711 	 754 
i 328	 560 	 621 
i 493	 403 	 384 
i 367	 627 	 631 
i 34	 845 	 839 
i 226	 631 	 596 
i 17	 840 	 812 
i 915	 330 	 372 
i 719	 793 	 808 
i 903	 480 	 389 
i 579	 986 	 893 
i 85	 734 	 706 
i 414	 562 	 633 
i 995	 923 	 867 
i 821	 497 	 448 
i 407	 915 	 911 
i 227	 317 	 317 
i 474	 638 	 621 
i 242	 383 	 310 
i 657	 895 	 802 
i 642	 936 	 959 
i 343	 969 	 1009 
i 851	 404 	 327 
i 764	 278 	 200 
i 199	 478 	 564 
i 104	 708 	 675 
i 336	 249 	 262 
i 929	 694 	 601 
i 236	 176 	 132 
i 118	 296 	 383 
i 47	 331 	 347 
i 13	 880 	 964 
i 343	 615 	 670 
i 531	 718 	 726 
i 944	 816 	 863 
i 616	 755 	 823 
i 772	 167 	 102 
i 429	 670 	 591 
i 502	 705 	 673 
i 710	 955 	 947 
i 958	 900 	 901 
i 823	 528 	 532 
i 391	 460 	 533 
i 74	 260 	 239 
i 866	 741 	 709 
i 592	 509 	 600 
c
c
W 743655
c end of file