c Instance Type c
c
n 3000
c w	 v1	 v2
i 75	 784 	 806 
i 170	 796 	 819 
i 486	 575 	 523 
i 702	 664 	 724 
i 46	 303 	 314 
i 285	 797 	 767 
i 545	 724 	 737 
i 571	 387 	 437 
i 6	 914 	 902 
i 826	 846 	 791 
i 584	 284 	 244 
i 355	 827 	 821 
i 877	 486 	 577 
i 500	 700 	 731 
i 716	 522 	 562 
i 489	 127 	 224 
i 180	 440 	 447 
i 491	 942 	 863 
i 395	 720 	 642 
i 223	 223 	 310 
i 417	 425 	 429 
i 224	 693 	 768 
i 646	 224 	 274 
i 310	 186 	 136 
i 773	 773 	 867 
i 792	 510 	 502 
i 163	 501 	 529 
i 98	 977 	 903 
i 783	 183 	 188 
i 909	 282 	 331 
i 263	 228 	 161 
i 918	 692 	 669 
i 46	 582 	 489 
i 131	 364 	 333 
i 875	 590 	 513 
i 326	 565 	 647 
i 765	 975 	 889 
i 740	 655 	 589 
i 821	 771 	 861 
i 16	 350 	 422 
i 147	 126 	 51 
i 800	 273 	 181 
i 331	 619 	 536 
i 616	 651 	 595 
i 156	 958 	 877 
i 667	 174 	 158 
i 639	 984 	 921 
i 251	 159 	 244 
i 994	 311 	 360 
i 263	 270 	 322 
i 281	 148 	 230 
i 464	 259 	 301 
i 37	 299 	 207 
i 644	 379 	 410 
i 598	 575 	 637 
i 670	 660 	 656 
i 652	 146 	 69 
i 707	 312 	 286 
i 932	 248 	 221 
i 112	 913 	 938 
i 153	 703 	 784 
i 321	 624 	 598 
i 532	 367 	 348 
i 833	 403 	 313 
i 356	 988 	 1018 
i 974	 822 	 786 
i 15	 360 	 454 
i 242	 467 	 503 
i 396	 797 	 819 
i 299	 233 	 277 
i 966	 791 	 866 
i 543	 710 	 649 
i 831	 153 	 199 
i 161	 517 	 529 
i 148	 564 	 647 
i 948	 254 	 332 
i 230	 539 	 620 
i 631	 516 	 446 
i 403	 231 	 240 
i 540	 776 	 845 
i 306	 531 	 593 
i 980	 422 	 393 
i 29	 598 	 535 
i 485	 358 	 327 
i 995	 859 	 858 
i 157	 788 	 777 
i 639	 694 	 728 
i 95	 613 	 574 
i 231	 748 	 789 
i 979	 346 	 295 
i 452	 210 	 220 
i 802	 933 	 939 
i 350	 361 	 373 
i 628	 528 	 437 
i 470	 838 	 746 
i 231	 391 	 331 
i 887	 787 	 855 
i 453	 498 	 585 
i 170	 769 	 702 
i 435	 510 	 439 
i 547	 731 	 750 
i 473	 335 	 315 
i 755	 810 	 859 
i 225	 422 	 397 
i 44	 465 	 534 
i 359	 504 	 419 
i 120	 683 	 776 
i 555	 541 	 524 
i 296	 484 	 501 
i 745	 632 	 536 
i 443	 762 	 776 
i 695	 404 	 312 
i 482	 760 	 819 
i 832	 537 	 441 
i 232	 873 	 786 
i 675	 738 	 723 
i 319	 807 	 815 
i 803	 777 	 697 
i 224	 259 	 238 
i 810	 782 	 710 
i 543	 802 	 819 
i 872	 420 	 376 
i 603	 458 	 510 
i 84	 278 	 297 
i 941	 298 	 363 
i 646	 357 	 357 
i 430	 735 	 799 
i 180	 330 	 354 
i 347	 419 	 488 
i 103	 772 	 803 
i 880	 898 	 838 
i 229	 529 	 443 
i 620	 779 	 814 
i 808	 568 	 620 
i 20	 209 	 249 
i 297	 945 	 914 
i 999	 502 	 557 
i 247	 344 	 435 
i 593	 899 	 859 
i 337	 765 	 746 
i 223	 462 	 419 
i 693	 641 	 644 
i 445	 707 	 634 
i 960	 420 	 508 
i 72	 207 	 299 
i 10	 831 	 782 
i 451	 251 	 202 
i 713	 943 	 944 
i 600	 905 	 824 
i 336	 287 	 274 
i 731	 649 	 680 
i 328	 904 	 874 
i 998	 474 	 533 
i 347	 594 	 645 
i 455	 544 	 609 
i 265	 512 	 579 
i 423	 743 	 701 
i 359	 973 	 873 
i 253	 533 	 553 
i 452	 621 	 708 
i 58	 120 	 154 
i 949	 705 	 804 
i 359	 130 	 229 
i 902	 839 	 807 
i 391	 624 	 683 
i 841	 472 	 384 
i 553	 330 	 327 
i 523	 588 	 657 
i 998	 591 	 510 
i 573	 238 	 247 
i 584	 185 	 206 
i 253	 781 	 792 
i 275	 781 	 864 
i 94	 778 	 841 
i 671	 195 	 136 
i 79	 905 	 815 
i 325	 962 	 982 
i 862	 505 	 430 
i 402	 367 	 292 
i 546	 454 	 493 
i 629	 943 	 899 
i 384	 594 	 601 
i 138	 200 	 261 
i 888	 125 	 205 
i 983	 852 	 867 
i 877	 148 	 178 
i 835	 193 	 288 
i 279	 729 	 797 
i 567	 841 	 789 
i 954	 953 	 1010 
i 890	 684 	 667 
i 435	 935 	 995 
i 535	 522 	 609 
i 551	 353 	 418 
i 385	 267 	 329 
i 427	 779 	 817 
i 520	 471 	 476 
i 215	 453 	 513 
i 38	 312 	 286 
i 984	 528 	 492 
i 630	 341 	 284 
i 558	 713 	 742 
i 21	 537 	 474 
i 293	 483 	 530 
i 470	 331 	 255 
i 221	 164 	 173 
i 627	 778 	 691 
i 12	 355 	 311 
i 238	 181 	 145 
i 708	 510 	 470 
i 967	 798 	 884 
i 644	 990 	 988 
i 124	 679 	 681 
i 543	 843 	 904 
i 791	 609 	 564 
i 851	 716 	 715 
i 601	 315 	 239 
i 876	 375 	 302 
i 955	 627 	 601 
i 405	 912 	 828 
i 179	 294 	 203 
i 168	 236 	 274 
i 807	 674 	 737 
i 631	 241 	 212 
i 192	 958 	 888 
i 873	 314 	 214 
i 104	 756 	 776 
i 401	 866 	 862 
i 982	 987 	 974 
i 884	 430 	 498 
i 91	 502 	 405 
i 231	 546 	 483 
i 864	 273 	 371 
i 12	 999 	 1024 
i 964	 430 	 493 
i 193	 564 	 601 
i 919	 565 	 623 
i 769	 213 	 151 
i 754	 640 	 575 
i 114	 138 	 50 
i 554	 885 	 815 
i 44	 903 	 879 
i 226	 180 	 129 
i 225	 175 	 126 
i 584	 730 	 674 
i 94	 567 	 550 
i 605	 292 	 258 
i 720	 997 	 917 
i 316	 280 	 351 
i 347	 437 	 531 
i 219	 491 	 495 
i 110	 625 	 638 
i 188	 964 	 1022 
i 260	 294 	 197 
i 957	 524 	 544 
i 471	 721 	 760 
i 675	 201 	 161 
i 672	 498 	 402 
i 862	 590 	 558 
i 230	 463 	 500 
i 658	 437 	 518 
i 237	 904 	 807 
i 197	 521 	 461 
i 404	 338 	 330 
i 868	 356 	 340 
i 555	 893 	 971 
i 657	 624 	 637 
i 94	 894 	 841 
i 633	 916 	 836 
i 30	 329 	 295 
i 397	 941 	 1038 
i 290	 857 	 802 
i 751	 870 	 854 
i 8	 162 	 227 
i 283	 573 	 611 
i 163	 947 	 896 
i 741	 850 	 931 
i 623	 465 	 564 
i 529	 676 	 702 
i 775	 766 	 798 
i 709	 171 	 82 
i 548	 161 	 130 
i 403	 362 	 281 
i 461	 737 	 658 
i 981	 582 	 559 
i 922	 309 	 319 
i 754	 530 	 488 
i 153	 446 	 529 
i 789	 445 	 433 
i 527	 118 	 61 
i 595	 705 	 790 
i 652	 757 	 752 
i 935	 177 	 252 
i 639	 265 	 233 
i 170	 359 	 323 
i 393	 705 	 653 
i 865	 306 	 405 
i 243	 566 	 496 
i 619	 491 	 579 
i 627	 886 	 879 
i 296	 192 	 104 
i 23	 128 	 171 
i 98	 552 	 582 
i 272	 444 	 401 
i 551	 747 	 738 
i 220	 144 	 214 
i 439	 362 	 405 
i 952	 360 	 452 
i 381	 495 	 510 
i 254	 442 	 383 
i 345	 858 	 858 
i 365	 914 	 919 
i 861	 661 	 685 
i 237	 350 	 428 
i 953	 608 	 596 
i 991	 127 	 159 
i 274	 885 	 805 
i 555	 634 	 545 
i 987	 598 	 585 
i 361	 224 	 261 
i 202	 407 	 314 
i 106	 854 	 834 
i 724	 432 	 384 
i 993	 985 	 984 
i 553	 891 	 881 
i 572	 398 	 386 
i 443	 988 	 1031 
i 32	 191 	 145 
i 580	 241 	 192 
i 707	 629 	 653 
i 42	 353 	 417 
i 877	 384 	 469 
i 239	 740 	 770 
i 223	 972 	 1001 
i 101	 527 	 466 
i 423	 929 	 983 
i 410	 434 	 376 
i 501	 183 	 132 
i 647	 425 	 489 
i 230	 656 	 662 
i 503	 318 	 332 
i 810	 161 	 151 
i 518	 986 	 1023 
i 487	 677 	 759 
i 955	 362 	 264 
i 876	 539 	 525 
i 241	 336 	 405 
i 322	 526 	 495 
i 675	 744 	 842 
i 289	 588 	 532 
i 522	 172 	 217 
i 579	 682 	 689 
i 563	 193 	 103 
i 200	 805 	 813 
i 483	 727 	 726 
i 965	 737 	 711 
i 220	 234 	 256 
i 687	 986 	 1073 
i 399	 404 	 426 
i 936	 398 	 477 
i 6	 597 	 581 
i 648	 353 	 253 
i 741	 829 	 841 
i 522	 877 	 929 
i 216	 469 	 418 
i 920	 910 	 852 
i 60	 353 	 339 
i 45	 899 	 822 
i 375	 842 	 845 
i 698	 497 	 487 
i 246	 407 	 399 
i 518	 782 	 703 
i 326	 783 	 852 
i 188	 394 	 368 
i 591	 184 	 201 
i 491	 404 	 405 
i 764	 593 	 606 
i 651	 977 	 999 
i 475	 194 	 291 
i 909	 654 	 690 
i 243	 170 	 255 
i 998	 579 	 568 
i 754	 675 	 729 
i 74	 541 	 633 
i 157	 871 	 881 
i 487	 504 	 412 
i 29	 954 	 1015 
i 4	 569 	 560 
i 97	 223 	 309 
i 708	 209 	 277 
i 775	 817 	 733 
i 302	 754 	 670 
i 937	 262 	 329 
i 421	 949 	 1031 
i 277	 915 	 828 
i 719	 516 	 527 
i 668	 554 	 570 
i 185	 382 	 399 
i 311	 789 	 825 
i 421	 728 	 706 
i 216	 587 	 520 
i 939	 662 	 656 
i 110	 736 	 717 
i 54	 591 	 656 
i 958	 513 	 434 
i 415	 574 	 638 
i 913	 178 	 176 
i 219	 697 	 732 
i 981	 331 	 428 
i 676	 939 	 920 
i 213	 400 	 424 
i 833	 550 	 562 
i 536	 968 	 1002 
i 77	 441 	 486 
i 529	 288 	 325 
i 51	 381 	 301 
i 127	 225 	 127 
i 786	 663 	 609 
i 35	 376 	 318 
i 966	 365 	 443 
i 293	 729 	 649 
i 786	 395 	 482 
i 751	 897 	 891 
i 123	 608 	 617 
i 322	 366 	 281 
i 626	 976 	 901 
i 755	 176 	 127 
i 378	 188 	 96 
i 676	 395 	 310 
i 963	 585 	 493 
i 658	 488 	 455 
i 978	 580 	 504 
i 863	 524 	 598 
i 423	 944 	 1043 
i 710	 544 	 507 
i 683	 614 	 702 
i 757	 729 	 768 
i 844	 957 	 872 
i 165	 995 	 1045 
i 698	 174 	 217 
i 123	 213 	 188 
i 651	 512 	 482 
i 116	 621 	 564 
i 53	 509 	 537 
i 540	 505 	 475 
i 107	 788 	 695 
i 802	 738 	 796 
i 755	 471 	 498 
i 749	 540 	 600 
i 821	 321 	 320 
i 936	 958 	 982 
i 389	 403 	 357 
i 963	 718 	 695 
i 412	 911 	 899 
i 856	 592 	 688 
i 618	 905 	 822 
i 324	 936 	 1014 
i 730	 752 	 781 
i 214	 429 	 408 
i 450	 253 	 196 
i 404	 697 	 627 
i 732	 362 	 370 
i 416	 606 	 607 
i 317	 952 	 1035 
i 858	 456 	 510 
i 752	 441 	 419 
i 681	 520 	 563 
i 403	 425 	 414 
i 761	 111 	 142 
i 921	 463 	 384 
i 581	 656 	 658 
i 864	 793 	 742 
i 421	 387 	 419 
i 368	 837 	 932 
i 756	 764 	 831 
i 129	 562 	 579 
i 590	 910 	 863 
i 942	 658 	 692 
i 943	 165 	 151 
i 340	 751 	 721 
i 953	 848 	 935 
i 722	 416 	 476 
i 33	 635 	 579 
i 850	 334 	 351 
i 585	 314 	 283 
i 94	 169 	 163 
i 993	 692 	 604 
i 608	 931 	 832 
i 670	 639 	 729 
i 390	 135 	 92 
i 220	 451 	 399 
i 563	 394 	 487 
i 153	 217 	 316 
i 404	 414 	 483 
i 633	 938 	 924 
i 698	 357 	 362 
i 352	 779 	 782 
i 275	 836 	 761 
i 869	 843 	 902 
i 897	 798 	 735 
i 280	 167 	 148 
i 599	 384 	 478 
i 718	 353 	 277 
i 60	 352 	 357 
i 990	 217 	 149 
i 268	 602 	 673 
i 20	 182 	 124 
i 835	 643 	 640 
i 659	 757 	 728 
i 433	 578 	 528 
i 497	 745 	 751 
i 804	 219 	 145 
i 77	 194 	 263 
i 349	 305 	 386 
i 468	 774 	 853 
i 22	 918 	 851 
i 102	 793 	 730 
i 701	 982 	 886 
i 429	 525 	 561 
i 954	 841 	 763 
i 668	 177 	 199 
i 790	 651 	 633 
i 884	 768 	 766 
i 103	 634 	 701 
i 849	 553 	 514 
i 757	 464 	 429 
i 526	 612 	 598 
i 506	 778 	 704 
i 972	 798 	 810 
i 794	 514 	 517 
i 869	 616 	 552 
i 477	 270 	 365 
i 217	 638 	 709 
i 805	 186 	 278 
i 303	 932 	 994 
i 700	 317 	 330 
i 265	 610 	 528 
i 16	 994 	 1014 
i 789	 223 	 237 
i 244	 723 	 696 
i 811	 293 	 240 
i 990	 458 	 500 
i 584	 436 	 521 
i 668	 311 	 357 
i 593	 277 	 184 
i 825	 998 	 1045 
i 388	 614 	 514 
i 382	 699 	 602 
i 509	 343 	 404 
i 198	 852 	 762 
i 404	 289 	 361 
i 794	 499 	 569 
i 161	 244 	 231 
i 386	 181 	 102 
i 573	 835 	 874 
i 571	 868 	 872 
i 139	 635 	 717 
i 799	 638 	 596 
i 62	 654 	 714 
i 895	 483 	 582 
i 97	 528 	 508 
i 534	 406 	 345 
i 684	 276 	 247 
i 764	 665 	 713 
i 579	 759 	 722 
i 431	 491 	 568 
i 21	 957 	 862 
i 614	 878 	 943 
i 226	 250 	 327 
i 645	 963 	 1019 
i 115	 963 	 1038 
i 448	 432 	 414 
i 634	 608 	 527 
i 258	 926 	 998 
i 986	 698 	 686 
i 415	 980 	 1054 
i 367	 880 	 958 
i 230	 903 	 904 
i 387	 748 	 794 
i 345	 648 	 623 
i 304	 455 	 453 
i 665	 348 	 435 
i 225	 716 	 730 
i 143	 803 	 869 
i 803	 681 	 744 
i 781	 184 	 130 
i 646	 959 	 978 
i 538	 864 	 929 
i 256	 426 	 369 
i 860	 188 	 200 
i 248	 523 	 595 
i 515	 960 	 965 
i 197	 907 	 957 
i 975	 528 	 607 
i 617	 378 	 418 
i 700	 216 	 212 
i 655	 423 	 348 
i 502	 955 	 988 
i 856	 804 	 888 
i 943	 996 	 1052 
i 408	 605 	 510 
i 364	 485 	 493 
i 259	 956 	 1004 
i 728	 738 	 781 
i 29	 647 	 613 
i 147	 380 	 286 
i 498	 808 	 845 
i 448	 922 	 859 
i 228	 625 	 534 
i 224	 555 	 653 
i 780	 360 	 339 
i 202	 386 	 438 
i 153	 869 	 773 
i 858	 638 	 687 
i 461	 385 	 440 
i 764	 681 	 765 
i 550	 710 	 694 
i 462	 433 	 506 
i 41	 602 	 521 
i 541	 643 	 607 
i 821	 635 	 555 
i 131	 988 	 948 
i 984	 776 	 767 
i 578	 794 	 756 
i 887	 570 	 625 
i 529	 372 	 379 
i 204	 304 	 221 
i 566	 679 	 689 
i 119	 563 	 581 
i 718	 650 	 576 
i 308	 936 	 1026 
i 296	 137 	 54 
i 44	 407 	 321 
i 812	 812 	 841 
i 330	 202 	 209 
i 624	 891 	 803 
i 841	 482 	 435 
i 481	 561 	 627 
i 989	 163 	 253 
i 597	 690 	 724 
i 525	 809 	 904 
i 555	 768 	 722 
i 888	 844 	 807 
i 677	 907 	 833 
i 780	 594 	 586 
i 658	 181 	 98 
i 76	 237 	 322 
i 583	 475 	 456 
i 642	 328 	 307 
i 294	 286 	 384 
i 80	 883 	 886 
i 819	 865 	 779 
i 644	 220 	 312 
i 540	 504 	 532 
i 84	 621 	 605 
i 163	 142 	 57 
i 306	 218 	 148 
i 716	 153 	 200 
i 960	 516 	 491 
i 159	 870 	 904 
i 28	 866 	 916 
i 876	 439 	 453 
i 1	 505 	 448 
i 442	 472 	 523 
i 16	 152 	 220 
i 52	 526 	 426 
i 172	 595 	 556 
i 220	 732 	 636 
i 676	 498 	 594 
i 531	 835 	 763 
i 381	 545 	 479 
i 750	 325 	 234 
i 194	 833 	 742 
i 600	 136 	 133 
i 647	 808 	 809 
i 115	 666 	 677 
i 659	 668 	 713 
i 359	 942 	 1031 
i 795	 963 	 988 
i 610	 949 	 880 
i 100	 187 	 194 
i 340	 339 	 296 
i 153	 381 	 377 
i 181	 423 	 339 
i 965	 859 	 904 
i 590	 419 	 487 
i 218	 914 	 914 
i 153	 673 	 745 
i 112	 628 	 659 
i 56	 295 	 248 
i 142	 434 	 407 
i 399	 912 	 953 
i 703	 278 	 349 
i 56	 705 	 612 
i 896	 777 	 677 
i 244	 535 	 554 
i 148	 395 	 457 
i 781	 841 	 933 
i 363	 718 	 633 
i 571	 412 	 338 
i 934	 649 	 603 
i 836	 974 	 1008 
i 24	 712 	 687 
i 692	 586 	 572 
i 442	 621 	 586 
i 919	 626 	 640 
i 240	 266 	 309 
i 62	 988 	 988 
i 744	 957 	 1029 
i 84	 136 	 123 
i 689	 253 	 226 
i 660	 496 	 437 
i 337	 205 	 150 
i 871	 539 	 623 
i 446	 923 	 895 
i 26	 325 	 281 
i 201	 833 	 837 
i 187	 584 	 600 
i 139	 140 	 105 
i 167	 909 	 891 
i 328	 406 	 326 
i 761	 735 	 787 
i 868	 918 	 837 
i 351	 234 	 328 
i 264	 165 	 148 
i 505	 488 	 476 
i 318	 740 	 768 
i 850	 316 	 381 
i 884	 835 	 928 
i 781	 239 	 166 
i 115	 605 	 597 
i 817	 696 	 640 
i 725	 484 	 402 
i 864	 571 	 559 
i 924	 545 	 586 
i 350	 915 	 857 
i 58	 419 	 424 
i 288	 991 	 967 
i 104	 839 	 791 
i 247	 811 	 720 
i 804	 932 	 864 
i 462	 455 	 550 
i 882	 655 	 695 
i 401	 737 	 750 
i 889	 241 	 239 
i 794	 870 	 938 
i 142	 169 	 248 
i 132	 640 	 577 
i 951	 979 	 937 
i 740	 325 	 332 
i 664	 366 	 334 
i 52	 508 	 568 
i 663	 488 	 525 
i 368	 224 	 141 
i 515	 728 	 823 
i 369	 277 	 331 
i 435	 136 	 218 
i 31	 935 	 843 
i 8	 212 	 311 
i 248	 470 	 517 
i 535	 948 	 927 
i 982	 363 	 353 
i 408	 189 	 112 
i 536	 799 	 795 
i 231	 876 	 975 
i 418	 855 	 828 
i 446	 651 	 711 
i 374	 574 	 640 
i 488	 613 	 680 
i 892	 609 	 526 
i 835	 374 	 398 
i 120	 730 	 751 
i 207	 242 	 144 
i 981	 345 	 354 
i 842	 774 	 830 
i 680	 772 	 711 
i 289	 210 	 238 
i 809	 923 	 826 
i 375	 774 	 775 
i 936	 632 	 611 
i 233	 710 	 656 
i 929	 375 	 345 
i 79	 914 	 926 
i 342	 926 	 934 
i 88	 525 	 501 
i 832	 330 	 242 
i 944	 506 	 476 
i 858	 190 	 122 
i 605	 207 	 214 
i 192	 657 	 651 
i 865	 122 	 163 
i 164	 330 	 357 
i 67	 644 	 686 
i 983	 254 	 165 
i 451	 735 	 663 
i 697	 187 	 282 
i 143	 244 	 328 
i 233	 557 	 612 
i 341	 701 	 677 
i 955	 289 	 303 
i 968	 710 	 698 
i 216	 448 	 468 
i 816	 125 	 159 
i 977	 760 	 790 
i 679	 810 	 731 
i 766	 937 	 997 
i 916	 916 	 1005 
i 419	 846 	 781 
i 83	 649 	 652 
i 284	 990 	 984 
i 957	 612 	 600 
i 338	 115 	 146 
i 354	 652 	 646 
i 85	 359 	 349 
i 870	 941 	 867 
i 801	 146 	 225 
i 707	 859 	 921 
i 535	 811 	 757 
i 141	 969 	 931 
i 130	 541 	 560 
i 694	 963 	 974 
i 699	 467 	 545 
i 308	 163 	 112 
i 587	 584 	 550 
i 521	 985 	 925 
i 561	 212 	 112 
i 404	 121 	 163 
i 192	 844 	 793 
i 157	 161 	 138 
i 641	 440 	 443 
i 600	 972 	 914 
i 1	 577 	 658 
i 60	 483 	 426 
i 592	 703 	 763 
i 576	 998 	 963 
i 690	 289 	 366 
i 702	 292 	 250 
i 526	 924 	 920 
i 583	 254 	 281 
i 953	 597 	 553 
i 922	 167 	 243 
i 448	 354 	 430 
i 866	 274 	 362 
i 533	 467 	 473 
i 531	 293 	 214 
i 732	 582 	 641 
i 936	 482 	 482 
i 852	 740 	 645 
i 13	 279 	 300 
i 560	 847 	 859 
i 624	 207 	 204 
i 898	 990 	 1076 
i 82	 884 	 944 
i 483	 831 	 797 
i 687	 416 	 488 
i 219	 512 	 531 
i 636	 333 	 339 
i 344	 778 	 754 
i 533	 802 	 781 
i 362	 455 	 546 
i 470	 956 	 972 
i 459	 499 	 494 
i 329	 441 	 453 
i 140	 263 	 171 
i 483	 560 	 606 
i 934	 439 	 529 
i 185	 969 	 986 
i 935	 554 	 639 
i 713	 896 	 888 
i 102	 361 	 425 
i 53	 324 	 282 
i 490	 841 	 891 
i 861	 378 	 294 
i 34	 877 	 821 
i 539	 917 	 957 
i 908	 678 	 705 
i 874	 634 	 698 
i 373	 266 	 317 
i 257	 204 	 198 
i 539	 616 	 630 
i 778	 460 	 484 
i 600	 721 	 643 
i 901	 501 	 596 
i 763	 574 	 476 
i 670	 770 	 779 
i 309	 506 	 497 
i 898	 184 	 150 
i 74	 915 	 956 
i 179	 699 	 791 
i 746	 229 	 229 
i 139	 738 	 693 
i 826	 404 	 479 
i 266	 506 	 561 
i 787	 485 	 493 
i 529	 494 	 436 
i 974	 982 	 986 
i 58	 499 	 483 
i 962	 794 	 792 
i 624	 532 	 566 
i 758	 499 	 482 
i 463	 944 	 955 
i 793	 303 	 279 
i 238	 196 	 226 
i 659	 889 	 876 
i 91	 484 	 577 
i 71	 674 	 762 
i 508	 250 	 349 
i 277	 625 	 717 
i 752	 176 	 192 
i 189	 775 	 743 
i 127	 259 	 320 
i 344	 755 	 774 
i 440	 208 	 275 
i 316	 786 	 785 
i 735	 285 	 302 
i 369	 255 	 286 
i 526	 202 	 134 
i 106	 200 	 188 
i 180	 165 	 103 
i 926	 685 	 661 
i 94	 989 	 990 
i 818	 816 	 886 
i 928	 460 	 418 
i 688	 315 	 336 
i 885	 755 	 723 
i 48	 387 	 429 
i 151	 971 	 918 
i 252	 228 	 196 
i 314	 620 	 624 
i 959	 792 	 781 
i 947	 243 	 251 
i 741	 695 	 667 
i 135	 564 	 521 
i 364	 823 	 918 
i 90	 473 	 545 
i 401	 777 	 859 
i 369	 520 	 432 
i 500	 731 	 693 
i 74	 147 	 172 
i 841	 611 	 628 
i 990	 120 	 126 
i 648	 602 	 557 
i 158	 923 	 905 
i 958	 291 	 345 
i 367	 271 	 343 
i 117	 149 	 101 
i 578	 958 	 984 
i 276	 123 	 49 
i 317	 402 	 343 
i 879	 959 	 868 
i 891	 591 	 498 
i 444	 177 	 214 
i 358	 422 	 490 
i 561	 787 	 847 
i 742	 586 	 519 
i 785	 465 	 421 
i 738	 699 	 771 
i 753	 372 	 299 
i 81	 490 	 481 
i 36	 674 	 641 
i 576	 717 	 662 
i 651	 750 	 784 
i 2	 471 	 376 
i 762	 331 	 349 
i 298	 155 	 121 
i 695	 304 	 227 
i 358	 558 	 629 
i 652	 436 	 457 
i 80	 559 	 597 
i 714	 964 	 1009 
i 396	 374 	 334 
i 116	 575 	 665 
i 521	 283 	 374 
i 769	 309 	 352 
i 819	 833 	 736 
i 38	 240 	 282 
i 541	 345 	 258 
i 906	 217 	 261 
i 411	 759 	 819 
i 372	 484 	 486 
i 668	 240 	 322 
i 191	 509 	 414 
i 385	 468 	 477 
i 607	 428 	 391 
i 420	 178 	 105 
i 566	 192 	 126 
i 829	 824 	 867 
i 949	 886 	 910 
i 678	 638 	 544 
i 99	 462 	 442 
i 244	 919 	 833 
i 692	 840 	 792 
i 95	 863 	 892 
i 452	 461 	 411 
i 528	 743 	 777 
i 619	 864 	 812 
i 422	 130 	 43 
i 295	 766 	 669 
i 888	 429 	 468 
i 283	 458 	 517 
i 193	 817 	 724 
i 14	 880 	 926 
i 860	 224 	 289 
i 254	 799 	 754 
i 964	 136 	 197 
i 812	 736 	 720 
i 834	 950 	 1019 
i 572	 123 	 51 
i 930	 139 	 44 
i 322	 759 	 721 
i 116	 577 	 578 
i 981	 611 	 614 
i 110	 372 	 347 
i 884	 218 	 244 
i 913	 464 	 483 
i 617	 292 	 273 
i 561	 669 	 617 
i 574	 534 	 597 
i 607	 659 	 708 
i 336	 686 	 599 
i 860	 963 	 899 
i 424	 524 	 457 
i 718	 984 	 939 
i 838	 432 	 364 
i 237	 994 	 908 
i 441	 635 	 673 
i 70	 999 	 949 
i 545	 327 	 392 
i 163	 164 	 150 
i 810	 828 	 881 
i 769	 889 	 914 
i 234	 164 	 74 
i 217	 311 	 365 
i 578	 557 	 578 
i 571	 700 	 769 
i 162	 766 	 723 
i 162	 491 	 462 
i 406	 715 	 795 
i 466	 561 	 474 
i 273	 946 	 1020 
i 149	 741 	 769 
i 208	 412 	 487 
i 434	 459 	 377 
i 936	 255 	 289 
i 599	 798 	 746 
i 336	 661 	 642 
i 764	 917 	 930 
i 445	 345 	 439 
i 951	 258 	 245 
i 891	 316 	 358 
i 601	 205 	 277 
i 939	 778 	 691 
i 331	 669 	 669 
i 494	 754 	 741 
i 267	 463 	 370 
i 886	 681 	 655 
i 793	 153 	 80 
i 58	 658 	 674 
i 224	 635 	 641 
i 455	 136 	 121 
i 561	 770 	 675 
i 312	 646 	 739 
i 940	 706 	 665 
i 664	 264 	 322 
i 61	 654 	 565 
i 701	 687 	 775 
i 749	 131 	 178 
i 365	 253 	 312 
i 954	 772 	 675 
i 983	 357 	 351 
i 725	 736 	 643 
i 327	 760 	 729 
i 997	 730 	 687 
i 170	 994 	 1084 
i 781	 808 	 710 
i 430	 860 	 902 
i 453	 810 	 802 
i 613	 578 	 643 
i 357	 396 	 452 
i 635	 414 	 467 
i 339	 836 	 834 
i 69	 868 	 931 
i 765	 288 	 350 
i 758	 544 	 640 
i 543	 501 	 554 
i 386	 512 	 451 
i 174	 257 	 286 
i 699	 669 	 621 
i 21	 516 	 539 
i 361	 322 	 272 
i 177	 114 	 132 
i 29	 550 	 582 
i 228	 387 	 372 
i 714	 223 	 160 
i 154	 209 	 254 
i 605	 889 	 811 
i 770	 174 	 131 
i 398	 751 	 848 
i 853	 984 	 885 
i 92	 645 	 618 
i 95	 871 	 879 
i 589	 509 	 523 
i 900	 208 	 268 
i 27	 587 	 590 
i 137	 752 	 785 
i 13	 510 	 464 
i 85	 612 	 520 
i 804	 868 	 856 
i 786	 856 	 814 
i 388	 862 	 839 
i 244	 300 	 296 
i 691	 785 	 699 
i 801	 405 	 499 
i 338	 228 	 327 
i 59	 686 	 612 
i 509	 391 	 320 
i 73	 635 	 581 
i 924	 674 	 581 
i 763	 177 	 241 
i 608	 439 	 381 
i 822	 782 	 772 
i 580	 320 	 249 
i 911	 383 	 472 
i 44	 357 	 313 
i 690	 355 	 323 
i 7	 475 	 545 
i 596	 606 	 691 
i 230	 813 	 882 
i 304	 845 	 867 
i 673	 688 	 632 
i 429	 876 	 784 
i 665	 391 	 415 
i 971	 521 	 528 
i 249	 474 	 489 
i 523	 727 	 681 
i 933	 144 	 99 
i 491	 902 	 976 
i 281	 835 	 755 
i 108	 701 	 682 
i 758	 357 	 273 
i 619	 554 	 555 
i 934	 592 	 526 
i 396	 258 	 186 
i 804	 734 	 712 
i 498	 360 	 443 
i 535	 601 	 671 
i 425	 847 	 815 
i 241	 734 	 758 
i 904	 825 	 871 
i 182	 298 	 295 
i 680	 369 	 290 
i 223	 821 	 729 
i 388	 976 	 963 
i 90	 216 	 164 
i 371	 566 	 613 
i 922	 492 	 446 
i 750	 359 	 399 
i 451	 663 	 751 
i 255	 327 	 396 
i 466	 977 	 882 
i 756	 522 	 563 
i 556	 618 	 704 
i 530	 654 	 617 
i 648	 154 	 135 
i 161	 368 	 423 
i 589	 137 	 177 
i 868	 381 	 371 
i 490	 115 	 195 
i 733	 951 	 882 
i 708	 813 	 837 
i 171	 838 	 814 
i 741	 578 	 665 
i 353	 516 	 509 
i 402	 799 	 721 
i 692	 272 	 226 
i 722	 965 	 1037 
i 27	 699 	 745 
i 31	 211 	 155 
i 976	 124 	 215 
i 766	 265 	 297 
i 585	 819 	 885 
i 111	 268 	 283 
i 566	 211 	 296 
i 341	 626 	 592 
i 523	 727 	 631 
i 484	 971 	 1020 
i 146	 850 	 904 
i 258	 612 	 672 
i 274	 810 	 865 
i 447	 770 	 778 
i 244	 471 	 396 
i 421	 323 	 271 
i 534	 835 	 896 
i 114	 772 	 701 
i 807	 177 	 211 
i 776	 198 	 128 
i 608	 860 	 819 
i 173	 657 	 668 
i 959	 481 	 547 
i 701	 284 	 239 
i 107	 768 	 772 
i 346	 883 	 971 
i 161	 208 	 203 
i 905	 925 	 943 
i 980	 167 	 146 
i 79	 762 	 696 
i 921	 899 	 955 
i 536	 276 	 366 
i 952	 771 	 853 
i 148	 621 	 643 
i 887	 868 	 912 
i 756	 443 	 356 
i 866	 392 	 337 
i 782	 816 	 742 
i 845	 452 	 374 
i 578	 805 	 743 
i 465	 960 	 882 
i 651	 766 	 795 
i 394	 726 	 746 
i 968	 649 	 698 
i 820	 307 	 334 
i 194	 948 	 926 
i 510	 118 	 69 
i 303	 321 	 229 
i 687	 439 	 516 
i 469	 539 	 531 
i 424	 709 	 794 
i 162	 809 	 825 
i 854	 496 	 590 
i 460	 142 	 230 
i 681	 808 	 860 
i 623	 484 	 575 
i 632	 834 	 827 
i 868	 175 	 228 
i 238	 212 	 203 
i 720	 111 	 196 
i 393	 523 	 492 
i 179	 460 	 462 
i 613	 976 	 949 
i 648	 954 	 1019 
i 433	 902 	 903 
i 853	 691 	 617 
i 667	 652 	 704 
i 740	 178 	 204 
i 853	 862 	 936 
i 853	 378 	 396 
i 318	 312 	 408 
i 712	 623 	 555 
i 686	 188 	 243 
i 634	 514 	 498 
i 525	 359 	 430 
i 178	 810 	 851 
i 787	 927 	 902 
i 862	 716 	 639 
i 707	 389 	 483 
i 9	 274 	 338 
i 236	 799 	 727 
i 811	 784 	 854 
i 899	 929 	 937 
i 353	 729 	 663 
i 632	 217 	 256 
i 419	 978 	 1053 
i 338	 720 	 752 
i 19	 166 	 171 
i 333	 269 	 215 
i 516	 243 	 191 
i 291	 975 	 970 
i 49	 213 	 170 
i 968	 972 	 909 
i 664	 564 	 572 
i 784	 718 	 652 
i 759	 451 	 469 
i 445	 341 	 426 
i 507	 931 	 1020 
i 685	 509 	 465 
i 834	 717 	 776 
i 807	 932 	 849 
i 922	 467 	 394 
i 891	 723 	 643 
i 402	 891 	 944 
i 86	 482 	 492 
i 468	 636 	 598 
i 727	 273 	 324 
i 650	 211 	 163 
i 99	 165 	 254 
i 780	 415 	 471 
i 704	 234 	 252 
i 105	 312 	 314 
i 794	 433 	 413 
i 672	 526 	 587 
i 91	 321 	 399 
i 681	 813 	 784 
i 864	 202 	 119 
i 977	 876 	 923 
i 39	 222 	 288 
i 381	 177 	 200 
i 520	 873 	 836 
i 747	 509 	 493 
i 111	 965 	 908 
i 578	 435 	 513 
i 815	 262 	 358 
i 605	 165 	 197 
i 708	 484 	 489 
i 569	 561 	 561 
i 694	 326 	 334 
i 769	 180 	 264 
i 627	 727 	 715 
i 76	 122 	 60 
i 37	 500 	 460 
i 401	 695 	 771 
i 572	 599 	 638 
i 634	 583 	 543 
i 55	 283 	 184 
i 561	 752 	 767 
i 803	 311 	 265 
i 881	 794 	 702 
i 575	 726 	 759 
i 588	 232 	 281 
i 26	 403 	 459 
i 683	 671 	 607 
i 233	 565 	 615 
i 764	 294 	 271 
i 958	 562 	 550 
i 680	 570 	 470 
i 905	 196 	 257 
i 674	 439 	 476 
i 368	 477 	 429 
i 505	 184 	 254 
i 833	 846 	 921 
i 464	 652 	 664 
i 975	 814 	 872 
i 183	 596 	 607 
i 690	 942 	 945 
i 207	 446 	 385 
i 304	 449 	 369 
i 673	 278 	 333 
i 86	 890 	 818 
i 168	 235 	 264 
i 995	 991 	 987 
i 604	 882 	 971 
i 396	 491 	 575 
i 942	 307 	 227 
i 876	 803 	 861 
i 254	 372 	 272 
i 635	 546 	 506 
i 823	 637 	 732 
i 699	 437 	 349 
i 839	 565 	 511 
i 829	 252 	 197 
i 697	 680 	 745 
i 125	 632 	 576 
i 346	 562 	 495 
i 125	 655 	 563 
i 420	 471 	 430 
i 910	 472 	 558 
i 502	 742 	 793 
i 869	 722 	 712 
i 381	 778 	 736 
i 540	 983 	 907 
i 181	 294 	 358 
i 767	 143 	 231 
i 276	 343 	 301 
i 888	 491 	 474 
i 294	 530 	 597 
i 700	 794 	 843 
i 411	 734 	 683 
i 100	 517 	 440 
i 850	 921 	 920 
i 832	 293 	 200 
i 39	 403 	 346 
i 75	 243 	 340 
i 336	 194 	 146 
i 764	 453 	 383 
i 236	 823 	 812 
i 5	 677 	 606 
i 706	 451 	 462 
i 164	 671 	 702 
i 76	 776 	 777 
i 282	 330 	 297 
i 611	 364 	 339 
i 759	 559 	 549 
i 853	 548 	 605 
i 239	 782 	 792 
i 40	 917 	 974 
i 676	 424 	 482 
i 59	 553 	 552 
i 689	 160 	 192 
i 438	 743 	 790 
i 684	 305 	 209 
i 969	 606 	 632 
i 474	 942 	 920 
i 966	 455 	 403 
i 722	 267 	 263 
i 629	 758 	 762 
i 982	 569 	 508 
i 481	 384 	 335 
i 536	 827 	 916 
i 248	 527 	 503 
i 466	 294 	 207 
i 25	 312 	 219 
i 959	 873 	 875 
i 347	 332 	 327 
i 523	 549 	 489 
i 251	 979 	 1044 
i 766	 554 	 616 
i 74	 730 	 688 
i 879	 959 	 1024 
i 348	 911 	 826 
i 554	 363 	 371 
i 781	 424 	 437 
i 640	 457 	 462 
i 888	 912 	 986 
i 383	 447 	 426 
i 359	 625 	 654 
i 857	 474 	 456 
i 554	 306 	 303 
i 508	 566 	 539 
i 409	 414 	 456 
i 693	 481 	 434 
i 46	 963 	 872 
i 436	 577 	 614 
i 337	 155 	 170 
i 715	 931 	 1022 
i 295	 393 	 356 
i 703	 968 	 903 
i 923	 445 	 491 
i 436	 877 	 824 
i 777	 313 	 342 
i 194	 946 	 914 
i 153	 295 	 272 
i 678	 338 	 402 
i 728	 950 	 881 
i 651	 574 	 648 
i 969	 538 	 471 
i 934	 821 	 895 
i 311	 978 	 1037 
i 173	 738 	 684 
i 400	 950 	 851 
i 341	 636 	 576 
i 548	 939 	 909 
i 804	 393 	 299 
i 748	 235 	 287 
i 270	 376 	 358 
i 751	 265 	 241 
i 551	 415 	 378 
i 526	 302 	 327 
i 232	 120 	 179 
i 176	 326 	 265 
i 767	 333 	 341 
i 698	 513 	 430 
i 17	 829 	 907 
i 157	 857 	 885 
i 456	 645 	 727 
i 630	 122 	 154 
i 972	 462 	 404 
i 188	 743 	 790 
i 199	 411 	 504 
i 441	 232 	 161 
i 692	 410 	 492 
i 145	 891 	 913 
i 952	 969 	 994 
i 792	 873 	 929 
i 394	 554 	 501 
i 407	 474 	 547 
i 802	 173 	 241 
i 513	 361 	 266 
i 850	 128 	 73 
i 987	 990 	 1023 
i 325	 230 	 202 
i 202	 152 	 153 
i 168	 694 	 685 
i 26	 362 	 312 
i 524	 170 	 198 
i 933	 383 	 293 
i 4	 266 	 336 
i 285	 126 	 99 
i 305	 152 	 95 
i 294	 355 	 295 
i 428	 950 	 955 
i 474	 382 	 428 
i 131	 831 	 910 
i 414	 350 	 434 
i 481	 573 	 562 
i 787	 257 	 233 
i 962	 302 	 279 
i 979	 172 	 206 
i 27	 498 	 592 
i 302	 691 	 644 
i 246	 872 	 911 
i 551	 454 	 388 
i 362	 214 	 174 
i 631	 124 	 166 
i 152	 946 	 885 
i 316	 457 	 553 
i 531	 796 	 885 
i 601	 250 	 334 
i 37	 846 	 936 
i 689	 823 	 773 
i 546	 172 	 171 
i 931	 791 	 700 
i 49	 942 	 924 
i 65	 321 	 229 
i 5	 956 	 894 
i 394	 241 	 242 
i 166	 225 	 133 
i 322	 176 	 204 
i 150	 999 	 1034 
i 950	 955 	 928 
i 21	 291 	 373 
i 786	 734 	 802 
i 722	 778 	 856 
i 958	 255 	 346 
i 909	 293 	 385 
i 56	 466 	 437 
i 185	 919 	 923 
i 259	 956 	 1024 
i 258	 638 	 736 
i 208	 352 	 440 
i 411	 678 	 770 
i 112	 601 	 651 
i 862	 463 	 457 
i 26	 369 	 355 
i 231	 331 	 298 
i 630	 297 	 275 
i 540	 614 	 629 
i 491	 188 	 255 
i 84	 938 	 857 
i 355	 932 	 892 
i 993	 881 	 923 
i 545	 849 	 914 
i 942	 627 	 664 
i 233	 158 	 200 
i 481	 540 	 629 
i 691	 842 	 857 
i 257	 304 	 227 
i 345	 819 	 840 
i 276	 675 	 713 
i 199	 761 	 669 
i 66	 142 	 49 
i 896	 777 	 793 
i 478	 623 	 628 
i 531	 347 	 398 
i 14	 982 	 929 
i 836	 934 	 1020 
i 54	 556 	 493 
i 850	 659 	 665 
i 486	 309 	 370 
i 217	 923 	 824 
i 253	 963 	 877 
i 3	 997 	 1090 
i 579	 627 	 616 
i 845	 205 	 300 
i 825	 880 	 978 
i 751	 204 	 269 
i 253	 142 	 218 
i 870	 309 	 355 
i 94	 782 	 725 
i 7	 612 	 599 
i 965	 618 	 655 
i 962	 682 	 720 
i 543	 655 	 608 
i 649	 164 	 87 
i 515	 145 	 233 
i 620	 138 	 176 
i 655	 874 	 962 
i 878	 770 	 832 
i 634	 533 	 614 
i 198	 728 	 810 
i 768	 227 	 303 
i 412	 840 	 908 
i 25	 565 	 541 
i 85	 805 	 711 
i 124	 907 	 916 
i 154	 854 	 787 
i 14	 581 	 645 
i 755	 531 	 571 
i 231	 367 	 334 
i 925	 285 	 292 
i 57	 209 	 169 
i 877	 992 	 1035 
i 388	 851 	 899 
i 170	 304 	 369 
i 66	 334 	 423 
i 902	 822 	 742 
i 431	 972 	 895 
i 904	 815 	 889 
i 193	 551 	 471 
i 389	 851 	 756 
i 500	 438 	 354 
i 491	 708 	 800 
i 324	 456 	 426 
i 541	 225 	 228 
i 793	 959 	 976 
i 593	 913 	 910 
i 562	 116 	 199 
i 355	 219 	 283 
i 850	 994 	 897 
i 684	 196 	 176 
i 53	 220 	 300 
i 724	 296 	 274 
i 114	 262 	 305 
i 242	 574 	 525 
i 197	 147 	 57 
i 100	 667 	 696 
i 106	 211 	 152 
i 228	 138 	 150 
i 221	 870 	 852 
i 317	 883 	 802 
i 440	 353 	 283 
i 649	 267 	 341 
i 819	 617 	 714 
i 341	 366 	 311 
i 382	 596 	 581 
i 8	 642 	 647 
i 121	 327 	 353 
i 152	 512 	 583 
i 7	 124 	 39 
i 875	 492 	 471 
i 148	 579 	 646 
i 324	 713 	 709 
i 893	 601 	 561 
i 181	 591 	 620 
i 727	 795 	 700 
i 325	 285 	 191 
i 569	 752 	 683 
i 22	 425 	 386 
i 37	 299 	 261 
i 466	 369 	 306 
i 993	 721 	 688 
i 671	 575 	 607 
i 224	 118 	 128 
i 763	 388 	 435 
i 534	 962 	 954 
i 730	 987 	 1044 
i 452	 128 	 99 
i 805	 267 	 242 
i 18	 540 	 522 
i 309	 819 	 895 
i 995	 987 	 1061 
i 519	 398 	 407 
i 527	 985 	 1038 
i 839	 589 	 595 
i 797	 353 	 266 
i 783	 764 	 823 
i 803	 575 	 524 
i 978	 892 	 802 
i 462	 339 	 253 
i 259	 707 	 683 
i 245	 601 	 576 
i 568	 490 	 569 
i 551	 976 	 960 
i 89	 771 	 723 
i 362	 356 	 267 
i 97	 416 	 484 
i 619	 236 	 264 
i 498	 457 	 481 
i 754	 506 	 422 
i 426	 570 	 538 
i 977	 909 	 926 
i 405	 355 	 286 
i 378	 261 	 302 
i 121	 636 	 695 
i 398	 868 	 799 
i 741	 920 	 870 
i 882	 779 	 853 
i 273	 462 	 436 
i 717	 127 	 52 
i 235	 202 	 212 
i 133	 507 	 513 
i 408	 141 	 227 
i 577	 280 	 242 
i 169	 908 	 894 
i 21	 727 	 793 
i 931	 868 	 882 
i 683	 205 	 195 
i 79	 982 	 1027 
i 98	 424 	 412 
i 201	 537 	 572 
i 647	 139 	 201 
i 682	 610 	 553 
i 872	 552 	 611 
i 770	 830 	 923 
i 464	 326 	 423 
i 315	 176 	 259 
i 422	 685 	 705 
i 402	 200 	 235 
i 755	 846 	 901 
i 235	 352 	 447 
i 267	 956 	 980 
i 828	 789 	 750 
i 326	 985 	 920 
i 135	 805 	 894 
i 378	 774 	 756 
i 451	 762 	 807 
i 98	 688 	 617 
i 198	 333 	 343 
i 25	 937 	 898 
i 297	 738 	 746 
i 248	 718 	 779 
i 12	 385 	 412 
i 995	 657 	 749 
i 776	 816 	 735 
i 522	 771 	 765 
i 255	 248 	 333 
i 904	 895 	 799 
i 154	 139 	 82 
i 84	 629 	 577 
i 789	 902 	 910 
i 473	 494 	 551 
i 781	 322 	 381 
i 397	 888 	 946 
i 191	 853 	 867 
i 933	 939 	 857 
i 89	 471 	 440 
i 971	 405 	 355 
i 4	 425 	 406 
i 586	 620 	 617 
i 476	 837 	 792 
i 907	 429 	 479 
i 146	 241 	 247 
i 20	 952 	 1038 
i 855	 770 	 694 
i 787	 388 	 299 
i 193	 471 	 399 
i 524	 780 	 703 
i 876	 115 	 38 
i 450	 476 	 517 
i 268	 910 	 846 
i 626	 269 	 186 
i 773	 938 	 884 
i 719	 523 	 473 
i 461	 462 	 383 
i 774	 570 	 649 
i 180	 619 	 536 
i 932	 747 	 769 
i 937	 849 	 847 
i 348	 955 	 1043 
i 248	 692 	 633 
i 426	 854 	 920 
i 357	 933 	 954 
i 821	 252 	 217 
i 217	 478 	 535 
i 733	 576 	 588 
i 305	 484 	 532 
i 21	 564 	 598 
i 851	 221 	 243 
i 800	 656 	 747 
i 455	 603 	 544 
i 292	 788 	 814 
i 217	 640 	 737 
i 376	 291 	 353 
i 789	 581 	 486 
i 313	 392 	 444 
i 733	 891 	 804 
i 244	 660 	 577 
i 368	 370 	 457 
i 981	 913 	 960 
i 536	 876 	 814 
i 298	 170 	 167 
i 894	 733 	 773 
i 97	 724 	 639 
i 625	 557 	 630 
i 941	 582 	 518 
i 819	 370 	 452 
i 438	 429 	 360 
i 730	 506 	 511 
i 633	 451 	 452 
i 494	 219 	 127 
i 561	 392 	 360 
i 262	 823 	 770 
i 951	 558 	 524 
i 454	 628 	 719 
i 983	 510 	 589 
i 275	 670 	 713 
i 633	 594 	 525 
i 79	 734 	 811 
i 462	 313 	 317 
i 584	 765 	 667 
i 900	 804 	 819 
i 702	 220 	 287 
i 207	 430 	 487 
i 788	 726 	 674 
i 237	 688 	 633 
i 866	 600 	 600 
i 410	 350 	 276 
i 112	 491 	 433 
i 340	 391 	 425 
i 76	 854 	 805 
i 855	 867 	 798 
i 978	 490 	 562 
i 338	 346 	 259 
i 30	 158 	 229 
i 680	 374 	 292 
i 230	 575 	 666 
i 500	 132 	 105 
i 927	 252 	 248 
i 243	 441 	 505 
i 80	 152 	 231 
i 930	 383 	 433 
i 358	 525 	 571 
i 622	 402 	 315 
i 676	 463 	 382 
i 972	 335 	 390 
i 496	 418 	 319 
i 520	 382 	 383 
i 679	 711 	 698 
i 51	 249 	 284 
i 98	 979 	 1030 
i 404	 886 	 923 
i 869	 666 	 575 
i 198	 426 	 459 
i 594	 487 	 456 
i 846	 574 	 537 
i 193	 377 	 439 
i 498	 384 	 350 
i 173	 835 	 737 
i 329	 333 	 245 
i 306	 936 	 868 
i 179	 721 	 734 
i 803	 444 	 430 
i 159	 486 	 512 
i 582	 191 	 136 
i 104	 498 	 412 
i 403	 781 	 733 
i 710	 616 	 668 
i 526	 913 	 1000 
i 776	 924 	 876 
i 705	 981 	 995 
i 392	 235 	 284 
i 767	 737 	 747 
i 189	 235 	 277 
i 280	 797 	 755 
i 716	 998 	 977 
i 471	 174 	 233 
i 40	 409 	 410 
i 941	 198 	 105 
i 857	 141 	 203 
i 835	 376 	 379 
i 975	 884 	 965 
i 681	 661 	 695 
i 820	 262 	 334 
i 593	 894 	 822 
i 592	 265 	 336 
i 663	 617 	 583 
i 998	 438 	 411 
i 98	 890 	 852 
i 132	 922 	 855 
i 431	 754 	 654 
i 301	 324 	 419 
i 919	 242 	 273 
i 91	 842 	 838 
i 971	 720 	 634 
i 146	 847 	 880 
i 714	 722 	 687 
i 83	 127 	 92 
i 960	 455 	 439 
i 872	 732 	 743 
i 596	 881 	 978 
i 836	 885 	 842 
i 984	 866 	 807 
i 806	 564 	 523 
i 492	 991 	 945 
i 321	 168 	 151 
i 10	 760 	 686 
i 28	 163 	 105 
i 415	 454 	 388 
i 114	 832 	 741 
i 980	 437 	 465 
i 851	 427 	 422 
i 701	 683 	 675 
i 212	 868 	 821 
i 203	 244 	 296 
i 267	 484 	 400 
i 997	 854 	 772 
i 57	 969 	 892 
i 443	 269 	 275 
i 254	 423 	 452 
i 621	 464 	 489 
i 977	 145 	 141 
i 621	 571 	 507 
i 473	 982 	 960 
i 623	 333 	 352 
i 44	 122 	 194 
i 879	 196 	 268 
i 845	 278 	 361 
i 25	 384 	 356 
i 376	 860 	 882 
i 773	 547 	 494 
i 812	 218 	 160 
i 330	 645 	 711 
i 311	 808 	 769 
i 561	 269 	 355 
i 574	 800 	 894 
i 669	 679 	 749 
i 857	 556 	 595 
i 166	 482 	 526 
i 9	 803 	 722 
i 499	 460 	 534 
i 619	 669 	 705 
i 221	 858 	 760 
i 6	 711 	 676 
i 184	 984 	 1061 
i 959	 922 	 914 
i 599	 899 	 825 
i 100	 769 	 866 
i 518	 502 	 432 
i 297	 257 	 189 
i 689	 345 	 377 
i 318	 232 	 187 
i 160	 841 	 841 
i 834	 854 	 855 
i 816	 255 	 292 
i 729	 154 	 183 
i 616	 564 	 513 
i 358	 679 	 648 
i 798	 668 	 740 
i 962	 805 	 737 
i 227	 948 	 1018 
i 364	 646 	 579 
i 185	 894 	 859 
i 22	 451 	 383 
i 184	 900 	 995 
i 233	 625 	 666 
i 743	 313 	 277 
i 383	 533 	 569 
i 11	 842 	 837 
i 791	 722 	 710 
i 733	 865 	 898 
i 335	 732 	 638 
i 217	 881 	 824 
i 599	 283 	 230 
i 488	 427 	 411 
i 67	 408 	 439 
i 294	 148 	 127 
i 769	 436 	 492 
i 592	 153 	 211 
i 280	 579 	 595 
i 129	 972 	 935 
i 827	 678 	 708 
i 695	 707 	 780 
i 889	 900 	 893 
i 246	 223 	 313 
i 580	 599 	 502 
i 623	 293 	 255 
i 989	 647 	 563 
i 37	 453 	 488 
i 564	 268 	 359 
i 534	 786 	 702 
i 172	 178 	 260 
i 842	 756 	 777 
i 731	 638 	 637 
i 858	 164 	 212 
i 408	 123 	 87 
i 613	 140 	 228 
i 217	 419 	 505 
i 601	 494 	 588 
i 778	 205 	 211 
i 538	 166 	 79 
i 614	 241 	 189 
i 341	 163 	 79 
i 934	 702 	 764 
i 994	 254 	 288 
i 8	 913 	 828 
i 42	 310 	 348 
i 389	 261 	 342 
i 819	 202 	 204 
i 926	 175 	 132 
i 989	 651 	 716 
i 136	 711 	 699 
i 195	 925 	 981 
i 860	 999 	 1042 
i 22	 834 	 876 
i 923	 542 	 585 
i 148	 613 	 665 
i 317	 339 	 268 
i 419	 258 	 351 
i 492	 711 	 789 
i 100	 968 	 1044 
i 775	 815 	 718 
i 692	 318 	 260 
i 691	 125 	 39 
i 505	 762 	 681 
i 990	 506 	 409 
i 555	 256 	 189 
i 812	 932 	 928 
i 978	 175 	 255 
i 654	 147 	 126 
i 619	 943 	 942 
i 411	 840 	 794 
i 644	 857 	 949 
i 660	 159 	 189 
i 394	 225 	 156 
i 838	 310 	 239 
i 2	 327 	 367 
i 925	 475 	 478 
i 998	 906 	 905 
i 41	 819 	 748 
i 976	 282 	 335 
i 796	 722 	 657 
i 637	 963 	 1027 
i 691	 930 	 926 
i 820	 622 	 697 
i 46	 763 	 806 
i 289	 896 	 939 
i 699	 633 	 661 
i 594	 204 	 232 
i 391	 644 	 680 
i 584	 777 	 808 
i 272	 571 	 561 
i 231	 731 	 649 
i 152	 574 	 630 
i 727	 115 	 135 
i 462	 896 	 925 
i 345	 643 	 730 
i 933	 392 	 419 
i 39	 963 	 909 
i 638	 645 	 669 
i 389	 362 	 303 
i 907	 947 	 942 
i 605	 462 	 503 
i 126	 544 	 615 
i 132	 351 	 368 
i 15	 888 	 797 
i 613	 576 	 554 
i 929	 521 	 486 
i 888	 199 	 172 
i 489	 404 	 304 
i 772	 957 	 935 
i 712	 251 	 210 
i 109	 675 	 755 
i 596	 416 	 321 
i 867	 291 	 223 
i 742	 813 	 748 
i 266	 857 	 914 
i 728	 318 	 361 
i 827	 609 	 630 
i 158	 933 	 852 
i 110	 936 	 1009 
i 268	 396 	 412 
i 903	 662 	 699 
i 247	 577 	 533 
i 450	 603 	 533 
i 241	 746 	 824 
i 80	 902 	 833 
i 313	 714 	 791 
i 873	 463 	 506 
i 798	 113 	 187 
i 727	 198 	 294 
i 49	 970 	 920 
i 669	 596 	 526 
i 194	 320 	 300 
i 748	 573 	 643 
i 464	 708 	 626 
i 354	 613 	 547 
i 33	 755 	 751 
i 430	 656 	 627 
i 433	 403 	 334 
i 531	 291 	 367 
i 497	 277 	 363 
i 44	 500 	 520 
i 280	 638 	 697 
i 799	 995 	 1004 
i 471	 862 	 763 
i 37	 944 	 916 
i 761	 207 	 186 
i 375	 638 	 703 
i 705	 956 	 907 
i 908	 206 	 263 
i 95	 992 	 949 
i 533	 932 	 898 
i 127	 579 	 600 
i 121	 398 	 379 
i 966	 883 	 958 
i 904	 891 	 974 
i 13	 324 	 359 
i 606	 676 	 586 
i 557	 521 	 572 
i 664	 750 	 783 
i 656	 563 	 615 
i 580	 818 	 776 
i 108	 222 	 206 
i 431	 765 	 773 
i 300	 239 	 240 
i 178	 133 	 115 
i 418	 947 	 931 
i 55	 661 	 567 
i 516	 708 	 725 
i 236	 493 	 443 
i 744	 196 	 277 
i 540	 872 	 869 
i 665	 244 	 263 
i 402	 618 	 523 
i 546	 209 	 174 
i 571	 661 	 661 
i 512	 137 	 221 
i 132	 514 	 609 
i 803	 541 	 539 
i 234	 174 	 219 
i 329	 398 	 392 
i 186	 316 	 218 
i 336	 749 	 784 
i 906	 389 	 305 
i 18	 413 	 438 
i 636	 703 	 642 
i 667	 263 	 305 
i 121	 195 	 263 
i 605	 175 	 204 
i 677	 614 	 689 
i 1	 373 	 314 
i 232	 795 	 773 
i 949	 807 	 853 
i 264	 522 	 549 
i 604	 594 	 624 
i 271	 262 	 220 
i 443	 438 	 529 
i 537	 181 	 96 
i 610	 930 	 966 
i 176	 615 	 587 
i 472	 507 	 479 
i 242	 692 	 710 
i 26	 153 	 161 
i 488	 803 	 864 
i 32	 480 	 462 
i 202	 172 	 208 
i 571	 431 	 355 
i 650	 394 	 426 
i 572	 464 	 418 
i 140	 183 	 172 
i 585	 505 	 588 
i 240	 827 	 759 
i 288	 466 	 403 
i 67	 950 	 984 
i 481	 778 	 819 
i 551	 255 	 336 
i 911	 861 	 856 
i 230	 972 	 897 
i 627	 671 	 711 
i 709	 913 	 981 
i 154	 422 	 407 
i 959	 350 	 383 
i 360	 494 	 584 
i 304	 659 	 562 
i 56	 369 	 369 
i 218	 996 	 906 
i 63	 914 	 1006 
i 32	 451 	 389 
i 662	 566 	 630 
i 564	 301 	 307 
i 914	 159 	 195 
i 184	 538 	 566 
i 614	 240 	 140 
i 232	 199 	 160 
i 523	 216 	 188 
i 519	 661 	 677 
i 424	 707 	 735 
i 806	 674 	 708 
i 319	 846 	 813 
i 533	 687 	 767 
i 587	 270 	 332 
i 68	 878 	 977 
i 214	 561 	 583 
i 313	 565 	 633 
i 431	 839 	 812 
i 51	 273 	 350 
i 721	 789 	 751 
i 355	 472 	 395 
i 183	 183 	 170 
i 831	 482 	 575 
i 11	 393 	 404 
i 873	 228 	 252 
i 381	 227 	 294 
i 891	 771 	 700 
i 711	 633 	 649 
i 893	 959 	 985 
i 657	 858 	 828 
i 64	 245 	 286 
i 146	 349 	 427 
i 564	 736 	 780 
i 882	 707 	 753 
i 15	 312 	 333 
i 146	 866 	 963 
i 888	 721 	 796 
i 477	 854 	 871 
i 431	 481 	 477 
i 273	 153 	 80 
i 424	 466 	 406 
i 692	 206 	 175 
i 395	 997 	 1079 
i 67	 749 	 807 
i 294	 511 	 572 
i 144	 161 	 251 
i 829	 149 	 217 
i 666	 930 	 893 
i 83	 566 	 616 
i 130	 995 	 899 
i 529	 230 	 219 
i 636	 410 	 337 
i 633	 721 	 728 
i 352	 643 	 663 
i 802	 461 	 540 
i 859	 291 	 198 
i 902	 251 	 324 
i 824	 112 	 118 
i 337	 396 	 419 
i 331	 175 	 224 
i 465	 196 	 151 
i 802	 594 	 676 
i 489	 719 	 728 
i 88	 306 	 385 
i 482	 841 	 880 
i 685	 748 	 759 
i 842	 783 	 775 
i 844	 666 	 623 
i 166	 252 	 276 
i 238	 800 	 890 
i 334	 575 	 558 
i 878	 820 	 764 
i 563	 742 	 783 
i 782	 337 	 396 
i 604	 246 	 201 
i 322	 868 	 960 
i 78	 475 	 536 
i 702	 885 	 915 
i 861	 250 	 313 
i 637	 803 	 713 
i 159	 762 	 739 
i 956	 244 	 197 
i 666	 441 	 506 
i 921	 182 	 204 
i 75	 891 	 833 
i 926	 250 	 257 
i 337	 218 	 240 
i 208	 934 	 897 
i 365	 624 	 559 
i 144	 459 	 521 
i 876	 507 	 601 
i 27	 851 	 936 
i 398	 198 	 217 
i 479	 934 	 937 
i 357	 588 	 606 
i 514	 779 	 782 
i 634	 367 	 437 
i 561	 913 	 825 
i 138	 305 	 290 
i 531	 462 	 475 
i 976	 297 	 286 
i 809	 273 	 267 
i 907	 210 	 284 
i 834	 740 	 709 
i 371	 311 	 352 
i 124	 836 	 779 
i 412	 407 	 477 
i 314	 278 	 261 
i 532	 333 	 343 
i 928	 712 	 628 
i 138	 329 	 241 
i 321	 726 	 799 
i 433	 257 	 312 
i 140	 142 	 164 
i 365	 452 	 548 
i 182	 191 	 112 
i 516	 386 	 389 
i 703	 257 	 323 
i 953	 626 	 598 
i 629	 229 	 187 
i 875	 304 	 289 
i 568	 357 	 406 
i 732	 241 	 177 
i 767	 932 	 896 
i 152	 586 	 623 
i 242	 571 	 644 
i 552	 665 	 641 
i 717	 236 	 153 
i 297	 974 	 882 
i 430	 409 	 443 
i 647	 668 	 677 
i 924	 160 	 83 
i 72	 827 	 896 
i 995	 989 	 1011 
i 531	 387 	 440 
i 49	 998 	 899 
i 671	 882 	 894 
i 812	 335 	 290 
i 784	 413 	 427 
i 120	 450 	 350 
i 746	 158 	 188 
i 802	 645 	 660 
i 608	 747 	 776 
i 596	 611 	 639 
i 907	 269 	 203 
i 905	 950 	 894 
i 773	 958 	 1036 
i 26	 567 	 608 
i 366	 814 	 811 
i 747	 436 	 457 
i 801	 440 	 411 
i 402	 130 	 61 
i 118	 642 	 695 
i 681	 328 	 300 
i 859	 900 	 854 
i 803	 165 	 100 
i 756	 362 	 451 
i 270	 267 	 361 
i 62	 894 	 861 
i 428	 441 	 358 
i 799	 983 	 1060 
i 821	 410 	 368 
i 419	 550 	 531 
i 663	 343 	 260 
i 551	 665 	 754 
i 612	 905 	 955 
i 894	 173 	 174 
i 71	 127 	 182 
i 952	 993 	 1061 
i 324	 405 	 358 
i 306	 482 	 395 
i 642	 383 	 460 
i 137	 641 	 602 
i 398	 115 	 209 
i 23	 195 	 199 
i 916	 149 	 75 
i 986	 818 	 723 
i 5	 381 	 300 
i 997	 185 	 95 
i 329	 932 	 907 
i 747	 282 	 318 
i 54	 343 	 307 
i 650	 243 	 235 
i 656	 517 	 588 
i 750	 490 	 566 
i 794	 954 	 1013 
i 590	 184 	 240 
i 894	 209 	 266 
i 978	 297 	 353 
i 902	 343 	 265 
i 97	 677 	 749 
i 357	 394 	 476 
i 507	 682 	 694 
i 963	 202 	 146 
i 391	 965 	 1059 
i 340	 859 	 911 
i 423	 679 	 649 
i 534	 486 	 435 
i 744	 298 	 243 
i 6	 995 	 921 
i 643	 207 	 152 
i 962	 972 	 988 
i 605	 896 	 814 
i 708	 508 	 418 
i 669	 704 	 693 
i 512	 678 	 735 
i 152	 469 	 410 
i 574	 784 	 832 
i 784	 117 	 114 
i 780	 320 	 318 
i 888	 437 	 364 
i 857	 639 	 558 
i 741	 270 	 310 
i 189	 351 	 333 
i 856	 400 	 315 
i 494	 796 	 814 
i 897	 605 	 653 
i 655	 791 	 754 
i 663	 561 	 481 
i 899	 993 	 1069 
i 267	 541 	 595 
i 861	 661 	 686 
i 40	 748 	 721 
i 310	 483 	 494 
i 635	 848 	 830 
i 406	 919 	 1000 
i 963	 555 	 615 
i 728	 327 	 319 
i 235	 609 	 533 
i 228	 699 	 603 
i 712	 593 	 550 
i 331	 389 	 319 
i 48	 947 	 885 
i 467	 386 	 386 
i 296	 881 	 808 
i 205	 359 	 367 
i 705	 277 	 278 
i 949	 992 	 938 
i 509	 512 	 505 
i 172	 622 	 661 
i 714	 643 	 624 
i 28	 900 	 947 
i 969	 145 	 202 
i 279	 314 	 264 
i 146	 759 	 768 
i 425	 879 	 929 
i 612	 472 	 464 
i 604	 921 	 902 
i 56	 239 	 322 
i 631	 655 	 573 
i 230	 384 	 444 
i 118	 746 	 812 
i 157	 514 	 574 
i 385	 324 	 240 
i 114	 549 	 494 
i 978	 149 	 179 
i 385	 820 	 772 
i 297	 340 	 413 
i 442	 704 	 788 
i 55	 632 	 642 
i 362	 712 	 768 
i 78	 538 	 618 
i 531	 389 	 300 
i 771	 213 	 201 
i 265	 285 	 296 
i 308	 486 	 493 
i 106	 176 	 260 
i 364	 411 	 354 
i 31	 293 	 324 
i 617	 225 	 267 
i 294	 717 	 632 
i 774	 525 	 455 
i 89	 438 	 475 
i 204	 490 	 481 
i 400	 884 	 928 
i 822	 490 	 395 
i 896	 966 	 892 
i 234	 896 	 895 
i 439	 201 	 206 
i 568	 787 	 716 
i 251	 533 	 520 
i 717	 601 	 543 
i 86	 738 	 698 
i 513	 458 	 458 
i 383	 864 	 944 
i 809	 616 	 661 
i 772	 642 	 666 
i 656	 761 	 832 
i 758	 314 	 273 
i 519	 784 	 856 
i 994	 913 	 835 
i 546	 414 	 480 
i 252	 604 	 687 
i 643	 871 	 857 
i 490	 431 	 493 
i 59	 346 	 370 
i 656	 993 	 971 
i 388	 658 	 568 
i 617	 531 	 592 
i 375	 794 	 759 
i 278	 674 	 638 
i 619	 776 	 849 
i 174	 626 	 550 
i 30	 553 	 605 
i 390	 935 	 885 
i 655	 768 	 730 
i 647	 433 	 526 
i 263	 784 	 755 
i 735	 829 	 923 
i 505	 659 	 628 
i 138	 951 	 976 
i 886	 349 	 297 
i 466	 232 	 215 
i 963	 340 	 329 
i 891	 130 	 197 
i 631	 356 	 354 
i 993	 635 	 563 
i 751	 607 	 587 
i 559	 925 	 852 
i 177	 901 	 929 
i 122	 322 	 378 
i 390	 878 	 911 
i 527	 207 	 133 
i 785	 578 	 497 
i 807	 976 	 1073 
i 84	 831 	 854 
i 673	 381 	 403 
i 232	 505 	 477 
i 148	 863 	 947 
i 38	 986 	 906 
i 275	 669 	 613 
i 139	 474 	 496 
i 247	 179 	 106 
i 773	 297 	 381 
i 747	 384 	 430 
i 558	 374 	 437 
i 861	 924 	 921 
i 306	 581 	 625 
i 153	 905 	 978 
i 138	 837 	 918 
i 765	 926 	 862 
i 175	 235 	 198 
i 252	 779 	 792 
i 462	 902 	 869 
i 769	 835 	 752 
i 66	 596 	 624 
i 980	 431 	 432 
i 510	 866 	 928 
i 403	 617 	 709 
i 220	 499 	 419 
i 138	 415 	 488 
i 277	 575 	 483 
i 29	 859 	 817 
i 919	 473 	 523 
i 733	 775 	 779 
i 280	 852 	 869 
i 640	 536 	 549 
i 490	 985 	 900 
i 60	 817 	 813 
i 497	 785 	 825 
i 839	 874 	 942 
i 362	 755 	 678 
i 205	 792 	 721 
i 613	 163 	 76 
i 360	 834 	 893 
i 195	 411 	 326 
i 672	 934 	 977 
i 656	 552 	 493 
i 451	 623 	 576 
i 209	 163 	 215 
i 69	 788 	 808 
i 793	 646 	 739 
i 560	 750 	 684 
i 619	 880 	 936 
i 433	 938 	 866 
i 771	 759 	 726 
i 697	 828 	 730 
i 194	 578 	 611 
i 770	 763 	 686 
i 828	 111 	 76 
i 590	 791 	 769 
i 193	 439 	 376 
i 912	 409 	 458 
i 778	 560 	 533 
i 709	 368 	 428 
i 439	 495 	 509 
i 246	 795 	 748 
i 771	 805 	 797 
i 505	 508 	 454 
i 506	 612 	 524 
i 272	 902 	 932 
i 640	 364 	 432 
i 975	 532 	 583 
i 482	 308 	 315 
i 770	 635 	 584 
i 204	 458 	 494 
i 973	 966 	 1052 
i 754	 316 	 356 
i 202	 728 	 669 
i 766	 935 	 977 
i 657	 989 	 1085 
i 942	 680 	 705 
i 416	 542 	 562 
i 638	 326 	 242 
i 228	 803 	 873 
i 618	 132 	 43 
i 580	 740 	 646 
i 812	 678 	 735 
i 506	 413 	 510 
i 434	 598 	 648 
i 422	 343 	 324 
i 63	 330 	 300 
i 548	 885 	 938 
i 791	 531 	 512 
i 569	 604 	 630 
i 593	 474 	 424 
i 301	 524 	 590 
i 939	 552 	 580 
i 281	 361 	 291 
i 828	 349 	 365 
i 91	 129 	 30 
i 337	 493 	 406 
i 209	 806 	 829 
i 681	 599 	 580 
i 237	 959 	 1054 
i 645	 633 	 647 
i 111	 857 	 931 
i 607	 707 	 769 
i 888	 390 	 308 
i 157	 524 	 608 
i 177	 154 	 56 
i 607	 159 	 128 
i 389	 220 	 231 
i 938	 768 	 715 
i 893	 242 	 236 
i 482	 222 	 145 
i 321	 729 	 674 
i 991	 615 	 682 
i 307	 447 	 491 
i 771	 529 	 605 
i 819	 459 	 370 
i 873	 469 	 502 
i 996	 778 	 688 
i 736	 383 	 481 
i 884	 594 	 671 
i 10	 127 	 100 
i 705	 233 	 271 
i 272	 437 	 473 
i 651	 292 	 389 
i 122	 936 	 987 
i 513	 831 	 846 
i 916	 882 	 872 
i 666	 585 	 574 
i 973	 634 	 571 
i 518	 628 	 542 
i 536	 528 	 444 
i 674	 856 	 912 
i 41	 581 	 492 
i 245	 298 	 339 
i 174	 288 	 353 
i 983	 963 	 931 
i 851	 589 	 540 
i 386	 991 	 1076 
i 974	 502 	 581 
i 557	 668 	 651 
i 28	 731 	 821 
i 866	 802 	 827 
i 395	 611 	 644 
i 606	 661 	 743 
i 805	 402 	 319 
i 764	 250 	 163 
i 302	 554 	 638 
i 293	 784 	 745 
i 733	 717 	 673 
i 360	 627 	 694 
i 58	 998 	 1071 
i 835	 956 	 1002 
i 399	 624 	 549 
i 19	 329 	 375 
i 346	 251 	 258 
i 502	 327 	 287 
i 2	 389 	 410 
i 759	 319 	 398 
i 442	 591 	 617 
i 23	 842 	 940 
i 22	 698 	 607 
i 972	 579 	 656 
i 551	 341 	 297 
i 796	 454 	 414 
i 954	 217 	 246 
i 199	 697 	 627 
i 512	 967 	 897 
i 746	 616 	 698 
i 287	 526 	 496 
i 110	 198 	 173 
i 770	 191 	 170 
i 297	 235 	 208 
i 556	 134 	 217 
i 942	 386 	 429 
i 63	 655 	 689 
i 722	 342 	 415 
i 686	 476 	 452 
i 255	 611 	 536 
i 722	 532 	 514 
i 820	 845 	 849 
i 911	 290 	 248 
i 52	 642 	 660 
i 78	 970 	 899 
i 388	 898 	 816 
i 999	 646 	 576 
i 261	 353 	 428 
i 671	 236 	 248 
i 234	 575 	 638 
i 707	 688 	 695 
i 534	 168 	 139 
i 735	 634 	 588 
i 333	 895 	 859 
i 300	 532 	 511 
i 186	 663 	 720 
i 788	 744 	 801 
i 61	 880 	 789 
i 202	 770 	 813 
i 725	 380 	 470 
i 375	 217 	 249 
i 440	 695 	 633 
i 28	 125 	 210 
i 910	 366 	 318 
i 385	 652 	 664 
i 7	 118 	 167 
i 718	 818 	 825 
i 584	 629 	 648 
i 325	 671 	 730 
i 628	 421 	 425 
i 747	 379 	 458 
i 406	 967 	 934 
i 422	 250 	 223 
i 709	 188 	 143 
i 318	 421 	 453 
i 327	 922 	 955 
i 123	 698 	 675 
i 705	 286 	 379 
i 336	 817 	 775 
i 685	 638 	 722 
i 988	 215 	 249 
i 951	 125 	 40 
i 109	 426 	 425 
i 195	 752 	 693 
i 545	 999 	 1004 
i 457	 698 	 768 
i 119	 403 	 497 
i 316	 746 	 781 
i 111	 719 	 622 
i 704	 981 	 1021 
i 822	 913 	 950 
i 838	 620 	 648 
i 194	 687 	 736 
i 916	 241 	 329 
i 915	 425 	 422 
i 576	 892 	 981 
i 905	 760 	 672 
i 620	 737 	 712 
i 305	 452 	 449 
i 285	 465 	 403 
i 187	 200 	 103 
i 760	 812 	 882 
i 409	 492 	 401 
i 556	 268 	 361 
i 910	 218 	 294 
i 789	 652 	 643 
i 521	 604 	 576 
i 225	 660 	 756 
i 609	 997 	 954 
i 9	 544 	 558 
i 109	 717 	 768 
i 898	 731 	 734 
i 328	 602 	 687 
i 505	 645 	 641 
i 626	 614 	 592 
i 236	 508 	 444 
i 790	 914 	 954 
i 408	 347 	 432 
i 406	 331 	 338 
i 893	 587 	 596 
i 575	 206 	 237 
i 273	 880 	 890 
i 825	 452 	 528 
i 426	 388 	 365 
i 992	 818 	 720 
i 440	 279 	 228 
i 344	 443 	 350 
i 609	 180 	 169 
i 857	 117 	 187 
i 393	 596 	 644 
i 500	 194 	 157 
i 366	 776 	 794 
i 750	 380 	 363 
i 63	 274 	 342 
i 857	 617 	 684 
i 48	 628 	 583 
i 421	 848 	 871 
i 499	 881 	 826 
i 506	 388 	 305 
i 53	 256 	 251 
i 146	 918 	 1013 
i 895	 313 	 282 
i 198	 839 	 758 
i 382	 321 	 252 
i 951	 182 	 84 
i 534	 925 	 837 
i 364	 281 	 277 
i 231	 832 	 928 
i 543	 146 	 143 
i 706	 222 	 230 
i 614	 648 	 685 
i 841	 629 	 645 
i 661	 936 	 991 
i 897	 132 	 64 
i 977	 272 	 194 
i 893	 285 	 314 
i 86	 340 	 242 
i 897	 770 	 718 
i 936	 754 	 810 
i 63	 299 	 297 
i 667	 780 	 701 
i 251	 501 	 590 
i 180	 130 	 151 
i 204	 823 	 824 
i 385	 967 	 963 
i 581	 179 	 154 
i 840	 754 	 746 
i 582	 764 	 735 
i 306	 980 	 939 
i 517	 788 	 759 
i 270	 336 	 241 
i 709	 430 	 385 
i 731	 383 	 374 
i 532	 924 	 955 
i 495	 484 	 392 
i 572	 913 	 938 
i 296	 360 	 353 
i 32	 771 	 680 
i 10	 202 	 172 
i 771	 466 	 540 
i 26	 785 	 713 
i 385	 808 	 877 
i 691	 165 	 181 
i 606	 570 	 492 
i 26	 267 	 288 
i 929	 307 	 242 
i 209	 863 	 858 
i 952	 388 	 389 
i 56	 430 	 433 
i 455	 743 	 700 
i 214	 628 	 590 
i 997	 752 	 791 
i 59	 619 	 596 
i 576	 246 	 345 
i 752	 346 	 250 
i 972	 887 	 977 
i 819	 158 	 89 
i 131	 580 	 502 
i 489	 142 	 75 
i 201	 601 	 625 
i 783	 857 	 923 
i 505	 247 	 313 
i 77	 868 	 946 
i 229	 325 	 318 
i 494	 321 	 265 
i 367	 340 	 278 
i 420	 296 	 198 
i 948	 437 	 365 
i 984	 537 	 563 
i 536	 685 	 751 
i 376	 349 	 372 
i 529	 202 	 126 
i 381	 942 	 881 
i 622	 846 	 831 
i 859	 373 	 457 
i 117	 569 	 526 
i 325	 741 	 782 
i 693	 752 	 783 
i 173	 879 	 906 
i 818	 552 	 487 
i 87	 404 	 414 
i 189	 952 	 868 
i 125	 170 	 162 
i 952	 346 	 262 
i 248	 725 	 813 
i 764	 654 	 566 
i 474	 909 	 886 
i 196	 649 	 564 
i 60	 342 	 292 
i 556	 911 	 824 
i 886	 178 	 109 
i 832	 668 	 637 
i 900	 740 	 733 
i 166	 261 	 245 
i 856	 336 	 370 
i 468	 286 	 272 
i 366	 339 	 420 
i 971	 682 	 602 
i 232	 751 	 683 
i 132	 975 	 1019 
i 208	 147 	 168 
i 834	 286 	 273 
i 542	 593 	 560 
i 711	 122 	 122 
i 965	 497 	 469 
i 163	 205 	 270 
i 420	 591 	 530 
i 62	 510 	 443 
i 783	 602 	 581 
i 755	 748 	 754 
i 796	 499 	 546 
i 994	 149 	 163 
i 537	 540 	 462 
i 550	 841 	 906 
i 984	 401 	 459 
i 91	 723 	 813 
i 631	 571 	 545 
i 81	 744 	 731 
i 634	 893 	 836 
i 351	 358 	 452 
i 787	 830 	 883 
i 830	 597 	 649 
i 314	 217 	 177 
i 136	 318 	 387 
i 463	 164 	 230 
i 151	 868 	 953 
i 669	 827 	 838 
i 382	 270 	 297 
i 262	 657 	 611 
i 540	 851 	 875 
i 349	 827 	 808 
i 895	 622 	 569 
i 15	 412 	 422 
i 249	 679 	 716 
i 309	 545 	 475 
i 161	 398 	 358 
i 966	 332 	 426 
i 146	 827 	 797 
i 760	 504 	 526 
i 593	 745 	 675 
i 399	 409 	 409 
i 974	 773 	 752 
i 313	 986 	 968 
i 952	 589 	 621 
i 441	 312 	 406 
i 764	 447 	 373 
i 14	 716 	 635 
i 819	 691 	 639 
i 262	 116 	 16 
i 975	 662 	 681 
i 312	 799 	 898 
i 57	 357 	 450 
i 42	 711 	 667 
i 579	 190 	 136 
i 806	 778 	 813 
i 185	 753 	 740 
i 866	 870 	 860 
i 519	 957 	 911 
i 524	 284 	 290 
i 145	 287 	 288 
i 919	 818 	 882 
i 197	 814 	 889 
i 873	 787 	 870 
i 962	 149 	 148 
i 713	 357 	 317 
i 436	 958 	 955 
i 290	 460 	 431 
i 242	 863 	 937 
i 437	 216 	 195 
i 635	 691 	 699 
i 431	 255 	 247 
i 223	 986 	 1017 
i 983	 877 	 883 
i 27	 804 	 802 
i 304	 358 	 299 
i 258	 628 	 656 
i 651	 174 	 260 
i 497	 490 	 424 
i 616	 377 	 399 
i 270	 731 	 680 
i 433	 324 	 359 
i 417	 735 	 814 
i 279	 432 	 508 
i 60	 904 	 985 
i 338	 454 	 396 
i 919	 639 	 633 
i 991	 322 	 246 
i 418	 262 	 285 
i 718	 417 	 363 
i 417	 960 	 960 
i 657	 290 	 377 
i 360	 893 	 863 
i 721	 804 	 830 
i 614	 699 	 737 
i 1	 618 	 523 
i 595	 808 	 897 
i 833	 337 	 425 
i 4	 445 	 416 
i 349	 995 	 910 
i 305	 315 	 313 
i 508	 764 	 694 
i 388	 708 	 710 
i 167	 134 	 80 
i 829	 696 	 765 
i 401	 422 	 491 
i 186	 448 	 436 
i 441	 403 	 358 
i 817	 351 	 306 
i 812	 670 	 695 
i 43	 739 	 825 
i 777	 289 	 277 
i 449	 424 	 489 
i 475	 878 	 977 
i 135	 196 	 260 
i 485	 948 	 893 
i 865	 812 	 794 
i 195	 316 	 386 
i 465	 561 	 594 
i 94	 810 	 806 
i 800	 479 	 483 
i 2	 420 	 380 
i 353	 812 	 862 
i 217	 660 	 605 
i 313	 656 	 628 
i 255	 500 	 569 
i 44	 701 	 743 
i 276	 177 	 257 
i 782	 934 	 907 
i 569	 639 	 631 
i 983	 178 	 130 
i 332	 643 	 595 
i 122	 911 	 934 
i 739	 689 	 755 
i 353	 889 	 818 
i 791	 320 	 300 
i 455	 183 	 172 
i 530	 814 	 858 
i 456	 729 	 729 
i 51	 169 	 83 
i 126	 581 	 492 
i 725	 815 	 792 
i 625	 162 	 163 
i 275	 711 	 660 
i 152	 564 	 584 
i 387	 695 	 673 
i 469	 163 	 232 
i 260	 559 	 534 
i 955	 311 	 377 
i 22	 758 	 834 
i 550	 822 	 723 
i 343	 872 	 918 
i 400	 327 	 298 
c
c
W 747474
c end of file