c Instance Type c
c
n 3000
c w	 v1	 v2
i 982	 833 	 810 
i 15	 615 	 517 
i 778	 352 	 391 
i 835	 745 	 784 
i 421	 572 	 478 
i 317	 182 	 156 
i 130	 191 	 151 
i 148	 914 	 851 
i 809	 469 	 508 
i 593	 221 	 304 
i 406	 209 	 288 
i 973	 552 	 634 
i 246	 562 	 600 
i 958	 291 	 296 
i 478	 913 	 1002 
i 558	 941 	 893 
i 649	 381 	 359 
i 553	 652 	 660 
i 956	 818 	 788 
i 81	 550 	 638 
i 192	 476 	 446 
i 688	 387 	 351 
i 196	 310 	 324 
i 399	 925 	 930 
i 301	 505 	 406 
i 236	 458 	 471 
i 540	 694 	 636 
i 150	 155 	 208 
i 945	 637 	 681 
i 439	 949 	 1009 
i 850	 900 	 999 
i 162	 323 	 359 
i 386	 611 	 686 
i 303	 229 	 184 
i 746	 699 	 714 
i 138	 705 	 767 
i 794	 319 	 289 
i 844	 509 	 509 
i 436	 301 	 290 
i 380	 944 	 1021 
i 268	 770 	 817 
i 507	 766 	 846 
i 70	 485 	 442 
i 203	 377 	 394 
i 865	 624 	 591 
i 534	 250 	 244 
i 768	 973 	 926 
i 216	 399 	 321 
i 431	 847 	 856 
i 368	 357 	 442 
i 110	 258 	 197 
i 847	 915 	 955 
i 269	 826 	 880 
i 569	 192 	 286 
i 147	 716 	 784 
i 303	 125 	 99 
i 274	 547 	 475 
i 598	 785 	 756 
i 427	 884 	 941 
i 705	 482 	 413 
i 870	 418 	 371 
i 775	 591 	 514 
i 580	 326 	 302 
i 671	 123 	 213 
i 352	 989 	 908 
i 368	 847 	 827 
i 858	 291 	 326 
i 617	 419 	 373 
i 487	 738 	 778 
i 905	 551 	 532 
i 251	 691 	 646 
i 791	 929 	 839 
i 34	 143 	 169 
i 48	 484 	 444 
i 37	 442 	 472 
i 865	 530 	 434 
i 69	 888 	 964 
i 415	 600 	 599 
i 121	 844 	 941 
i 616	 579 	 657 
i 270	 940 	 868 
i 191	 297 	 383 
i 227	 344 	 437 
i 647	 905 	 808 
i 21	 285 	 195 
i 492	 867 	 950 
i 367	 888 	 985 
i 917	 782 	 762 
i 742	 337 	 341 
i 270	 324 	 251 
i 203	 228 	 209 
i 413	 354 	 373 
i 675	 295 	 360 
i 569	 266 	 260 
i 766	 280 	 278 
i 617	 326 	 422 
i 492	 252 	 222 
i 247	 239 	 192 
i 502	 595 	 497 
i 742	 170 	 126 
i 874	 292 	 288 
i 149	 654 	 733 
i 356	 297 	 311 
i 532	 141 	 69 
i 722	 562 	 643 
i 964	 111 	 116 
i 124	 986 	 889 
i 268	 410 	 362 
i 813	 649 	 702 
i 880	 659 	 660 
i 85	 909 	 885 
i 696	 450 	 456 
i 905	 359 	 436 
i 940	 867 	 850 
i 448	 994 	 922 
i 448	 912 	 833 
i 433	 490 	 435 
i 769	 506 	 505 
i 375	 741 	 703 
i 991	 533 	 471 
i 890	 985 	 939 
i 272	 436 	 530 
i 551	 909 	 984 
i 403	 809 	 872 
i 396	 293 	 246 
i 298	 418 	 460 
i 725	 512 	 441 
i 170	 716 	 799 
i 878	 269 	 227 
i 354	 545 	 501 
i 337	 714 	 648 
i 704	 958 	 946 
i 602	 932 	 1031 
i 388	 823 	 802 
i 593	 661 	 719 
i 939	 897 	 815 
i 391	 642 	 705 
i 72	 772 	 869 
i 250	 697 	 769 
i 738	 956 	 899 
i 418	 319 	 330 
i 371	 472 	 423 
i 296	 868 	 940 
i 97	 864 	 813 
i 716	 329 	 397 
i 600	 146 	 202 
i 198	 228 	 162 
i 941	 954 	 902 
i 602	 941 	 939 
i 553	 821 	 767 
i 787	 125 	 154 
i 195	 619 	 523 
i 47	 849 	 812 
i 894	 726 	 708 
i 140	 947 	 872 
i 180	 806 	 851 
i 312	 611 	 696 
i 261	 763 	 836 
i 195	 980 	 974 
i 993	 530 	 434 
i 11	 736 	 798 
i 583	 425 	 326 
i 414	 443 	 353 
i 107	 725 	 814 
i 48	 204 	 121 
i 830	 319 	 272 
i 393	 968 	 983 
i 128	 903 	 970 
i 106	 787 	 693 
i 577	 317 	 222 
i 281	 338 	 245 
i 634	 171 	 195 
i 8	 177 	 84 
i 699	 224 	 152 
i 804	 177 	 114 
i 39	 254 	 157 
i 3	 491 	 473 
i 894	 116 	 123 
i 655	 862 	 891 
i 886	 893 	 837 
i 143	 917 	 917 
i 212	 952 	 879 
i 286	 615 	 543 
i 414	 647 	 715 
i 488	 773 	 802 
i 649	 941 	 978 
i 77	 958 	 995 
i 84	 436 	 452 
i 928	 916 	 863 
i 808	 600 	 524 
i 716	 797 	 750 
i 662	 355 	 350 
i 231	 475 	 527 
i 834	 603 	 538 
i 579	 463 	 496 
i 513	 149 	 111 
i 467	 759 	 737 
i 832	 482 	 476 
i 738	 111 	 91 
i 289	 322 	 264 
i 62	 432 	 517 
i 336	 669 	 687 
i 746	 204 	 268 
i 301	 884 	 914 
i 697	 153 	 99 
i 741	 745 	 794 
i 471	 136 	 78 
i 888	 484 	 393 
i 888	 906 	 962 
i 126	 375 	 289 
i 487	 564 	 490 
i 115	 499 	 493 
i 221	 135 	 78 
i 91	 865 	 868 
i 138	 558 	 500 
i 851	 766 	 857 
i 879	 541 	 526 
i 300	 732 	 694 
i 194	 773 	 713 
i 492	 582 	 547 
i 2	 647 	 710 
i 439	 767 	 853 
i 467	 296 	 226 
i 316	 489 	 437 
i 819	 949 	 924 
i 557	 251 	 197 
i 42	 212 	 133 
i 740	 591 	 572 
i 485	 871 	 891 
i 16	 162 	 81 
i 618	 455 	 374 
i 357	 291 	 298 
i 565	 229 	 129 
i 990	 364 	 327 
i 933	 579 	 506 
i 92	 916 	 954 
i 206	 232 	 279 
i 746	 330 	 325 
i 601	 693 	 785 
i 659	 341 	 436 
i 47	 425 	 443 
i 250	 511 	 601 
i 383	 987 	 990 
i 668	 990 	 991 
i 195	 383 	 371 
i 101	 505 	 511 
i 237	 233 	 280 
i 483	 886 	 882 
i 140	 420 	 336 
i 398	 384 	 432 
i 752	 363 	 420 
i 203	 890 	 797 
i 190	 846 	 830 
i 179	 415 	 333 
i 485	 865 	 821 
i 929	 367 	 344 
i 67	 840 	 864 
i 939	 607 	 528 
i 288	 147 	 96 
i 595	 222 	 250 
i 879	 883 	 862 
i 756	 696 	 715 
i 584	 730 	 787 
i 926	 217 	 310 
i 775	 297 	 287 
i 65	 550 	 526 
i 885	 893 	 882 
i 443	 557 	 534 
i 484	 651 	 686 
i 609	 869 	 823 
i 478	 552 	 481 
i 137	 904 	 985 
i 834	 547 	 544 
i 953	 359 	 342 
i 164	 330 	 268 
i 658	 732 	 683 
i 538	 182 	 110 
i 41	 580 	 596 
i 648	 925 	 838 
i 502	 636 	 671 
i 998	 877 	 808 
i 890	 121 	 79 
i 382	 926 	 851 
i 662	 473 	 389 
i 908	 842 	 790 
i 607	 124 	 204 
i 688	 351 	 338 
i 217	 476 	 471 
i 133	 994 	 919 
i 724	 165 	 190 
i 587	 767 	 792 
i 598	 906 	 909 
i 516	 276 	 356 
i 923	 389 	 401 
i 747	 460 	 454 
i 761	 676 	 591 
i 32	 588 	 641 
i 443	 979 	 1075 
i 437	 515 	 438 
i 498	 629 	 696 
i 238	 299 	 284 
i 132	 857 	 761 
i 318	 429 	 437 
i 631	 340 	 332 
i 24	 840 	 782 
i 660	 369 	 463 
i 198	 438 	 338 
i 175	 230 	 219 
i 630	 214 	 290 
i 213	 317 	 293 
i 425	 174 	 197 
i 264	 553 	 603 
i 622	 576 	 489 
i 880	 168 	 208 
i 700	 581 	 625 
i 990	 769 	 745 
i 360	 745 	 761 
i 494	 750 	 801 
i 611	 259 	 236 
i 842	 156 	 175 
i 914	 496 	 400 
i 413	 158 	 115 
i 936	 826 	 907 
i 1	 888 	 945 
i 530	 622 	 619 
i 271	 377 	 373 
i 985	 719 	 786 
i 704	 348 	 314 
i 870	 132 	 220 
i 921	 476 	 533 
i 355	 119 	 159 
i 409	 140 	 62 
i 214	 396 	 306 
i 89	 316 	 226 
i 663	 129 	 145 
i 963	 564 	 634 
i 648	 991 	 1058 
i 914	 849 	 857 
i 938	 257 	 239 
i 350	 207 	 173 
i 359	 907 	 945 
i 393	 642 	 561 
i 714	 744 	 706 
i 944	 789 	 769 
i 964	 835 	 748 
i 475	 464 	 369 
i 466	 333 	 368 
i 296	 189 	 207 
i 460	 671 	 676 
i 569	 149 	 224 
i 465	 447 	 394 
i 63	 171 	 197 
i 775	 259 	 227 
i 539	 538 	 495 
i 354	 895 	 845 
i 751	 952 	 997 
i 2	 978 	 916 
i 90	 689 	 687 
i 719	 326 	 416 
i 763	 796 	 800 
i 142	 689 	 786 
i 210	 901 	 810 
i 378	 573 	 637 
i 858	 879 	 851 
i 740	 248 	 291 
i 687	 474 	 467 
i 662	 233 	 226 
i 314	 406 	 417 
i 555	 842 	 797 
i 327	 799 	 707 
i 977	 372 	 308 
i 866	 359 	 337 
i 387	 402 	 455 
i 252	 245 	 270 
i 406	 567 	 540 
i 814	 315 	 225 
i 951	 730 	 773 
i 284	 258 	 163 
i 108	 753 	 770 
i 881	 111 	 193 
i 177	 147 	 225 
i 456	 309 	 360 
i 784	 657 	 585 
i 935	 452 	 431 
i 449	 121 	 181 
i 678	 447 	 470 
i 375	 496 	 509 
i 540	 243 	 313 
i 264	 270 	 361 
i 264	 790 	 858 
i 305	 713 	 616 
i 528	 615 	 609 
i 143	 399 	 350 
i 526	 527 	 465 
i 538	 879 	 907 
i 916	 703 	 666 
i 350	 361 	 399 
i 499	 866 	 812 
i 678	 735 	 734 
i 444	 699 	 751 
i 121	 558 	 471 
i 688	 574 	 592 
i 14	 995 	 1042 
i 482	 336 	 288 
i 346	 508 	 568 
i 13	 189 	 232 
i 295	 473 	 386 
i 145	 202 	 215 
i 847	 411 	 359 
i 509	 854 	 891 
i 12	 643 	 704 
i 533	 702 	 701 
i 528	 342 	 344 
i 781	 997 	 1095 
i 229	 342 	 309 
i 317	 165 	 135 
i 725	 803 	 832 
i 828	 862 	 920 
i 166	 476 	 503 
i 3	 694 	 623 
i 601	 417 	 348 
i 267	 247 	 285 
i 527	 689 	 632 
i 525	 254 	 154 
i 785	 247 	 192 
i 846	 548 	 557 
i 625	 860 	 814 
i 470	 546 	 466 
i 881	 359 	 312 
i 538	 926 	 879 
i 882	 167 	 240 
i 36	 307 	 234 
i 687	 921 	 953 
i 848	 227 	 164 
i 3	 228 	 322 
i 495	 433 	 496 
i 339	 918 	 906 
i 827	 271 	 353 
i 108	 360 	 419 
i 25	 597 	 563 
i 89	 836 	 779 
i 309	 720 	 670 
i 222	 841 	 928 
i 353	 542 	 599 
i 486	 710 	 767 
i 847	 686 	 642 
i 756	 525 	 549 
i 937	 920 	 910 
i 219	 843 	 854 
i 765	 661 	 677 
i 581	 957 	 991 
i 267	 260 	 356 
i 89	 484 	 424 
i 575	 429 	 439 
i 249	 240 	 148 
i 895	 942 	 1019 
i 362	 305 	 333 
i 272	 859 	 875 
i 97	 371 	 431 
i 716	 867 	 880 
i 668	 496 	 425 
i 837	 204 	 186 
i 257	 187 	 187 
i 615	 366 	 281 
i 760	 860 	 825 
i 695	 895 	 839 
i 914	 796 	 812 
i 757	 480 	 551 
i 50	 998 	 1088 
i 900	 820 	 853 
i 335	 434 	 401 
i 440	 565 	 499 
i 526	 933 	 919 
i 813	 492 	 401 
i 656	 561 	 622 
i 539	 852 	 852 
i 310	 160 	 143 
i 726	 680 	 614 
i 724	 552 	 496 
i 522	 510 	 434 
i 886	 216 	 207 
i 398	 516 	 595 
i 323	 670 	 654 
i 752	 164 	 111 
i 259	 205 	 283 
i 93	 922 	 908 
i 149	 479 	 527 
i 789	 849 	 842 
i 286	 114 	 52 
i 736	 312 	 354 
i 854	 421 	 441 
i 310	 828 	 927 
i 939	 736 	 700 
i 1	 223 	 137 
i 107	 434 	 400 
i 20	 339 	 323 
i 434	 723 	 737 
i 265	 494 	 466 
i 269	 910 	 939 
i 495	 192 	 168 
i 844	 828 	 775 
i 651	 473 	 482 
i 355	 471 	 468 
i 482	 757 	 754 
i 845	 822 	 840 
i 103	 227 	 249 
i 791	 604 	 513 
i 223	 224 	 186 
i 123	 546 	 562 
i 215	 232 	 147 
i 22	 573 	 657 
i 429	 784 	 798 
i 834	 381 	 466 
i 562	 814 	 795 
i 362	 359 	 310 
i 493	 887 	 858 
i 49	 545 	 474 
i 177	 588 	 562 
i 665	 867 	 865 
i 802	 496 	 537 
i 322	 566 	 612 
i 80	 496 	 428 
i 384	 117 	 216 
i 176	 942 	 953 
i 454	 417 	 500 
i 329	 644 	 626 
i 817	 962 	 953 
i 355	 206 	 233 
i 206	 537 	 497 
i 640	 977 	 897 
i 152	 719 	 704 
i 586	 480 	 480 
i 593	 623 	 700 
i 528	 618 	 530 
i 872	 224 	 227 
i 473	 152 	 221 
i 431	 517 	 549 
i 538	 926 	 829 
i 18	 602 	 546 
i 992	 870 	 942 
i 677	 962 	 865 
i 93	 451 	 471 
i 668	 900 	 838 
i 240	 801 	 845 
i 368	 858 	 876 
i 414	 430 	 343 
i 871	 294 	 293 
i 788	 883 	 790 
i 341	 899 	 809 
i 196	 209 	 118 
i 154	 977 	 1021 
i 537	 991 	 1054 
i 425	 637 	 633 
i 203	 810 	 854 
i 44	 563 	 481 
i 403	 203 	 204 
i 609	 263 	 238 
i 479	 705 	 638 
i 366	 737 	 738 
i 477	 786 	 826 
i 452	 827 	 898 
i 443	 581 	 559 
i 35	 418 	 481 
i 821	 848 	 752 
i 330	 603 	 515 
i 434	 685 	 678 
i 605	 245 	 160 
i 274	 581 	 592 
i 979	 728 	 812 
i 738	 289 	 268 
i 544	 914 	 984 
i 74	 786 	 744 
i 419	 246 	 211 
i 249	 973 	 902 
i 803	 991 	 986 
i 449	 159 	 241 
i 601	 575 	 578 
i 130	 643 	 701 
i 824	 247 	 300 
i 26	 177 	 178 
i 929	 532 	 442 
i 688	 399 	 324 
i 840	 659 	 668 
i 810	 950 	 1008 
i 800	 193 	 212 
i 855	 619 	 528 
i 378	 540 	 569 
i 976	 111 	 166 
i 131	 814 	 834 
i 206	 609 	 634 
i 679	 172 	 183 
i 4	 218 	 166 
i 620	 330 	 247 
i 565	 814 	 893 
i 658	 632 	 671 
i 230	 274 	 284 
i 713	 316 	 401 
i 713	 892 	 973 
i 505	 694 	 601 
i 66	 340 	 288 
i 135	 897 	 981 
i 255	 503 	 587 
i 502	 721 	 730 
i 294	 796 	 718 
i 880	 704 	 757 
i 64	 434 	 533 
i 295	 924 	 966 
i 174	 861 	 845 
i 830	 778 	 863 
i 88	 810 	 909 
i 973	 136 	 61 
i 415	 955 	 931 
i 101	 889 	 966 
i 872	 485 	 421 
i 539	 583 	 495 
i 902	 377 	 301 
i 818	 376 	 359 
i 663	 119 	 137 
i 413	 497 	 481 
i 201	 435 	 437 
i 230	 430 	 426 
i 180	 546 	 625 
i 56	 888 	 987 
i 476	 787 	 861 
i 8	 947 	 929 
i 308	 111 	 73 
i 606	 222 	 148 
i 616	 594 	 652 
i 51	 232 	 173 
i 415	 608 	 589 
i 775	 173 	 200 
i 265	 604 	 667 
i 139	 513 	 587 
i 899	 513 	 482 
i 840	 398 	 369 
i 841	 764 	 796 
i 965	 153 	 107 
i 510	 270 	 347 
i 647	 976 	 1063 
i 207	 272 	 242 
i 277	 634 	 559 
i 831	 312 	 290 
i 285	 149 	 155 
i 737	 925 	 911 
i 61	 346 	 300 
i 795	 663 	 585 
i 843	 365 	 280 
i 24	 606 	 623 
i 996	 506 	 452 
i 179	 451 	 439 
i 767	 765 	 808 
i 993	 880 	 889 
i 38	 340 	 406 
i 953	 813 	 827 
i 219	 308 	 334 
i 840	 549 	 534 
i 127	 649 	 603 
i 683	 718 	 676 
i 129	 352 	 310 
i 511	 561 	 554 
i 248	 953 	 900 
i 113	 703 	 649 
i 371	 302 	 255 
i 162	 155 	 99 
i 384	 663 	 651 
i 877	 336 	 292 
i 483	 717 	 698 
i 166	 958 	 876 
i 438	 331 	 274 
i 943	 590 	 635 
i 891	 118 	 213 
i 557	 328 	 245 
i 773	 534 	 526 
i 823	 772 	 796 
i 445	 970 	 871 
i 699	 472 	 548 
i 381	 722 	 695 
i 335	 195 	 201 
i 582	 276 	 370 
i 122	 470 	 552 
i 130	 230 	 291 
i 375	 210 	 182 
i 850	 289 	 216 
i 595	 699 	 790 
i 561	 364 	 344 
i 968	 370 	 290 
i 656	 267 	 264 
i 751	 593 	 657 
i 936	 178 	 158 
i 341	 152 	 156 
i 476	 965 	 995 
i 587	 792 	 697 
i 788	 226 	 301 
i 451	 347 	 341 
i 736	 311 	 218 
i 28	 672 	 572 
i 205	 764 	 795 
i 747	 307 	 289 
i 824	 147 	 116 
i 870	 505 	 542 
i 831	 971 	 903 
i 598	 663 	 713 
i 728	 688 	 696 
i 994	 581 	 679 
i 221	 113 	 158 
i 851	 144 	 194 
i 587	 148 	 239 
i 807	 734 	 775 
i 849	 210 	 216 
i 293	 520 	 500 
i 261	 243 	 189 
i 883	 389 	 455 
i 533	 169 	 180 
i 63	 649 	 659 
i 66	 641 	 695 
i 104	 397 	 421 
i 145	 179 	 121 
i 846	 142 	 45 
i 959	 770 	 843 
i 419	 353 	 285 
i 568	 709 	 693 
i 882	 916 	 877 
i 947	 765 	 832 
i 553	 373 	 453 
i 150	 864 	 957 
i 472	 663 	 576 
i 549	 329 	 271 
i 585	 517 	 429 
i 327	 534 	 438 
i 600	 417 	 404 
i 274	 561 	 462 
i 180	 936 	 1013 
i 916	 319 	 386 
i 211	 175 	 153 
i 60	 976 	 984 
i 680	 946 	 848 
i 926	 118 	 130 
i 384	 309 	 238 
i 860	 363 	 357 
i 205	 381 	 295 
i 711	 771 	 740 
i 640	 778 	 783 
i 874	 680 	 668 
i 947	 536 	 566 
i 920	 883 	 925 
i 860	 475 	 453 
i 869	 486 	 449 
i 93	 985 	 1025 
i 376	 226 	 238 
i 680	 647 	 700 
i 424	 711 	 706 
i 175	 131 	 54 
i 816	 598 	 696 
i 295	 991 	 1079 
i 164	 683 	 755 
i 574	 427 	 471 
i 995	 776 	 794 
i 979	 171 	 207 
i 110	 795 	 706 
i 712	 406 	 453 
i 388	 200 	 132 
i 411	 626 	 593 
i 959	 732 	 663 
i 949	 726 	 715 
i 593	 673 	 695 
i 949	 550 	 487 
i 698	 303 	 239 
i 765	 829 	 761 
i 536	 547 	 501 
i 868	 600 	 696 
i 969	 369 	 343 
i 549	 515 	 571 
i 248	 816 	 864 
i 939	 954 	 992 
i 573	 465 	 422 
i 68	 122 	 68 
i 285	 289 	 375 
i 93	 452 	 491 
i 584	 598 	 544 
i 135	 840 	 760 
i 426	 826 	 740 
i 880	 268 	 292 
i 674	 965 	 1038 
i 623	 736 	 797 
i 22	 462 	 437 
i 35	 716 	 705 
i 235	 925 	 971 
i 619	 865 	 930 
i 168	 597 	 578 
i 988	 805 	 813 
i 793	 896 	 989 
i 970	 960 	 1029 
i 931	 623 	 627 
i 635	 505 	 434 
i 31	 333 	 266 
i 711	 671 	 611 
i 627	 180 	 167 
i 476	 831 	 742 
i 24	 675 	 619 
i 804	 150 	 92 
i 688	 633 	 534 
i 644	 606 	 701 
i 221	 472 	 553 
i 664	 937 	 945 
i 914	 178 	 192 
i 545	 327 	 283 
i 623	 506 	 588 
i 433	 894 	 871 
i 69	 944 	 926 
i 114	 254 	 197 
i 701	 443 	 524 
i 259	 447 	 456 
i 665	 426 	 479 
i 595	 344 	 330 
i 670	 826 	 795 
i 913	 447 	 525 
i 359	 700 	 703 
i 241	 622 	 711 
i 179	 967 	 870 
i 340	 444 	 370 
i 714	 637 	 703 
i 93	 553 	 471 
i 448	 152 	 203 
i 710	 836 	 806 
i 515	 332 	 236 
i 892	 642 	 728 
i 555	 546 	 504 
i 131	 115 	 121 
i 95	 959 	 1001 
i 470	 974 	 884 
i 63	 202 	 255 
i 560	 941 	 1012 
i 606	 132 	 93 
i 423	 804 	 707 
i 672	 226 	 232 
i 270	 245 	 229 
i 759	 187 	 282 
i 765	 448 	 370 
i 719	 922 	 862 
i 691	 666 	 701 
i 793	 712 	 759 
i 728	 504 	 463 
i 752	 379 	 459 
i 533	 652 	 617 
i 663	 667 	 766 
i 814	 251 	 204 
i 900	 628 	 533 
i 280	 610 	 668 
i 193	 708 	 710 
i 817	 890 	 830 
i 495	 601 	 700 
i 937	 368 	 412 
i 240	 632 	 627 
i 849	 546 	 447 
i 476	 836 	 870 
i 634	 834 	 831 
i 216	 183 	 160 
i 777	 207 	 240 
i 449	 911 	 982 
i 325	 477 	 512 
i 877	 658 	 592 
i 167	 654 	 575 
i 753	 409 	 379 
i 243	 833 	 772 
i 59	 841 	 876 
i 872	 550 	 511 
i 953	 983 	 987 
i 62	 438 	 398 
i 962	 142 	 192 
i 375	 907 	 822 
i 990	 620 	 710 
i 602	 773 	 696 
i 937	 871 	 945 
i 750	 293 	 215 
i 573	 470 	 404 
i 68	 182 	 90 
i 49	 457 	 556 
i 417	 923 	 834 
i 453	 302 	 206 
i 349	 969 	 948 
i 922	 147 	 124 
i 667	 994 	 1091 
i 523	 210 	 295 
i 728	 985 	 1020 
i 133	 198 	 147 
i 214	 351 	 314 
i 603	 391 	 364 
i 517	 389 	 445 
i 733	 442 	 389 
i 699	 461 	 478 
i 740	 813 	 814 
i 734	 268 	 203 
i 846	 258 	 297 
i 829	 193 	 178 
i 927	 795 	 806 
i 199	 128 	 182 
i 514	 410 	 385 
i 826	 735 	 813 
i 200	 542 	 567 
i 593	 753 	 718 
i 384	 384 	 297 
i 562	 835 	 894 
i 728	 991 	 1020 
i 820	 723 	 718 
i 591	 212 	 192 
i 611	 709 	 729 
i 948	 507 	 430 
i 651	 840 	 928 
i 137	 745 	 673 
i 859	 412 	 458 
i 167	 702 	 625 
i 981	 760 	 796 
i 972	 582 	 563 
i 661	 267 	 212 
i 776	 690 	 753 
i 450	 159 	 145 
i 895	 694 	 669 
i 716	 797 	 702 
i 430	 745 	 678 
i 769	 871 	 776 
i 435	 635 	 573 
i 165	 740 	 674 
i 695	 456 	 385 
i 871	 819 	 880 
i 523	 134 	 150 
i 578	 863 	 769 
i 235	 357 	 442 
i 7	 693 	 721 
i 720	 720 	 634 
i 575	 867 	 935 
i 165	 890 	 845 
i 873	 171 	 159 
i 263	 326 	 253 
i 60	 456 	 358 
i 86	 284 	 290 
i 932	 803 	 725 
i 209	 832 	 801 
i 864	 768 	 738 
i 549	 452 	 366 
i 401	 518 	 547 
i 278	 380 	 442 
i 346	 627 	 664 
i 588	 133 	 222 
i 976	 257 	 158 
i 172	 266 	 184 
i 950	 740 	 645 
i 762	 839 	 786 
i 501	 258 	 177 
i 885	 571 	 600 
i 344	 635 	 544 
i 646	 322 	 287 
i 228	 155 	 189 
i 253	 766 	 718 
i 417	 720 	 667 
i 592	 728 	 709 
i 300	 812 	 783 
i 120	 836 	 760 
i 286	 156 	 180 
i 803	 244 	 245 
i 393	 821 	 891 
i 631	 866 	 865 
i 681	 267 	 312 
i 419	 866 	 961 
i 105	 209 	 188 
i 799	 420 	 517 
i 588	 783 	 740 
i 404	 214 	 195 
i 455	 322 	 360 
i 605	 875 	 874 
i 405	 438 	 515 
i 254	 306 	 310 
i 431	 748 	 688 
i 281	 504 	 528 
i 391	 485 	 530 
i 739	 837 	 841 
i 496	 826 	 748 
i 612	 192 	 195 
i 849	 555 	 649 
i 709	 282 	 297 
i 78	 724 	 820 
i 298	 626 	 572 
i 15	 200 	 233 
i 458	 380 	 469 
i 879	 931 	 898 
i 696	 687 	 602 
i 501	 264 	 278 
i 593	 364 	 300 
i 93	 823 	 729 
i 286	 797 	 845 
i 975	 420 	 484 
i 555	 403 	 326 
i 655	 611 	 537 
i 958	 314 	 332 
i 881	 265 	 259 
i 530	 565 	 498 
i 703	 632 	 665 
i 988	 251 	 203 
i 789	 414 	 384 
i 561	 443 	 471 
i 908	 214 	 237 
i 238	 943 	 877 
i 800	 158 	 223 
i 30	 276 	 332 
i 204	 801 	 834 
i 714	 330 	 269 
i 301	 478 	 557 
i 458	 183 	 260 
i 799	 415 	 450 
i 174	 730 	 677 
i 290	 410 	 339 
i 226	 958 	 934 
i 280	 221 	 157 
i 466	 956 	 898 
i 243	 765 	 748 
i 490	 468 	 394 
i 903	 643 	 629 
i 985	 553 	 630 
i 328	 454 	 491 
i 25	 166 	 238 
i 361	 377 	 307 
i 314	 508 	 483 
i 439	 849 	 880 
i 390	 124 	 48 
i 126	 313 	 286 
i 527	 684 	 755 
i 126	 800 	 851 
i 624	 295 	 343 
i 11	 196 	 110 
i 73	 808 	 727 
i 373	 686 	 677 
i 819	 820 	 874 
i 650	 267 	 209 
i 665	 851 	 871 
i 893	 960 	 1005 
i 538	 396 	 346 
i 314	 267 	 242 
i 521	 942 	 842 
i 618	 715 	 617 
i 403	 779 	 696 
i 50	 865 	 856 
i 848	 383 	 338 
i 24	 181 	 266 
i 856	 368 	 386 
i 811	 902 	 899 
i 133	 657 	 561 
i 309	 882 	 849 
i 245	 329 	 401 
i 924	 332 	 327 
i 677	 343 	 419 
i 525	 419 	 505 
i 832	 826 	 881 
i 911	 184 	 244 
i 202	 120 	 151 
i 92	 647 	 641 
i 706	 190 	 210 
i 574	 212 	 294 
i 820	 513 	 444 
i 70	 389 	 305 
i 331	 814 	 865 
i 678	 708 	 664 
i 484	 646 	 569 
i 567	 450 	 355 
i 577	 275 	 220 
i 182	 861 	 825 
i 271	 391 	 296 
i 386	 928 	 948 
i 838	 850 	 834 
i 152	 991 	 989 
i 942	 175 	 239 
i 614	 850 	 850 
i 217	 214 	 310 
i 598	 318 	 328 
i 782	 343 	 268 
i 626	 547 	 508 
i 941	 832 	 848 
i 860	 856 	 949 
i 693	 502 	 562 
i 683	 876 	 967 
i 755	 424 	 503 
i 587	 266 	 268 
i 703	 710 	 755 
i 935	 696 	 661 
i 198	 296 	 217 
i 688	 410 	 457 
i 500	 685 	 720 
i 339	 312 	 319 
i 779	 282 	 228 
i 640	 997 	 1079 
i 992	 957 	 990 
i 168	 866 	 817 
i 842	 432 	 523 
i 501	 191 	 269 
i 710	 480 	 398 
i 47	 577 	 632 
i 693	 342 	 297 
i 919	 944 	 967 
i 112	 533 	 512 
i 109	 738 	 645 
i 62	 661 	 567 
i 911	 366 	 305 
i 273	 593 	 501 
i 363	 556 	 564 
i 779	 461 	 411 
i 304	 542 	 501 
i 564	 346 	 444 
i 501	 594 	 676 
i 976	 255 	 159 
i 682	 608 	 534 
i 301	 641 	 579 
i 588	 668 	 588 
i 131	 844 	 819 
i 631	 880 	 927 
i 26	 472 	 475 
i 511	 695 	 759 
i 776	 960 	 937 
i 321	 952 	 1029 
i 483	 873 	 946 
i 43	 893 	 902 
i 639	 121 	 190 
i 267	 292 	 279 
i 92	 384 	 397 
i 957	 719 	 658 
i 364	 487 	 431 
i 22	 949 	 995 
i 977	 792 	 794 
i 924	 247 	 313 
i 781	 149 	 111 
i 661	 918 	 889 
i 672	 515 	 614 
i 876	 379 	 331 
i 184	 767 	 737 
i 868	 381 	 343 
i 292	 556 	 591 
i 236	 755 	 794 
i 2	 519 	 553 
i 156	 973 	 992 
i 199	 823 	 798 
i 107	 213 	 121 
i 561	 530 	 572 
i 863	 527 	 544 
i 602	 760 	 814 
i 905	 186 	 214 
i 407	 463 	 549 
i 132	 175 	 108 
i 591	 794 	 728 
i 561	 504 	 469 
i 362	 146 	 150 
i 477	 483 	 509 
i 949	 519 	 457 
i 417	 264 	 175 
i 148	 788 	 819 
i 233	 586 	 598 
i 630	 267 	 361 
i 702	 208 	 128 
i 471	 358 	 396 
i 913	 510 	 460 
i 954	 800 	 823 
i 374	 377 	 295 
i 833	 937 	 845 
i 6	 218 	 209 
i 767	 268 	 289 
i 303	 852 	 920 
i 479	 463 	 457 
i 589	 437 	 371 
i 868	 528 	 556 
i 317	 255 	 266 
i 93	 482 	 484 
i 392	 141 	 218 
i 321	 224 	 267 
i 443	 262 	 306 
i 619	 671 	 669 
i 454	 322 	 381 
i 850	 180 	 134 
i 218	 598 	 670 
i 687	 752 	 798 
i 850	 436 	 345 
i 268	 932 	 860 
i 302	 498 	 504 
i 429	 396 	 466 
i 600	 146 	 105 
i 230	 791 	 874 
i 467	 339 	 312 
i 545	 157 	 101 
i 95	 401 	 388 
i 816	 280 	 205 
i 182	 930 	 1025 
i 106	 973 	 921 
i 542	 210 	 219 
i 863	 683 	 777 
i 903	 553 	 567 
i 668	 817 	 877 
i 925	 742 	 696 
i 977	 182 	 245 
i 305	 378 	 460 
i 495	 768 	 813 
i 416	 879 	 960 
i 387	 858 	 760 
i 498	 186 	 197 
i 143	 670 	 653 
i 640	 648 	 612 
i 435	 270 	 368 
i 146	 984 	 1067 
i 226	 337 	 415 
i 527	 174 	 113 
i 267	 984 	 1022 
i 132	 741 	 663 
i 972	 660 	 659 
i 57	 673 	 772 
i 686	 278 	 205 
i 291	 651 	 706 
i 470	 938 	 880 
i 453	 930 	 901 
i 707	 856 	 872 
i 779	 762 	 684 
i 761	 939 	 914 
i 470	 667 	 668 
i 89	 764 	 760 
i 721	 317 	 324 
i 909	 313 	 257 
i 517	 435 	 438 
i 447	 237 	 334 
i 369	 426 	 413 
i 207	 745 	 674 
i 939	 376 	 461 
i 871	 475 	 512 
i 497	 811 	 742 
i 232	 375 	 323 
i 464	 804 	 897 
i 691	 393 	 468 
i 57	 593 	 571 
i 200	 163 	 230 
i 555	 150 	 91 
i 268	 541 	 524 
i 566	 671 	 641 
i 976	 605 	 550 
i 765	 326 	 370 
i 63	 465 	 555 
i 842	 683 	 666 
i 161	 653 	 575 
i 704	 542 	 475 
i 762	 891 	 864 
i 807	 748 	 832 
i 292	 933 	 870 
i 922	 414 	 465 
i 478	 729 	 775 
i 720	 930 	 929 
i 120	 683 	 694 
i 763	 642 	 622 
i 373	 126 	 138 
i 858	 224 	 177 
i 735	 373 	 278 
i 453	 698 	 765 
i 379	 628 	 553 
i 719	 796 	 706 
i 415	 579 	 584 
i 336	 340 	 289 
i 980	 782 	 755 
i 578	 391 	 317 
i 596	 748 	 748 
i 723	 360 	 332 
i 19	 597 	 516 
i 679	 623 	 633 
i 261	 478 	 563 
i 32	 592 	 621 
i 558	 637 	 549 
i 817	 218 	 197 
i 573	 438 	 413 
i 887	 765 	 856 
i 605	 882 	 892 
i 885	 441 	 396 
i 432	 763 	 721 
i 9	 850 	 944 
i 422	 450 	 396 
i 963	 387 	 340 
i 556	 963 	 1028 
i 676	 130 	 158 
i 46	 485 	 427 
i 781	 822 	 742 
i 649	 785 	 826 
i 21	 387 	 405 
i 753	 633 	 537 
i 585	 895 	 801 
i 966	 872 	 862 
i 278	 192 	 175 
i 237	 429 	 523 
i 259	 273 	 303 
i 680	 844 	 883 
i 480	 146 	 141 
i 239	 238 	 163 
i 550	 867 	 796 
i 138	 505 	 585 
i 21	 527 	 524 
i 877	 556 	 546 
i 969	 961 	 1006 
i 327	 444 	 537 
i 510	 421 	 365 
i 336	 999 	 1079 
i 376	 728 	 704 
i 519	 264 	 288 
i 369	 376 	 310 
i 812	 506 	 468 
i 281	 418 	 384 
i 781	 849 	 791 
i 738	 362 	 297 
i 113	 122 	 123 
i 461	 981 	 884 
i 461	 292 	 262 
i 156	 207 	 252 
i 329	 549 	 498 
i 627	 214 	 236 
i 73	 369 	 354 
i 418	 645 	 686 
i 249	 941 	 938 
i 531	 239 	 184 
i 544	 398 	 365 
i 523	 847 	 907 
i 727	 862 	 814 
i 835	 285 	 268 
i 329	 931 	 980 
i 446	 261 	 235 
i 736	 807 	 796 
i 338	 298 	 370 
i 272	 927 	 849 
i 416	 474 	 502 
i 739	 676 	 613 
i 568	 978 	 1020 
i 413	 802 	 789 
i 609	 146 	 100 
i 532	 518 	 538 
i 701	 292 	 201 
i 485	 625 	 681 
i 696	 133 	 57 
i 616	 901 	 879 
i 25	 112 	 174 
i 660	 684 	 693 
i 636	 851 	 774 
i 414	 594 	 600 
i 453	 984 	 911 
i 911	 338 	 372 
i 116	 873 	 847 
i 694	 917 	 988 
i 719	 725 	 736 
i 608	 835 	 769 
i 609	 297 	 236 
i 255	 129 	 200 
i 89	 617 	 615 
i 633	 722 	 803 
i 615	 304 	 275 
i 870	 428 	 382 
i 728	 136 	 113 
i 635	 468 	 384 
i 327	 343 	 402 
i 142	 837 	 818 
i 351	 989 	 892 
i 371	 273 	 227 
i 941	 145 	 117 
i 628	 583 	 681 
i 846	 499 	 520 
i 203	 818 	 813 
i 232	 169 	 110 
i 634	 512 	 580 
i 895	 584 	 517 
i 712	 406 	 367 
i 700	 769 	 801 
i 883	 784 	 690 
i 922	 137 	 231 
i 453	 458 	 478 
i 890	 452 	 441 
i 686	 992 	 1021 
i 751	 529 	 605 
i 204	 712 	 715 
i 736	 572 	 554 
i 69	 721 	 645 
i 809	 996 	 1060 
i 567	 694 	 735 
i 597	 722 	 747 
i 987	 698 	 614 
i 372	 343 	 437 
i 364	 740 	 771 
i 834	 429 	 411 
i 511	 324 	 346 
i 30	 783 	 753 
i 717	 260 	 243 
i 713	 370 	 315 
i 370	 214 	 273 
i 59	 843 	 821 
i 718	 514 	 489 
i 979	 588 	 638 
i 688	 564 	 487 
i 47	 261 	 350 
i 287	 627 	 619 
i 43	 284 	 282 
i 211	 595 	 536 
i 503	 968 	 1052 
i 620	 282 	 240 
i 444	 989 	 958 
i 897	 448 	 361 
i 434	 786 	 695 
i 944	 565 	 612 
i 115	 667 	 723 
i 695	 622 	 535 
i 889	 142 	 64 
i 435	 578 	 542 
i 400	 762 	 826 
i 593	 691 	 679 
i 581	 949 	 1026 
i 960	 370 	 427 
i 720	 429 	 372 
i 231	 471 	 403 
i 857	 235 	 190 
i 432	 930 	 1024 
i 468	 990 	 1062 
i 994	 199 	 158 
i 727	 485 	 524 
i 380	 329 	 287 
i 324	 725 	 799 
i 615	 625 	 691 
i 973	 435 	 445 
i 379	 630 	 686 
i 520	 777 	 805 
i 441	 136 	 50 
i 431	 114 	 122 
i 530	 882 	 889 
i 951	 259 	 211 
i 198	 881 	 909 
i 889	 251 	 344 
i 468	 138 	 154 
i 833	 878 	 889 
i 418	 481 	 567 
i 168	 290 	 280 
i 197	 860 	 939 
i 200	 926 	 891 
i 68	 519 	 590 
i 235	 995 	 1056 
i 102	 340 	 241 
i 260	 912 	 991 
i 290	 882 	 854 
i 154	 510 	 449 
i 571	 115 	 137 
i 772	 946 	 1002 
i 615	 460 	 555 
i 532	 367 	 302 
i 991	 657 	 606 
i 986	 530 	 526 
i 244	 359 	 375 
i 146	 365 	 433 
i 14	 272 	 198 
i 463	 595 	 552 
i 468	 769 	 840 
i 408	 427 	 452 
i 801	 233 	 181 
i 91	 214 	 269 
i 705	 372 	 425 
i 177	 591 	 641 
i 457	 130 	 229 
i 743	 648 	 576 
i 924	 508 	 439 
i 469	 625 	 648 
i 210	 879 	 796 
i 566	 752 	 751 
i 703	 422 	 381 
i 819	 639 	 616 
i 115	 440 	 358 
i 655	 233 	 186 
i 677	 903 	 948 
i 282	 901 	 894 
i 729	 139 	 117 
i 308	 278 	 350 
i 173	 829 	 743 
i 893	 907 	 934 
i 244	 459 	 427 
i 837	 722 	 654 
i 208	 177 	 131 
i 345	 259 	 344 
i 237	 498 	 519 
i 126	 254 	 331 
i 158	 671 	 694 
i 347	 131 	 216 
i 155	 898 	 817 
i 52	 962 	 1060 
i 443	 640 	 587 
i 131	 943 	 857 
i 205	 197 	 153 
i 372	 441 	 466 
i 807	 379 	 451 
i 968	 919 	 1016 
i 599	 820 	 749 
i 622	 481 	 479 
i 507	 415 	 444 
i 465	 502 	 541 
i 61	 495 	 423 
i 996	 705 	 659 
i 95	 770 	 765 
i 466	 131 	 200 
i 768	 687 	 718 
i 677	 565 	 589 
i 476	 555 	 499 
i 892	 684 	 752 
i 235	 233 	 203 
i 675	 808 	 871 
i 109	 540 	 615 
i 776	 665 	 739 
i 518	 907 	 1000 
i 541	 441 	 427 
i 190	 306 	 246 
i 701	 888 	 964 
i 202	 554 	 525 
i 847	 751 	 700 
i 984	 613 	 609 
i 769	 926 	 857 
i 253	 763 	 716 
i 876	 654 	 562 
i 771	 542 	 554 
i 144	 514 	 434 
i 364	 900 	 858 
i 239	 191 	 289 
i 737	 974 	 913 
i 459	 402 	 310 
i 24	 623 	 528 
i 941	 164 	 223 
i 675	 306 	 215 
i 287	 544 	 629 
i 772	 583 	 622 
i 226	 194 	 262 
i 114	 286 	 226 
i 205	 546 	 534 
i 177	 541 	 477 
i 504	 715 	 742 
i 81	 753 	 785 
i 141	 777 	 797 
i 361	 596 	 551 
i 848	 639 	 652 
i 380	 573 	 540 
i 474	 303 	 315 
i 670	 162 	 197 
i 160	 343 	 419 
i 644	 737 	 648 
i 324	 898 	 910 
i 47	 577 	 605 
i 796	 278 	 334 
i 342	 815 	 743 
i 937	 175 	 273 
i 457	 678 	 652 
i 674	 978 	 1047 
i 732	 590 	 593 
i 994	 303 	 338 
i 699	 198 	 162 
i 585	 250 	 278 
i 111	 750 	 788 
i 299	 433 	 430 
i 92	 240 	 305 
i 164	 369 	 422 
i 801	 362 	 306 
i 777	 693 	 772 
i 317	 555 	 580 
i 534	 125 	 149 
i 632	 726 	 690 
i 789	 122 	 203 
i 509	 695 	 598 
i 871	 419 	 382 
i 18	 852 	 833 
i 308	 699 	 713 
i 590	 490 	 464 
i 245	 688 	 618 
i 745	 596 	 589 
i 762	 266 	 166 
i 454	 819 	 845 
i 467	 216 	 200 
i 125	 134 	 220 
i 472	 150 	 210 
i 306	 431 	 495 
i 967	 794 	 719 
i 394	 414 	 458 
i 44	 746 	 839 
i 590	 880 	 922 
i 764	 406 	 400 
i 562	 408 	 493 
i 681	 971 	 949 
i 707	 458 	 461 
i 752	 399 	 497 
i 113	 224 	 183 
i 882	 955 	 907 
i 223	 181 	 212 
i 937	 821 	 861 
i 802	 790 	 748 
i 136	 533 	 444 
i 470	 953 	 976 
i 438	 888 	 847 
i 829	 350 	 251 
i 153	 811 	 862 
i 281	 802 	 876 
i 231	 176 	 226 
i 311	 410 	 505 
i 111	 995 	 1077 
i 875	 730 	 773 
i 351	 989 	 1059 
i 299	 149 	 113 
i 174	 699 	 750 
i 443	 965 	 982 
i 231	 971 	 1019 
i 10	 756 	 660 
i 84	 641 	 591 
i 421	 422 	 434 
i 416	 401 	 435 
i 112	 324 	 333 
i 100	 961 	 1041 
i 144	 829 	 768 
i 805	 226 	 200 
i 766	 901 	 964 
i 733	 535 	 444 
i 459	 304 	 215 
i 56	 324 	 251 
i 406	 549 	 561 
i 732	 162 	 257 
i 972	 761 	 678 
i 928	 361 	 298 
i 736	 273 	 239 
i 866	 450 	 377 
i 755	 782 	 862 
i 232	 618 	 644 
i 450	 660 	 578 
i 690	 710 	 639 
i 184	 834 	 845 
i 241	 443 	 400 
i 972	 422 	 374 
i 255	 500 	 437 
i 437	 666 	 751 
i 818	 960 	 1018 
i 573	 192 	 201 
i 145	 993 	 1048 
i 762	 669 	 614 
i 437	 752 	 835 
i 251	 885 	 805 
i 625	 490 	 458 
i 975	 746 	 708 
i 413	 978 	 991 
i 39	 256 	 157 
i 994	 190 	 254 
i 86	 893 	 872 
i 79	 489 	 497 
i 706	 292 	 252 
i 428	 494 	 542 
i 299	 421 	 519 
i 725	 511 	 534 
i 441	 815 	 833 
i 416	 205 	 106 
i 580	 711 	 619 
i 669	 716 	 623 
i 549	 559 	 483 
i 975	 911 	 851 
i 180	 503 	 584 
i 611	 773 	 740 
i 960	 543 	 570 
i 411	 535 	 507 
i 204	 195 	 255 
i 310	 721 	 664 
i 985	 726 	 785 
i 666	 765 	 758 
i 170	 799 	 702 
i 72	 909 	 1007 
i 513	 199 	 133 
i 259	 118 	 174 
i 745	 417 	 465 
i 223	 982 	 912 
i 318	 414 	 385 
i 5	 237 	 270 
i 697	 431 	 461 
i 433	 251 	 214 
i 208	 666 	 663 
i 106	 680 	 691 
i 205	 673 	 587 
i 214	 825 	 791 
i 558	 631 	 546 
i 538	 403 	 362 
i 879	 540 	 563 
i 23	 858 	 882 
i 383	 563 	 526 
i 541	 254 	 304 
i 166	 537 	 628 
i 806	 972 	 884 
i 439	 581 	 534 
i 243	 645 	 641 
i 828	 940 	 848 
i 158	 119 	 134 
i 641	 385 	 376 
i 482	 934 	 930 
i 990	 597 	 669 
i 153	 879 	 859 
i 632	 658 	 672 
i 601	 622 	 597 
i 130	 678 	 741 
i 731	 917 	 828 
i 665	 457 	 534 
i 675	 493 	 402 
i 984	 119 	 156 
i 909	 527 	 460 
i 457	 955 	 886 
i 322	 833 	 795 
i 937	 304 	 392 
i 513	 811 	 820 
i 152	 257 	 292 
i 60	 983 	 964 
i 449	 146 	 60 
i 880	 935 	 984 
i 890	 976 	 1022 
i 359	 697 	 725 
i 308	 848 	 767 
i 121	 990 	 973 
i 339	 378 	 349 
i 127	 329 	 402 
i 291	 813 	 717 
i 272	 525 	 441 
i 312	 886 	 892 
i 240	 950 	 932 
i 213	 725 	 685 
i 873	 486 	 517 
i 702	 166 	 259 
i 692	 253 	 170 
i 992	 625 	 610 
i 238	 943 	 953 
i 29	 827 	 895 
i 495	 846 	 769 
i 367	 918 	 903 
i 312	 500 	 533 
i 4	 865 	 941 
i 425	 243 	 293 
i 488	 829 	 820 
i 648	 800 	 729 
i 228	 878 	 806 
i 164	 368 	 343 
i 969	 860 	 841 
i 797	 722 	 802 
i 705	 825 	 779 
i 144	 317 	 333 
i 991	 911 	 927 
i 141	 805 	 707 
i 949	 587 	 586 
i 724	 993 	 922 
i 587	 236 	 210 
i 877	 362 	 369 
i 721	 700 	 701 
i 409	 173 	 133 
i 213	 976 	 877 
i 445	 327 	 257 
i 345	 844 	 772 
i 127	 475 	 431 
i 662	 484 	 430 
i 655	 927 	 1018 
i 796	 168 	 176 
i 80	 499 	 483 
i 742	 976 	 904 
i 812	 537 	 547 
i 786	 806 	 858 
i 30	 813 	 754 
i 855	 948 	 958 
i 266	 186 	 221 
i 686	 439 	 407 
i 604	 646 	 745 
i 669	 608 	 666 
i 106	 203 	 277 
i 80	 578 	 600 
i 559	 705 	 690 
i 342	 306 	 248 
i 133	 985 	 933 
i 75	 281 	 200 
i 160	 773 	 745 
i 528	 488 	 398 
i 131	 791 	 821 
i 690	 788 	 752 
i 794	 603 	 588 
i 320	 489 	 490 
i 988	 146 	 59 
i 209	 525 	 507 
i 193	 715 	 723 
i 385	 931 	 954 
i 130	 129 	 184 
i 555	 453 	 414 
i 321	 497 	 484 
i 83	 190 	 115 
i 637	 478 	 561 
i 64	 859 	 806 
i 104	 423 	 368 
i 570	 484 	 471 
i 250	 849 	 875 
i 173	 442 	 345 
i 193	 991 	 920 
i 578	 793 	 832 
i 13	 175 	 79 
i 103	 563 	 483 
i 516	 675 	 722 
i 358	 603 	 663 
i 709	 817 	 898 
i 130	 131 	 126 
i 959	 520 	 565 
i 333	 191 	 270 
i 324	 205 	 123 
i 92	 334 	 367 
i 165	 956 	 992 
i 673	 974 	 1030 
i 309	 176 	 136 
i 863	 834 	 865 
i 657	 659 	 632 
i 680	 575 	 574 
i 141	 999 	 990 
i 232	 755 	 813 
i 338	 664 	 586 
i 589	 745 	 686 
i 540	 451 	 425 
i 512	 169 	 78 
i 586	 867 	 837 
i 400	 245 	 188 
i 17	 831 	 905 
i 539	 269 	 279 
i 538	 712 	 750 
i 263	 230 	 315 
i 885	 933 	 885 
i 600	 146 	 216 
i 983	 330 	 308 
i 50	 660 	 740 
i 900	 700 	 698 
i 52	 125 	 203 
i 861	 317 	 398 
i 40	 205 	 194 
i 716	 697 	 793 
i 851	 425 	 374 
i 776	 360 	 286 
i 816	 595 	 641 
i 63	 464 	 507 
i 680	 814 	 867 
i 344	 729 	 762 
i 360	 277 	 320 
i 593	 179 	 194 
i 699	 985 	 1008 
i 359	 492 	 458 
i 713	 478 	 415 
i 993	 697 	 789 
i 538	 814 	 869 
i 935	 576 	 644 
i 726	 324 	 328 
i 423	 115 	 187 
i 609	 707 	 651 
i 686	 454 	 517 
i 670	 968 	 971 
i 100	 628 	 702 
i 512	 925 	 942 
i 172	 200 	 216 
i 963	 166 	 89 
i 488	 857 	 767 
i 727	 715 	 771 
i 733	 289 	 229 
i 404	 168 	 230 
i 790	 367 	 367 
i 754	 205 	 139 
i 337	 663 	 617 
i 253	 552 	 608 
i 354	 185 	 275 
i 416	 702 	 785 
i 255	 808 	 789 
i 934	 857 	 783 
i 136	 663 	 736 
i 200	 844 	 797 
i 489	 679 	 591 
i 595	 235 	 297 
i 217	 386 	 316 
i 713	 626 	 606 
i 797	 433 	 484 
i 463	 392 	 326 
i 247	 319 	 304 
i 87	 680 	 652 
i 708	 799 	 798 
i 533	 680 	 719 
i 173	 920 	 857 
i 313	 973 	 1029 
i 623	 808 	 907 
i 204	 943 	 985 
i 566	 412 	 413 
i 883	 196 	 290 
i 119	 350 	 293 
i 759	 730 	 691 
i 533	 164 	 66 
i 173	 606 	 615 
i 84	 338 	 381 
i 54	 504 	 410 
i 838	 310 	 341 
i 774	 308 	 379 
i 114	 941 	 926 
i 211	 504 	 465 
i 480	 479 	 464 
i 177	 673 	 610 
i 237	 945 	 988 
i 795	 956 	 1034 
i 51	 553 	 648 
i 493	 304 	 209 
i 717	 333 	 406 
i 939	 916 	 944 
i 873	 790 	 841 
i 316	 279 	 372 
i 730	 553 	 542 
i 363	 933 	 957 
i 302	 209 	 280 
i 253	 848 	 878 
i 751	 752 	 793 
i 969	 729 	 668 
i 220	 755 	 837 
i 126	 636 	 706 
i 890	 317 	 362 
i 81	 988 	 896 
i 578	 958 	 1012 
i 503	 465 	 392 
i 614	 129 	 116 
i 443	 894 	 932 
i 164	 587 	 575 
i 860	 324 	 306 
i 585	 500 	 526 
i 176	 425 	 476 
i 408	 295 	 324 
i 396	 942 	 987 
i 349	 982 	 943 
i 747	 781 	 842 
i 768	 904 	 888 
i 650	 405 	 478 
i 186	 132 	 38 
i 426	 526 	 604 
i 864	 893 	 888 
i 218	 566 	 596 
i 426	 350 	 261 
i 361	 927 	 918 
i 341	 685 	 745 
i 96	 957 	 967 
i 987	 788 	 752 
i 319	 276 	 370 
i 343	 157 	 88 
i 810	 184 	 200 
i 690	 976 	 965 
i 202	 510 	 542 
i 472	 200 	 117 
i 390	 253 	 242 
i 36	 659 	 717 
i 988	 485 	 562 
i 751	 975 	 1049 
i 936	 371 	 309 
i 989	 345 	 352 
i 72	 483 	 452 
i 46	 111 	 18 
i 495	 507 	 454 
i 596	 208 	 249 
i 756	 286 	 205 
i 373	 686 	 613 
i 794	 500 	 424 
i 767	 399 	 473 
i 61	 286 	 348 
i 324	 458 	 518 
i 743	 934 	 1008 
i 743	 352 	 435 
i 190	 384 	 366 
i 299	 595 	 496 
i 497	 337 	 390 
i 145	 425 	 352 
i 583	 545 	 631 
i 907	 656 	 695 
i 105	 544 	 595 
i 495	 377 	 293 
i 421	 200 	 265 
i 693	 976 	 990 
i 1	 903 	 954 
i 546	 382 	 293 
i 800	 390 	 401 
i 155	 181 	 221 
i 644	 304 	 260 
i 257	 244 	 181 
i 744	 865 	 823 
i 45	 651 	 708 
i 145	 725 	 667 
i 119	 571 	 651 
i 11	 189 	 269 
i 315	 865 	 854 
i 629	 917 	 867 
i 708	 522 	 502 
i 925	 255 	 164 
i 76	 507 	 468 
i 924	 675 	 584 
i 532	 937 	 855 
i 224	 750 	 697 
i 742	 938 	 909 
i 830	 852 	 825 
i 678	 767 	 803 
i 586	 278 	 240 
i 49	 501 	 404 
i 211	 861 	 950 
i 656	 904 	 808 
i 292	 287 	 376 
i 222	 331 	 326 
i 942	 415 	 455 
i 872	 628 	 616 
i 707	 945 	 899 
i 446	 383 	 473 
i 635	 990 	 997 
i 74	 378 	 395 
i 918	 396 	 455 
i 811	 348 	 338 
i 10	 367 	 416 
i 258	 318 	 411 
i 600	 743 	 825 
i 182	 478 	 534 
i 121	 872 	 870 
i 427	 227 	 314 
i 416	 185 	 199 
i 717	 663 	 692 
i 38	 295 	 307 
i 305	 116 	 90 
i 592	 519 	 495 
i 826	 294 	 322 
i 538	 266 	 214 
i 951	 186 	 170 
i 808	 882 	 890 
i 939	 429 	 523 
i 24	 373 	 350 
i 644	 880 	 800 
i 852	 565 	 493 
i 858	 177 	 166 
i 318	 509 	 416 
i 525	 850 	 922 
i 699	 531 	 511 
i 784	 745 	 715 
i 653	 232 	 164 
i 12	 714 	 634 
i 307	 687 	 612 
i 173	 142 	 196 
i 683	 234 	 258 
i 758	 360 	 356 
i 207	 756 	 815 
i 39	 791 	 755 
i 512	 671 	 575 
i 226	 140 	 201 
i 362	 455 	 447 
i 42	 600 	 594 
i 690	 692 	 747 
i 725	 804 	 894 
i 864	 600 	 627 
i 145	 265 	 243 
i 871	 693 	 713 
i 637	 515 	 542 
i 267	 803 	 733 
i 300	 825 	 800 
i 688	 654 	 702 
i 239	 176 	 232 
i 892	 596 	 590 
i 673	 400 	 339 
i 224	 358 	 270 
i 397	 923 	 864 
i 53	 384 	 299 
i 507	 917 	 960 
i 287	 596 	 692 
i 90	 731 	 687 
i 702	 178 	 272 
i 775	 836 	 777 
i 322	 641 	 561 
i 648	 171 	 225 
i 926	 346 	 445 
i 840	 401 	 380 
i 148	 585 	 574 
i 55	 654 	 745 
i 601	 401 	 349 
i 299	 385 	 351 
i 375	 636 	 542 
i 191	 609 	 670 
i 787	 795 	 721 
i 855	 886 	 941 
i 121	 686 	 727 
i 448	 684 	 693 
i 981	 147 	 185 
i 593	 545 	 594 
i 919	 506 	 475 
i 228	 721 	 750 
i 819	 128 	 32 
i 380	 158 	 100 
i 151	 878 	 778 
i 23	 995 	 1066 
i 669	 798 	 893 
i 315	 536 	 520 
i 356	 132 	 113 
i 845	 748 	 847 
i 290	 523 	 606 
i 976	 832 	 761 
i 996	 519 	 612 
i 50	 538 	 507 
i 912	 727 	 726 
i 907	 728 	 731 
i 681	 599 	 536 
i 161	 579 	 579 
i 185	 956 	 1027 
i 901	 428 	 468 
i 365	 427 	 525 
i 178	 354 	 448 
i 637	 484 	 577 
i 118	 453 	 356 
i 812	 760 	 845 
i 506	 312 	 379 
i 56	 773 	 776 
i 583	 941 	 976 
i 534	 499 	 571 
i 892	 374 	 426 
i 248	 111 	 36 
i 522	 994 	 955 
i 942	 968 	 1056 
i 328	 938 	 850 
i 59	 953 	 1027 
i 286	 890 	 865 
i 31	 744 	 731 
i 964	 315 	 218 
i 402	 918 	 928 
i 697	 795 	 783 
i 697	 585 	 623 
i 691	 700 	 642 
i 656	 972 	 903 
i 587	 922 	 918 
i 534	 976 	 984 
i 411	 863 	 928 
i 124	 311 	 382 
i 354	 698 	 762 
i 262	 714 	 659 
i 33	 316 	 400 
i 566	 711 	 735 
i 229	 438 	 400 
i 199	 629 	 722 
i 111	 768 	 779 
i 85	 310 	 227 
i 930	 793 	 793 
i 157	 641 	 665 
i 817	 516 	 611 
i 496	 360 	 307 
i 727	 560 	 514 
i 403	 492 	 559 
i 771	 154 	 67 
i 354	 432 	 385 
i 94	 404 	 379 
i 319	 897 	 889 
i 87	 977 	 955 
i 684	 533 	 542 
i 141	 199 	 171 
i 421	 179 	 251 
i 926	 391 	 408 
i 355	 633 	 731 
i 404	 488 	 540 
i 766	 548 	 471 
i 96	 784 	 725 
i 980	 229 	 234 
i 955	 638 	 661 
i 431	 986 	 945 
i 530	 583 	 570 
i 607	 907 	 979 
i 922	 783 	 840 
i 510	 417 	 345 
i 935	 408 	 417 
i 427	 196 	 158 
i 185	 299 	 280 
i 318	 486 	 463 
i 911	 955 	 923 
i 895	 613 	 668 
i 428	 880 	 841 
i 324	 382 	 464 
i 81	 258 	 325 
i 425	 958 	 927 
i 759	 195 	 151 
i 856	 681 	 722 
i 69	 959 	 1037 
i 490	 433 	 375 
i 441	 778 	 702 
i 7	 196 	 99 
i 871	 886 	 875 
i 177	 269 	 322 
i 342	 191 	 260 
i 295	 935 	 889 
i 390	 354 	 260 
i 32	 604 	 681 
i 985	 345 	 436 
i 348	 251 	 240 
i 100	 439 	 516 
i 196	 548 	 626 
i 68	 564 	 617 
i 245	 960 	 1048 
i 336	 755 	 711 
i 264	 622 	 637 
i 537	 865 	 958 
i 92	 895 	 795 
i 356	 797 	 894 
i 514	 760 	 727 
i 883	 269 	 255 
i 375	 170 	 195 
i 884	 966 	 1005 
i 840	 758 	 846 
i 566	 707 	 662 
i 141	 960 	 968 
i 989	 587 	 502 
i 872	 560 	 494 
i 644	 561 	 566 
i 375	 550 	 458 
i 553	 848 	 932 
i 620	 345 	 304 
i 582	 905 	 841 
i 310	 636 	 540 
i 981	 585 	 602 
i 937	 833 	 878 
i 473	 425 	 468 
i 978	 495 	 513 
i 485	 647 	 594 
i 979	 226 	 247 
i 809	 262 	 194 
i 73	 194 	 250 
i 967	 459 	 431 
i 559	 622 	 656 
i 93	 643 	 674 
i 904	 277 	 295 
i 259	 926 	 839 
i 691	 676 	 584 
i 294	 313 	 318 
i 424	 522 	 523 
i 594	 175 	 138 
i 687	 320 	 298 
i 80	 127 	 98 
i 655	 451 	 534 
i 254	 161 	 62 
i 441	 744 	 826 
i 359	 382 	 316 
i 994	 440 	 512 
i 223	 480 	 411 
i 685	 951 	 967 
i 758	 514 	 448 
i 994	 797 	 869 
i 13	 255 	 343 
i 395	 574 	 593 
i 452	 500 	 569 
i 164	 507 	 465 
i 469	 430 	 459 
i 840	 583 	 611 
i 256	 461 	 534 
i 201	 601 	 611 
i 655	 228 	 190 
i 427	 383 	 344 
i 590	 260 	 223 
i 111	 208 	 250 
i 548	 738 	 670 
i 994	 604 	 569 
i 355	 862 	 921 
i 885	 551 	 578 
i 280	 235 	 313 
i 831	 116 	 34 
i 963	 607 	 656 
i 270	 883 	 818 
i 437	 266 	 319 
i 546	 548 	 623 
i 252	 292 	 276 
i 806	 438 	 421 
i 652	 730 	 784 
i 148	 550 	 581 
i 287	 228 	 315 
i 294	 134 	 188 
i 852	 218 	 264 
i 721	 884 	 784 
i 896	 151 	 139 
i 388	 832 	 929 
i 592	 722 	 669 
i 961	 210 	 119 
i 658	 582 	 621 
i 153	 381 	 450 
i 285	 967 	 893 
i 311	 913 	 898 
i 432	 709 	 664 
i 301	 473 	 373 
i 347	 476 	 555 
i 158	 867 	 823 
i 845	 856 	 931 
i 957	 179 	 246 
i 489	 219 	 218 
i 793	 840 	 869 
i 756	 702 	 788 
i 659	 821 	 769 
i 333	 311 	 346 
i 740	 559 	 654 
i 151	 559 	 523 
i 3	 467 	 463 
i 840	 719 	 684 
i 917	 610 	 567 
i 40	 465 	 519 
i 859	 906 	 919 
i 525	 593 	 557 
i 324	 534 	 630 
i 549	 751 	 714 
i 54	 463 	 374 
i 558	 442 	 383 
i 958	 730 	 671 
i 643	 270 	 179 
i 205	 561 	 654 
i 604	 815 	 715 
i 498	 614 	 686 
i 41	 229 	 206 
i 516	 516 	 558 
i 237	 500 	 452 
i 633	 780 	 743 
i 7	 829 	 903 
i 703	 124 	 190 
i 882	 309 	 304 
i 390	 352 	 388 
i 182	 321 	 277 
i 748	 326 	 382 
i 881	 205 	 269 
i 337	 552 	 519 
i 775	 297 	 312 
i 529	 531 	 472 
i 337	 813 	 756 
i 352	 701 	 784 
i 575	 553 	 613 
i 847	 976 	 914 
i 85	 693 	 667 
i 327	 946 	 870 
i 433	 753 	 653 
i 929	 596 	 563 
i 140	 898 	 820 
i 613	 521 	 549 
i 403	 706 	 802 
i 68	 898 	 864 
i 565	 825 	 906 
i 538	 648 	 699 
i 194	 818 	 885 
i 134	 260 	 193 
i 855	 367 	 386 
i 402	 369 	 374 
i 287	 670 	 703 
i 748	 772 	 728 
i 419	 454 	 491 
i 304	 436 	 486 
i 108	 732 	 695 
i 713	 650 	 721 
i 508	 432 	 341 
i 676	 290 	 226 
i 965	 438 	 345 
i 257	 971 	 958 
i 886	 553 	 598 
i 630	 259 	 253 
i 17	 509 	 587 
i 384	 229 	 168 
i 83	 898 	 859 
i 689	 291 	 194 
i 52	 162 	 167 
i 253	 206 	 146 
i 621	 367 	 300 
i 589	 401 	 386 
i 87	 791 	 753 
i 253	 548 	 636 
i 701	 970 	 1061 
i 835	 875 	 843 
i 721	 161 	 145 
i 923	 433 	 355 
i 981	 449 	 382 
i 89	 917 	 900 
i 378	 209 	 116 
i 704	 359 	 384 
i 470	 737 	 779 
i 961	 125 	 218 
i 927	 962 	 995 
i 787	 925 	 925 
i 844	 341 	 285 
i 208	 719 	 648 
i 588	 820 	 746 
i 495	 967 	 910 
i 606	 450 	 469 
i 884	 485 	 445 
i 589	 154 	 208 
i 605	 789 	 835 
i 563	 760 	 791 
i 480	 465 	 454 
i 738	 913 	 871 
i 423	 224 	 223 
i 221	 355 	 272 
i 185	 471 	 487 
i 566	 666 	 603 
i 987	 308 	 222 
i 37	 575 	 607 
i 799	 371 	 324 
i 530	 132 	 197 
i 929	 718 	 679 
i 832	 226 	 135 
i 959	 485 	 479 
i 235	 928 	 966 
i 640	 116 	 191 
i 266	 633 	 621 
i 487	 800 	 786 
i 10	 865 	 858 
i 303	 564 	 517 
i 327	 801 	 860 
i 11	 650 	 695 
i 141	 925 	 936 
i 561	 968 	 971 
i 481	 497 	 547 
i 487	 223 	 201 
i 75	 113 	 144 
i 850	 507 	 435 
i 699	 889 	 819 
i 210	 415 	 406 
i 986	 652 	 708 
i 593	 471 	 529 
i 510	 227 	 313 
i 475	 723 	 721 
i 909	 293 	 388 
i 37	 961 	 953 
i 40	 420 	 427 
i 486	 116 	 93 
i 362	 244 	 161 
i 704	 380 	 339 
i 314	 786 	 742 
i 719	 593 	 668 
i 851	 409 	 386 
i 540	 350 	 422 
i 746	 790 	 844 
i 703	 768 	 829 
i 52	 290 	 359 
i 58	 768 	 734 
i 208	 224 	 262 
i 511	 301 	 280 
i 271	 565 	 607 
i 813	 816 	 802 
i 150	 706 	 662 
i 419	 160 	 224 
i 184	 926 	 940 
i 923	 722 	 676 
i 126	 551 	 516 
i 865	 415 	 391 
i 993	 711 	 729 
i 209	 440 	 360 
i 719	 795 	 769 
i 513	 540 	 477 
i 183	 925 	 892 
i 239	 288 	 338 
i 156	 132 	 219 
i 843	 640 	 712 
i 339	 883 	 980 
i 681	 284 	 354 
i 356	 624 	 693 
i 726	 260 	 170 
i 496	 350 	 404 
i 979	 681 	 638 
i 895	 845 	 838 
i 95	 254 	 295 
i 120	 925 	 997 
i 715	 869 	 910 
i 584	 745 	 654 
i 778	 733 	 778 
i 356	 601 	 517 
i 524	 463 	 524 
i 793	 511 	 472 
i 435	 309 	 265 
i 262	 563 	 498 
i 423	 979 	 933 
i 339	 719 	 697 
i 192	 597 	 518 
i 905	 337 	 375 
i 605	 377 	 371 
i 158	 134 	 199 
i 554	 207 	 177 
i 5	 926 	 854 
i 228	 308 	 323 
i 736	 561 	 629 
i 713	 720 	 672 
i 398	 964 	 984 
i 946	 425 	 483 
i 201	 522 	 562 
i 500	 248 	 209 
i 526	 667 	 659 
i 635	 513 	 416 
i 552	 825 	 729 
i 775	 954 	 903 
i 282	 580 	 677 
i 967	 438 	 477 
i 928	 673 	 592 
i 282	 320 	 228 
i 745	 137 	 85 
i 899	 760 	 808 
i 526	 143 	 97 
i 978	 555 	 636 
i 783	 571 	 562 
i 732	 590 	 536 
i 260	 812 	 814 
i 629	 800 	 796 
i 262	 533 	 515 
i 497	 620 	 658 
i 527	 659 	 646 
i 258	 877 	 844 
i 295	 650 	 722 
i 795	 891 	 959 
i 313	 807 	 831 
i 852	 325 	 296 
i 641	 532 	 555 
i 417	 990 	 939 
i 892	 530 	 531 
i 465	 895 	 795 
i 83	 622 	 628 
i 944	 122 	 180 
i 551	 422 	 339 
i 429	 300 	 376 
i 213	 159 	 97 
i 454	 715 	 624 
i 928	 143 	 180 
i 918	 692 	 612 
i 390	 910 	 1009 
i 272	 472 	 464 
i 847	 477 	 485 
i 859	 950 	 947 
i 210	 764 	 671 
i 423	 840 	 833 
i 478	 733 	 768 
i 158	 905 	 831 
i 194	 945 	 857 
i 847	 666 	 762 
i 747	 758 	 732 
i 155	 754 	 782 
i 566	 274 	 271 
i 511	 756 	 725 
i 246	 300 	 311 
i 66	 333 	 429 
i 766	 748 	 739 
i 660	 464 	 487 
i 599	 583 	 645 
i 224	 639 	 670 
i 952	 622 	 603 
i 675	 951 	 962 
i 859	 634 	 559 
i 585	 180 	 207 
i 797	 490 	 566 
i 49	 987 	 1076 
i 766	 970 	 1012 
i 163	 489 	 463 
i 694	 148 	 242 
i 289	 868 	 807 
i 864	 564 	 493 
i 810	 925 	 989 
i 398	 533 	 569 
i 476	 645 	 598 
i 903	 322 	 235 
i 889	 217 	 139 
i 856	 170 	 245 
i 282	 805 	 713 
i 324	 249 	 296 
i 176	 225 	 130 
i 687	 400 	 477 
i 602	 532 	 571 
i 78	 376 	 295 
i 679	 984 	 998 
i 916	 333 	 328 
i 37	 392 	 365 
i 103	 493 	 437 
i 884	 386 	 386 
i 40	 424 	 489 
i 169	 191 	 91 
i 494	 214 	 252 
i 968	 116 	 74 
i 267	 738 	 712 
i 250	 826 	 736 
i 500	 447 	 540 
i 816	 872 	 772 
i 246	 309 	 230 
i 556	 507 	 605 
i 909	 956 	 862 
i 1	 803 	 742 
i 117	 807 	 845 
i 123	 533 	 565 
i 829	 794 	 879 
i 633	 236 	 171 
i 13	 281 	 316 
i 868	 253 	 251 
i 92	 256 	 303 
i 538	 351 	 310 
i 488	 343 	 284 
i 268	 371 	 312 
i 52	 548 	 512 
i 526	 275 	 264 
i 295	 863 	 817 
i 436	 799 	 880 
i 628	 957 	 1041 
i 787	 670 	 727 
i 951	 220 	 296 
i 222	 877 	 860 
i 484	 251 	 332 
i 776	 434 	 368 
i 269	 617 	 562 
i 454	 903 	 953 
i 300	 410 	 319 
i 74	 654 	 650 
i 26	 572 	 494 
i 655	 501 	 580 
i 778	 314 	 384 
i 640	 207 	 121 
i 799	 579 	 590 
i 163	 497 	 463 
i 732	 652 	 672 
i 624	 852 	 763 
i 961	 632 	 603 
i 572	 674 	 659 
i 92	 215 	 206 
i 531	 314 	 236 
i 759	 224 	 301 
i 868	 980 	 985 
i 396	 155 	 120 
i 830	 650 	 648 
i 439	 946 	 890 
i 274	 592 	 661 
i 859	 642 	 703 
i 493	 958 	 934 
i 610	 450 	 444 
i 839	 855 	 755 
i 966	 953 	 1005 
i 944	 854 	 880 
i 994	 435 	 340 
i 602	 727 	 798 
i 542	 275 	 234 
i 84	 473 	 487 
i 682	 338 	 324 
i 634	 169 	 253 
i 17	 508 	 514 
i 853	 928 	 902 
i 800	 932 	 899 
i 637	 722 	 678 
i 2	 395 	 350 
i 695	 420 	 496 
i 879	 294 	 278 
i 288	 558 	 559 
i 544	 177 	 114 
i 610	 559 	 623 
i 57	 492 	 559 
i 976	 967 	 1005 
i 900	 410 	 408 
i 588	 712 	 637 
i 908	 965 	 891 
i 256	 323 	 388 
i 462	 217 	 258 
i 966	 593 	 691 
i 41	 154 	 161 
i 546	 321 	 250 
i 974	 164 	 104 
i 937	 910 	 846 
i 275	 637 	 553 
i 950	 186 	 219 
i 911	 302 	 317 
i 151	 419 	 485 
i 271	 265 	 224 
i 813	 893 	 845 
i 862	 888 	 848 
i 100	 479 	 548 
i 160	 611 	 675 
i 60	 793 	 845 
i 651	 954 	 860 
i 736	 138 	 235 
i 951	 733 	 812 
i 298	 357 	 266 
i 472	 209 	 172 
i 352	 473 	 399 
i 227	 706 	 805 
i 641	 975 	 894 
i 204	 840 	 791 
i 971	 683 	 645 
i 920	 470 	 563 
i 950	 501 	 541 
i 650	 488 	 518 
i 928	 397 	 487 
i 40	 439 	 423 
i 447	 723 	 778 
i 117	 841 	 741 
i 89	 836 	 864 
i 910	 921 	 990 
i 554	 259 	 322 
i 958	 538 	 585 
i 398	 507 	 544 
i 822	 242 	 209 
i 144	 823 	 776 
i 514	 779 	 740 
i 203	 266 	 316 
i 24	 955 	 1028 
i 840	 957 	 1048 
i 752	 640 	 713 
i 918	 504 	 488 
i 400	 342 	 318 
i 846	 998 	 1053 
i 994	 721 	 741 
i 795	 134 	 182 
i 548	 371 	 322 
i 723	 644 	 636 
i 673	 424 	 420 
i 626	 308 	 273 
i 222	 271 	 186 
i 664	 154 	 253 
i 924	 529 	 508 
i 923	 868 	 816 
i 611	 670 	 617 
i 637	 315 	 221 
i 930	 977 	 993 
i 530	 318 	 278 
i 882	 727 	 822 
i 105	 269 	 289 
i 286	 558 	 622 
i 334	 627 	 624 
i 805	 623 	 605 
i 657	 975 	 942 
i 287	 302 	 391 
i 517	 512 	 528 
i 492	 541 	 543 
i 725	 169 	 77 
i 419	 439 	 524 
i 597	 419 	 325 
i 101	 955 	 918 
i 682	 799 	 829 
i 259	 344 	 335 
i 232	 712 	 634 
i 446	 122 	 102 
i 898	 965 	 1048 
i 383	 596 	 577 
i 449	 165 	 91 
i 818	 204 	 214 
i 165	 140 	 70 
i 115	 169 	 119 
i 889	 451 	 537 
i 153	 142 	 80 
i 828	 548 	 532 
i 842	 649 	 723 
i 803	 117 	 170 
i 349	 933 	 863 
i 410	 408 	 428 
i 515	 528 	 511 
i 548	 132 	 148 
i 614	 266 	 305 
i 996	 490 	 507 
i 32	 431 	 478 
i 524	 602 	 615 
i 131	 979 	 960 
i 138	 864 	 806 
i 63	 658 	 670 
i 398	 793 	 887 
i 868	 437 	 434 
i 891	 809 	 715 
i 67	 438 	 467 
i 494	 170 	 198 
i 854	 692 	 727 
i 408	 460 	 400 
i 385	 965 	 931 
i 233	 440 	 433 
i 848	 629 	 635 
i 615	 240 	 325 
i 982	 214 	 273 
i 768	 646 	 683 
i 138	 677 	 728 
i 205	 364 	 313 
i 858	 937 	 857 
i 251	 650 	 652 
i 212	 828 	 907 
i 583	 233 	 158 
i 167	 650 	 745 
i 312	 233 	 251 
i 428	 169 	 184 
i 31	 878 	 846 
i 667	 601 	 597 
i 952	 383 	 420 
i 882	 605 	 613 
i 489	 697 	 756 
i 297	 263 	 164 
i 435	 172 	 190 
i 42	 287 	 338 
i 179	 267 	 180 
i 245	 794 	 793 
i 108	 417 	 422 
i 659	 723 	 661 
i 965	 263 	 192 
i 521	 873 	 778 
i 181	 469 	 472 
i 353	 287 	 349 
i 421	 294 	 243 
i 620	 819 	 777 
i 795	 603 	 596 
i 564	 664 	 706 
i 909	 216 	 280 
i 598	 683 	 679 
i 770	 855 	 844 
i 628	 985 	 1078 
i 32	 121 	 50 
i 230	 581 	 581 
i 437	 417 	 501 
i 234	 638 	 646 
i 788	 897 	 864 
i 411	 425 	 505 
i 529	 170 	 232 
i 173	 900 	 881 
i 11	 438 	 373 
i 994	 834 	 895 
i 7	 805 	 872 
i 536	 936 	 849 
i 880	 492 	 493 
i 474	 423 	 471 
i 358	 904 	 909 
i 711	 315 	 402 
i 778	 227 	 220 
i 667	 948 	 976 
i 36	 423 	 453 
i 850	 583 	 612 
i 631	 412 	 442 
i 560	 270 	 207 
i 989	 331 	 244 
i 341	 782 	 790 
i 234	 551 	 630 
i 463	 132 	 154 
i 595	 967 	 944 
i 537	 494 	 405 
i 889	 174 	 92 
i 421	 753 	 841 
i 760	 438 	 452 
i 939	 128 	 54 
i 188	 295 	 219 
i 942	 355 	 347 
i 438	 836 	 875 
i 462	 746 	 678 
i 425	 400 	 451 
i 855	 747 	 705 
i 927	 797 	 733 
i 650	 879 	 899 
i 19	 828 	 800 
i 39	 450 	 410 
i 247	 569 	 567 
i 521	 678 	 664 
i 338	 202 	 276 
i 53	 822 	 788 
i 379	 964 	 1015 
i 95	 747 	 769 
i 866	 118 	 126 
i 731	 279 	 217 
i 539	 815 	 757 
i 920	 248 	 197 
i 436	 517 	 516 
i 75	 953 	 856 
i 178	 450 	 420 
i 977	 335 	 316 
i 938	 631 	 688 
i 653	 416 	 492 
i 661	 962 	 1011 
i 851	 554 	 549 
i 643	 724 	 627 
i 798	 912 	 999 
i 256	 244 	 218 
i 204	 685 	 674 
i 585	 701 	 726 
i 838	 127 	 147 
i 424	 489 	 497 
i 767	 300 	 239 
i 725	 194 	 265 
i 225	 858 	 899 
i 915	 395 	 365 
i 816	 410 	 339 
i 966	 355 	 336 
i 613	 688 	 709 
i 277	 198 	 137 
i 296	 755 	 661 
i 722	 403 	 394 
i 934	 885 	 829 
i 29	 170 	 260 
i 869	 932 	 866 
i 189	 673 	 590 
i 526	 985 	 1066 
i 801	 230 	 304 
i 451	 590 	 587 
i 550	 243 	 295 
i 275	 417 	 328 
i 604	 446 	 502 
i 475	 853 	 896 
i 542	 164 	 212 
i 466	 120 	 142 
i 99	 275 	 335 
i 83	 355 	 320 
i 217	 271 	 196 
i 756	 158 	 173 
i 906	 591 	 516 
i 251	 380 	 360 
i 628	 433 	 334 
i 464	 239 	 235 
i 523	 875 	 780 
i 534	 648 	 646 
i 719	 304 	 322 
i 993	 128 	 162 
i 175	 419 	 497 
i 229	 533 	 562 
i 769	 159 	 169 
i 73	 275 	 335 
i 435	 634 	 620 
i 579	 641 	 720 
i 439	 182 	 165 
i 44	 205 	 295 
i 262	 643 	 677 
i 281	 280 	 313 
i 627	 879 	 947 
i 103	 782 	 695 
i 158	 469 	 536 
i 342	 961 	 1043 
i 930	 787 	 756 
i 528	 283 	 368 
i 609	 191 	 163 
i 715	 564 	 545 
i 315	 522 	 555 
i 505	 231 	 321 
i 369	 824 	 839 
i 125	 682 	 718 
i 528	 745 	 812 
i 485	 601 	 536 
i 247	 522 	 444 
i 440	 830 	 857 
i 531	 764 	 713 
i 41	 200 	 292 
i 504	 563 	 518 
i 639	 269 	 325 
i 442	 225 	 155 
i 85	 739 	 694 
i 798	 454 	 514 
i 350	 310 	 268 
i 813	 470 	 477 
i 623	 568 	 663 
i 359	 247 	 248 
i 459	 467 	 476 
i 968	 435 	 345 
i 147	 682 	 720 
i 276	 488 	 414 
i 982	 623 	 566 
i 370	 869 	 772 
i 594	 696 	 669 
i 998	 954 	 889 
i 514	 542 	 602 
i 667	 521 	 453 
i 69	 972 	 996 
i 433	 570 	 587 
i 76	 616 	 663 
i 501	 341 	 243 
i 78	 459 	 557 
i 931	 652 	 624 
i 590	 666 	 757 
i 539	 991 	 1082 
i 24	 262 	 256 
i 485	 975 	 902 
i 455	 230 	 171 
i 971	 782 	 810 
i 540	 417 	 460 
i 799	 182 	 125 
i 192	 192 	 151 
i 801	 188 	 133 
i 426	 512 	 575 
i 417	 476 	 447 
i 587	 438 	 413 
i 560	 857 	 930 
i 694	 981 	 944 
i 450	 277 	 235 
i 794	 846 	 912 
i 874	 595 	 621 
i 966	 788 	 852 
i 54	 162 	 186 
i 505	 364 	 273 
i 916	 202 	 195 
i 285	 519 	 429 
i 125	 856 	 878 
i 104	 736 	 697 
i 291	 131 	 182 
i 119	 390 	 400 
i 663	 241 	 226 
i 425	 801 	 779 
i 483	 644 	 633 
i 768	 309 	 399 
i 871	 354 	 427 
i 331	 769 	 699 
i 170	 816 	 771 
i 873	 472 	 448 
i 896	 746 	 780 
i 212	 530 	 588 
i 358	 132 	 122 
i 136	 511 	 587 
i 735	 861 	 833 
i 958	 369 	 295 
i 233	 327 	 227 
i 972	 210 	 176 
i 767	 346 	 346 
i 174	 593 	 568 
i 888	 933 	 887 
i 361	 643 	 640 
i 385	 458 	 526 
i 836	 862 	 957 
i 680	 755 	 797 
i 970	 189 	 223 
i 214	 306 	 387 
i 326	 310 	 385 
i 591	 607 	 636 
i 134	 165 	 228 
i 60	 500 	 541 
i 658	 743 	 656 
i 49	 286 	 276 
i 893	 147 	 105 
i 619	 128 	 222 
i 707	 762 	 850 
i 927	 472 	 403 
i 152	 387 	 383 
i 709	 279 	 193 
i 771	 853 	 794 
c
c
W 753914
c end of file