c Instance Type c
c
n 4000
c w	 v1	 v2
i 115	 559 	 479 
i 942	 275 	 250 
i 638	 626 	 553 
i 371	 843 	 807 
i 634	 348 	 323 
i 724	 410 	 363 
i 850	 408 	 452 
i 359	 124 	 144 
i 801	 687 	 664 
i 787	 990 	 1043 
i 292	 332 	 408 
i 477	 423 	 488 
i 58	 759 	 751 
i 881	 882 	 949 
i 149	 279 	 272 
i 486	 613 	 551 
i 821	 849 	 757 
i 836	 603 	 583 
i 484	 249 	 189 
i 473	 594 	 692 
i 722	 390 	 346 
i 74	 287 	 339 
i 803	 132 	 195 
i 671	 545 	 584 
i 860	 399 	 468 
i 425	 817 	 783 
i 256	 990 	 920 
i 810	 140 	 238 
i 965	 499 	 493 
i 510	 680 	 769 
i 824	 673 	 707 
i 23	 925 	 973 
i 47	 712 	 721 
i 535	 550 	 493 
i 860	 282 	 197 
i 654	 147 	 147 
i 643	 443 	 494 
i 677	 579 	 592 
i 114	 571 	 578 
i 754	 993 	 902 
i 387	 947 	 1020 
i 304	 654 	 732 
i 980	 426 	 513 
i 475	 913 	 907 
i 668	 219 	 185 
i 709	 289 	 386 
i 83	 738 	 764 
i 610	 524 	 485 
i 128	 142 	 126 
i 121	 618 	 553 
i 62	 659 	 671 
i 673	 543 	 616 
i 29	 447 	 516 
i 931	 393 	 357 
i 54	 814 	 912 
i 254	 222 	 262 
i 959	 212 	 268 
i 425	 774 	 752 
i 460	 159 	 163 
i 32	 535 	 563 
i 648	 692 	 732 
i 135	 305 	 280 
i 514	 187 	 167 
i 831	 941 	 908 
i 623	 339 	 316 
i 749	 332 	 360 
i 863	 955 	 975 
i 609	 762 	 667 
i 664	 223 	 220 
i 142	 686 	 689 
i 796	 368 	 301 
i 15	 993 	 953 
i 101	 439 	 502 
i 35	 798 	 827 
i 292	 207 	 161 
i 541	 553 	 456 
i 491	 235 	 311 
i 225	 771 	 769 
i 351	 795 	 726 
i 999	 339 	 298 
i 289	 800 	 718 
i 282	 949 	 870 
i 651	 328 	 269 
i 424	 164 	 112 
i 533	 740 	 747 
i 31	 980 	 895 
i 171	 997 	 1010 
i 913	 893 	 951 
i 683	 441 	 369 
i 939	 580 	 508 
i 715	 846 	 832 
i 658	 929 	 971 
i 902	 137 	 109 
i 963	 323 	 380 
i 670	 539 	 503 
i 649	 126 	 96 
i 646	 194 	 198 
i 526	 700 	 687 
i 898	 516 	 439 
i 427	 644 	 555 
i 254	 771 	 825 
i 175	 266 	 252 
i 205	 900 	 866 
i 443	 335 	 294 
i 924	 147 	 240 
i 942	 433 	 456 
i 37	 746 	 698 
i 699	 321 	 378 
i 155	 708 	 745 
i 754	 813 	 735 
i 497	 865 	 838 
i 672	 663 	 671 
i 560	 158 	 207 
i 812	 456 	 393 
i 853	 720 	 642 
i 216	 692 	 603 
i 930	 351 	 269 
i 168	 585 	 643 
i 839	 398 	 487 
i 630	 120 	 160 
i 479	 221 	 160 
i 101	 548 	 622 
i 154	 141 	 127 
i 542	 805 	 753 
i 228	 973 	 892 
i 882	 186 	 148 
i 153	 236 	 184 
i 687	 319 	 301 
i 11	 134 	 84 
i 21	 977 	 1053 
i 145	 712 	 683 
i 637	 889 	 881 
i 671	 775 	 797 
i 452	 270 	 201 
i 422	 487 	 463 
i 507	 573 	 526 
i 647	 852 	 835 
i 881	 180 	 101 
i 908	 546 	 469 
i 882	 769 	 696 
i 559	 664 	 620 
i 435	 983 	 1066 
i 183	 503 	 521 
i 362	 160 	 68 
i 785	 299 	 291 
i 306	 641 	 735 
i 140	 878 	 901 
i 219	 362 	 361 
i 708	 457 	 438 
i 449	 560 	 518 
i 72	 682 	 751 
i 53	 933 	 889 
i 495	 861 	 854 
i 551	 497 	 562 
i 763	 534 	 556 
i 360	 947 	 1030 
i 224	 921 	 832 
i 506	 582 	 537 
i 895	 137 	 234 
i 402	 500 	 487 
i 45	 759 	 760 
i 969	 625 	 636 
i 814	 878 	 788 
i 249	 405 	 426 
i 725	 253 	 226 
i 666	 799 	 844 
i 577	 727 	 817 
i 108	 780 	 771 
i 138	 139 	 109 
i 575	 126 	 177 
i 305	 513 	 573 
i 883	 964 	 1018 
i 747	 572 	 588 
i 78	 621 	 687 
i 238	 270 	 281 
i 13	 598 	 542 
i 706	 357 	 417 
i 460	 314 	 395 
i 491	 722 	 631 
i 509	 148 	 172 
i 962	 820 	 905 
i 922	 644 	 705 
i 442	 440 	 451 
i 16	 960 	 986 
i 195	 812 	 886 
i 743	 419 	 495 
i 21	 618 	 635 
i 249	 442 	 351 
i 937	 360 	 368 
i 979	 401 	 310 
i 778	 954 	 856 
i 378	 887 	 973 
i 748	 717 	 692 
i 703	 322 	 300 
i 492	 885 	 902 
i 839	 771 	 736 
i 411	 668 	 637 
i 783	 303 	 322 
i 65	 347 	 354 
i 392	 828 	 830 
i 340	 872 	 830 
i 214	 882 	 916 
i 896	 823 	 806 
i 135	 268 	 192 
i 7	 615 	 637 
i 750	 247 	 237 
i 377	 540 	 612 
i 593	 850 	 879 
i 859	 493 	 535 
i 666	 969 	 889 
i 523	 538 	 526 
i 391	 798 	 829 
i 193	 505 	 515 
i 369	 877 	 914 
i 936	 985 	 1024 
i 91	 642 	 631 
i 573	 156 	 220 
i 405	 925 	 908 
i 835	 612 	 566 
i 802	 356 	 444 
i 283	 448 	 440 
i 57	 842 	 912 
i 500	 537 	 446 
i 362	 140 	 123 
i 346	 752 	 722 
i 943	 482 	 470 
i 994	 877 	 780 
i 911	 719 	 703 
i 475	 199 	 150 
i 750	 443 	 354 
i 130	 390 	 358 
i 952	 803 	 782 
i 432	 673 	 752 
i 466	 715 	 667 
i 188	 196 	 217 
i 605	 509 	 518 
i 468	 903 	 911 
i 153	 917 	 907 
i 252	 402 	 487 
i 625	 630 	 666 
i 940	 682 	 744 
i 719	 986 	 1038 
i 352	 451 	 390 
i 32	 360 	 392 
i 128	 591 	 660 
i 576	 241 	 231 
i 467	 729 	 813 
i 374	 324 	 239 
i 702	 728 	 693 
i 286	 666 	 756 
i 929	 382 	 460 
i 913	 213 	 235 
i 296	 891 	 983 
i 577	 176 	 275 
i 118	 763 	 687 
i 265	 629 	 668 
i 960	 145 	 78 
i 201	 965 	 973 
i 895	 143 	 91 
i 521	 433 	 438 
i 825	 391 	 382 
i 940	 296 	 270 
i 819	 839 	 872 
i 892	 807 	 755 
i 627	 803 	 775 
i 211	 913 	 938 
i 249	 646 	 663 
i 210	 794 	 851 
i 247	 385 	 421 
i 609	 601 	 541 
i 925	 182 	 88 
i 134	 589 	 683 
i 953	 919 	 976 
i 737	 624 	 660 
i 516	 841 	 802 
i 419	 274 	 277 
i 21	 831 	 884 
i 789	 465 	 560 
i 99	 276 	 220 
i 650	 885 	 951 
i 730	 177 	 228 
i 269	 204 	 282 
i 179	 179 	 248 
i 756	 881 	 897 
i 577	 598 	 517 
i 761	 873 	 876 
i 572	 445 	 452 
i 970	 239 	 204 
i 157	 219 	 203 
i 28	 419 	 333 
i 103	 271 	 332 
i 209	 946 	 860 
i 285	 850 	 800 
i 152	 712 	 613 
i 700	 340 	 357 
i 557	 427 	 396 
i 933	 887 	 970 
i 78	 476 	 553 
i 200	 766 	 675 
i 547	 255 	 169 
i 727	 321 	 256 
i 666	 148 	 125 
i 498	 213 	 247 
i 175	 438 	 502 
i 433	 445 	 449 
i 789	 966 	 881 
i 662	 386 	 288 
i 74	 314 	 231 
i 810	 216 	 173 
i 972	 257 	 324 
i 210	 323 	 335 
i 252	 480 	 426 
i 367	 823 	 868 
i 735	 530 	 610 
i 112	 371 	 337 
i 74	 835 	 759 
i 383	 905 	 962 
i 612	 915 	 987 
i 730	 995 	 1029 
i 894	 364 	 392 
i 134	 218 	 288 
i 549	 719 	 639 
i 350	 924 	 918 
i 822	 682 	 623 
i 115	 595 	 558 
i 929	 893 	 871 
i 822	 114 	 168 
i 728	 814 	 791 
i 723	 689 	 612 
i 8	 397 	 299 
i 129	 969 	 897 
i 813	 838 	 876 
i 728	 931 	 839 
i 371	 461 	 534 
i 915	 644 	 740 
i 795	 926 	 1007 
i 799	 385 	 431 
i 590	 184 	 176 
i 242	 528 	 464 
i 563	 631 	 569 
i 529	 640 	 604 
i 347	 768 	 694 
i 270	 495 	 567 
i 663	 534 	 480 
i 264	 414 	 343 
i 182	 396 	 484 
i 490	 316 	 364 
i 573	 967 	 933 
i 43	 488 	 503 
i 628	 651 	 578 
i 224	 821 	 854 
i 963	 217 	 119 
i 396	 336 	 292 
i 871	 213 	 302 
i 213	 420 	 362 
i 534	 552 	 530 
i 765	 502 	 578 
i 729	 274 	 265 
i 154	 572 	 571 
i 762	 194 	 119 
i 562	 318 	 288 
i 681	 911 	 873 
i 934	 924 	 965 
i 50	 287 	 303 
i 398	 241 	 299 
i 894	 429 	 394 
i 335	 778 	 696 
i 519	 674 	 738 
i 38	 190 	 285 
i 132	 634 	 681 
i 365	 747 	 707 
i 266	 169 	 265 
i 181	 448 	 531 
i 379	 190 	 283 
i 526	 707 	 679 
i 883	 524 	 475 
i 634	 816 	 834 
i 268	 899 	 821 
i 357	 742 	 671 
i 945	 721 	 677 
i 661	 489 	 518 
i 727	 756 	 838 
i 108	 740 	 658 
i 198	 666 	 660 
i 868	 636 	 735 
i 334	 960 	 1036 
i 128	 300 	 302 
i 15	 827 	 883 
i 724	 926 	 853 
i 411	 169 	 85 
i 836	 419 	 468 
i 563	 994 	 988 
i 271	 915 	 931 
i 896	 997 	 1052 
i 487	 526 	 555 
i 443	 523 	 619 
i 656	 417 	 339 
i 461	 874 	 798 
i 379	 681 	 750 
i 445	 804 	 756 
i 792	 880 	 799 
i 785	 654 	 685 
i 691	 187 	 273 
i 688	 704 	 769 
i 156	 508 	 470 
i 620	 195 	 246 
i 964	 180 	 162 
i 823	 277 	 351 
i 465	 388 	 338 
i 246	 254 	 293 
i 111	 485 	 482 
i 722	 571 	 525 
i 808	 268 	 361 
i 476	 206 	 236 
i 923	 940 	 1001 
i 19	 330 	 315 
i 96	 114 	 92 
i 284	 480 	 423 
i 596	 367 	 403 
i 758	 591 	 676 
i 180	 321 	 228 
i 698	 756 	 808 
i 875	 111 	 124 
i 982	 969 	 877 
i 916	 660 	 753 
i 164	 490 	 587 
i 167	 871 	 787 
i 582	 331 	 304 
i 871	 524 	 616 
i 412	 241 	 284 
i 649	 176 	 255 
i 375	 209 	 228 
i 375	 885 	 879 
i 340	 502 	 492 
i 958	 541 	 515 
i 386	 512 	 518 
i 241	 499 	 539 
i 489	 571 	 527 
i 953	 896 	 826 
i 100	 862 	 875 
i 174	 613 	 555 
i 285	 523 	 540 
i 157	 165 	 257 
i 596	 584 	 544 
i 81	 988 	 940 
i 532	 429 	 458 
i 969	 903 	 980 
i 488	 637 	 612 
i 372	 888 	 854 
i 218	 136 	 122 
i 782	 638 	 659 
i 247	 829 	 907 
i 308	 463 	 372 
i 840	 431 	 459 
i 828	 701 	 745 
i 186	 935 	 886 
i 78	 622 	 567 
i 670	 524 	 566 
i 545	 860 	 776 
i 574	 266 	 226 
i 168	 650 	 566 
i 975	 299 	 265 
i 373	 202 	 229 
i 733	 243 	 238 
i 397	 815 	 776 
i 325	 569 	 567 
i 899	 797 	 811 
i 365	 997 	 945 
i 208	 742 	 799 
i 383	 817 	 789 
i 989	 196 	 201 
i 202	 271 	 271 
i 304	 566 	 641 
i 453	 244 	 265 
i 245	 670 	 571 
i 761	 944 	 910 
i 533	 494 	 440 
i 530	 113 	 132 
i 240	 328 	 388 
i 35	 138 	 75 
i 132	 459 	 393 
i 313	 928 	 903 
i 824	 487 	 523 
i 974	 377 	 303 
i 605	 918 	 893 
i 542	 924 	 851 
i 972	 329 	 363 
i 975	 534 	 474 
i 220	 174 	 162 
i 251	 888 	 883 
i 642	 163 	 184 
i 562	 319 	 403 
i 985	 653 	 702 
i 285	 369 	 413 
i 194	 488 	 453 
i 108	 824 	 897 
i 354	 948 	 1015 
i 829	 656 	 719 
i 900	 836 	 742 
i 774	 340 	 297 
i 834	 764 	 849 
i 69	 416 	 413 
i 679	 346 	 341 
i 970	 120 	 172 
i 395	 760 	 850 
i 197	 160 	 72 
i 139	 931 	 914 
i 752	 789 	 737 
i 568	 624 	 552 
i 826	 655 	 738 
i 561	 909 	 959 
i 905	 845 	 909 
i 171	 391 	 391 
i 182	 814 	 808 
i 912	 601 	 674 
i 968	 559 	 471 
i 891	 614 	 554 
i 655	 983 	 1073 
i 233	 311 	 315 
i 845	 440 	 409 
i 743	 368 	 449 
i 569	 149 	 211 
i 885	 879 	 975 
i 676	 435 	 368 
i 228	 854 	 769 
i 732	 735 	 644 
i 300	 790 	 877 
i 281	 969 	 987 
i 507	 927 	 992 
i 877	 501 	 535 
i 168	 810 	 793 
i 211	 729 	 826 
i 75	 563 	 637 
i 440	 549 	 558 
i 277	 697 	 751 
i 979	 766 	 767 
i 744	 808 	 869 
i 710	 753 	 670 
i 629	 392 	 410 
i 69	 238 	 232 
i 855	 835 	 863 
i 550	 316 	 386 
i 60	 302 	 387 
i 553	 187 	 160 
i 213	 673 	 701 
i 950	 473 	 497 
i 735	 924 	 897 
i 459	 752 	 667 
i 775	 830 	 871 
i 918	 470 	 524 
i 733	 890 	 916 
i 964	 571 	 507 
i 180	 438 	 385 
i 267	 372 	 430 
i 899	 697 	 598 
i 308	 380 	 471 
i 223	 934 	 972 
i 943	 372 	 301 
i 753	 441 	 526 
i 158	 180 	 248 
i 35	 869 	 884 
i 552	 540 	 548 
i 920	 700 	 744 
i 215	 913 	 1010 
i 874	 729 	 806 
i 178	 734 	 672 
i 105	 695 	 678 
i 398	 421 	 393 
i 769	 554 	 476 
i 847	 487 	 441 
i 700	 348 	 309 
i 183	 860 	 931 
i 846	 452 	 507 
i 749	 203 	 301 
i 445	 192 	 265 
i 146	 980 	 889 
i 803	 263 	 192 
i 152	 634 	 643 
i 651	 954 	 917 
i 75	 166 	 99 
i 341	 407 	 480 
i 185	 678 	 587 
i 569	 552 	 630 
i 673	 355 	 383 
i 764	 348 	 265 
i 742	 230 	 176 
i 914	 270 	 177 
i 503	 403 	 340 
i 451	 890 	 958 
i 513	 283 	 365 
i 846	 430 	 381 
i 485	 311 	 299 
i 981	 354 	 255 
i 256	 261 	 297 
i 523	 833 	 822 
i 657	 912 	 849 
i 836	 231 	 151 
i 165	 265 	 286 
i 42	 433 	 344 
i 237	 292 	 306 
i 596	 216 	 199 
i 821	 444 	 524 
i 96	 836 	 913 
i 265	 844 	 772 
i 78	 562 	 594 
i 979	 960 	 924 
i 115	 240 	 171 
i 289	 333 	 297 
i 651	 872 	 844 
i 855	 925 	 945 
i 973	 544 	 483 
i 349	 916 	 819 
i 165	 831 	 753 
i 990	 728 	 703 
i 498	 854 	 845 
i 454	 555 	 542 
i 599	 841 	 851 
i 848	 981 	 1048 
i 706	 378 	 376 
i 622	 702 	 671 
i 110	 347 	 311 
i 16	 522 	 555 
i 826	 539 	 605 
i 521	 641 	 705 
i 357	 978 	 942 
i 857	 496 	 551 
i 679	 884 	 859 
i 657	 485 	 429 
i 958	 342 	 427 
i 624	 779 	 789 
i 890	 198 	 230 
i 354	 483 	 518 
i 836	 189 	 189 
i 433	 930 	 834 
i 409	 774 	 750 
i 842	 171 	 118 
i 711	 861 	 944 
i 133	 306 	 320 
i 393	 505 	 511 
i 145	 443 	 374 
i 244	 933 	 842 
i 662	 632 	 612 
i 750	 344 	 291 
i 672	 792 	 826 
i 419	 813 	 729 
i 487	 263 	 347 
i 332	 474 	 500 
i 551	 401 	 454 
i 994	 912 	 844 
i 369	 497 	 458 
i 294	 637 	 646 
i 879	 680 	 622 
i 143	 149 	 241 
i 909	 362 	 388 
i 699	 959 	 869 
i 870	 142 	 150 
i 280	 962 	 1036 
i 606	 637 	 621 
i 507	 430 	 413 
i 941	 572 	 629 
i 534	 844 	 759 
i 175	 442 	 533 
i 219	 630 	 550 
i 501	 596 	 498 
i 456	 271 	 313 
i 491	 318 	 334 
i 449	 798 	 870 
i 42	 684 	 677 
i 401	 171 	 265 
i 920	 542 	 624 
i 745	 352 	 341 
i 119	 423 	 447 
i 703	 386 	 454 
i 249	 477 	 445 
i 429	 488 	 547 
i 662	 230 	 188 
i 436	 746 	 793 
i 81	 622 	 678 
i 149	 147 	 83 
i 634	 123 	 43 
i 905	 937 	 1006 
i 257	 446 	 539 
i 567	 112 	 146 
i 979	 860 	 943 
i 404	 276 	 245 
i 538	 987 	 889 
i 254	 356 	 345 
i 828	 125 	 130 
i 869	 820 	 855 
i 884	 983 	 944 
i 813	 186 	 129 
i 191	 940 	 934 
i 193	 911 	 818 
i 36	 617 	 520 
i 223	 545 	 529 
i 209	 855 	 946 
i 485	 865 	 807 
i 501	 373 	 281 
i 300	 842 	 924 
i 281	 554 	 613 
i 365	 830 	 851 
i 299	 132 	 191 
i 199	 552 	 650 
i 768	 586 	 491 
i 258	 602 	 552 
i 96	 976 	 967 
i 944	 941 	 1029 
i 240	 241 	 230 
i 63	 278 	 327 
i 562	 199 	 104 
i 372	 906 	 884 
i 396	 558 	 595 
i 892	 380 	 457 
i 427	 373 	 404 
i 979	 398 	 481 
i 953	 621 	 523 
i 887	 140 	 230 
i 34	 979 	 917 
i 222	 486 	 437 
i 321	 260 	 323 
i 216	 283 	 221 
i 719	 631 	 648 
i 23	 355 	 350 
i 318	 256 	 337 
i 641	 840 	 917 
i 216	 765 	 832 
i 249	 774 	 819 
i 226	 734 	 785 
i 649	 907 	 1003 
i 816	 246 	 206 
i 11	 975 	 978 
i 596	 256 	 203 
i 871	 777 	 728 
i 35	 314 	 329 
i 855	 231 	 174 
i 591	 129 	 115 
i 338	 874 	 910 
i 39	 630 	 711 
i 934	 417 	 428 
i 87	 400 	 374 
i 60	 668 	 644 
i 223	 240 	 336 
i 972	 450 	 520 
i 202	 680 	 757 
i 337	 304 	 352 
i 358	 498 	 464 
i 217	 883 	 916 
i 801	 601 	 642 
i 146	 520 	 548 
i 471	 126 	 171 
i 99	 459 	 516 
i 245	 800 	 702 
i 626	 783 	 879 
i 267	 650 	 586 
i 485	 549 	 553 
i 920	 319 	 394 
i 789	 614 	 533 
i 341	 321 	 400 
i 801	 950 	 858 
i 818	 632 	 635 
i 211	 391 	 413 
i 986	 202 	 273 
i 742	 211 	 208 
i 350	 196 	 246 
i 843	 360 	 307 
i 78	 824 	 755 
i 644	 717 	 806 
i 880	 802 	 759 
i 825	 712 	 629 
i 411	 751 	 832 
i 726	 321 	 244 
i 829	 867 	 787 
i 941	 742 	 811 
i 38	 284 	 223 
i 318	 953 	 860 
i 121	 275 	 198 
i 802	 415 	 467 
i 580	 367 	 395 
i 257	 622 	 615 
i 977	 700 	 775 
i 214	 617 	 637 
i 66	 722 	 708 
i 775	 814 	 788 
i 971	 677 	 659 
i 919	 851 	 896 
i 105	 885 	 954 
i 447	 989 	 1019 
i 735	 776 	 722 
i 310	 457 	 454 
i 973	 871 	 864 
i 544	 761 	 797 
i 231	 408 	 457 
i 22	 793 	 797 
i 659	 236 	 234 
i 491	 602 	 584 
i 363	 362 	 365 
i 351	 228 	 320 
i 99	 808 	 847 
i 488	 125 	 26 
i 343	 560 	 656 
i 75	 975 	 980 
i 410	 692 	 743 
i 178	 466 	 521 
i 319	 930 	 917 
i 871	 480 	 565 
i 154	 846 	 804 
i 286	 417 	 445 
i 70	 384 	 432 
i 87	 116 	 61 
i 592	 124 	 138 
i 564	 997 	 1026 
i 219	 575 	 486 
i 619	 359 	 305 
i 541	 163 	 173 
i 956	 552 	 536 
i 784	 489 	 504 
i 129	 748 	 820 
i 437	 430 	 516 
i 443	 200 	 103 
i 458	 403 	 424 
i 455	 911 	 845 
i 978	 596 	 574 
i 258	 646 	 548 
i 317	 853 	 863 
i 813	 455 	 456 
i 239	 831 	 789 
i 955	 454 	 438 
i 316	 331 	 402 
i 416	 270 	 230 
i 744	 286 	 337 
i 644	 828 	 770 
i 190	 983 	 921 
i 792	 443 	 433 
i 628	 453 	 506 
i 16	 944 	 960 
i 825	 507 	 570 
i 212	 767 	 822 
i 460	 253 	 171 
i 640	 127 	 128 
i 837	 394 	 344 
i 645	 180 	 258 
i 626	 370 	 286 
i 1	 542 	 617 
i 386	 942 	 942 
i 324	 735 	 739 
i 770	 362 	 331 
i 509	 202 	 213 
i 669	 891 	 794 
i 687	 971 	 1002 
i 6	 532 	 530 
i 84	 754 	 681 
i 377	 660 	 713 
i 861	 736 	 789 
i 797	 626 	 556 
i 500	 186 	 181 
i 783	 648 	 597 
i 885	 956 	 1006 
i 763	 562 	 546 
i 731	 577 	 498 
i 206	 273 	 196 
i 930	 712 	 651 
i 549	 836 	 851 
i 252	 628 	 615 
i 832	 420 	 366 
i 916	 555 	 601 
i 522	 978 	 981 
i 472	 308 	 288 
i 980	 978 	 911 
i 505	 465 	 544 
i 687	 563 	 483 
i 365	 666 	 572 
i 181	 844 	 860 
i 762	 467 	 534 
i 111	 856 	 889 
i 611	 175 	 191 
i 587	 828 	 749 
i 809	 399 	 414 
i 785	 757 	 768 
i 184	 905 	 817 
i 693	 815 	 865 
i 318	 908 	 831 
i 142	 938 	 897 
i 543	 568 	 479 
i 381	 423 	 357 
i 454	 127 	 183 
i 261	 647 	 620 
i 585	 742 	 677 
i 312	 368 	 460 
i 207	 865 	 794 
i 998	 922 	 990 
i 895	 702 	 633 
i 826	 805 	 764 
i 342	 181 	 249 
i 692	 234 	 178 
i 711	 385 	 420 
i 316	 192 	 279 
i 26	 520 	 524 
i 316	 679 	 746 
i 165	 647 	 555 
i 78	 778 	 686 
i 743	 636 	 723 
i 525	 776 	 828 
i 603	 154 	 74 
i 742	 903 	 962 
i 52	 213 	 214 
i 143	 816 	 880 
i 603	 761 	 830 
i 243	 338 	 271 
i 845	 192 	 157 
i 596	 229 	 210 
i 187	 265 	 194 
i 935	 208 	 242 
i 983	 886 	 841 
i 875	 979 	 882 
i 990	 798 	 712 
i 784	 361 	 303 
i 516	 204 	 267 
i 771	 959 	 870 
i 863	 217 	 298 
i 996	 510 	 510 
i 171	 871 	 908 
i 281	 115 	 139 
i 153	 715 	 736 
i 130	 961 	 957 
i 902	 979 	 973 
i 185	 153 	 104 
i 290	 342 	 396 
i 245	 179 	 188 
i 364	 232 	 213 
i 813	 148 	 129 
i 669	 594 	 609 
i 675	 317 	 388 
i 354	 872 	 773 
i 312	 523 	 450 
i 288	 952 	 860 
i 336	 484 	 429 
i 596	 713 	 716 
i 673	 512 	 564 
i 810	 997 	 921 
i 853	 472 	 559 
i 397	 832 	 853 
i 629	 455 	 411 
i 486	 328 	 355 
i 949	 337 	 426 
i 896	 461 	 408 
i 317	 498 	 512 
i 995	 699 	 632 
i 447	 269 	 337 
i 445	 945 	 975 
i 850	 167 	 167 
i 662	 112 	 192 
i 51	 652 	 658 
i 295	 903 	 806 
i 549	 580 	 673 
i 942	 534 	 606 
i 379	 744 	 679 
i 41	 363 	 297 
i 220	 511 	 535 
i 159	 370 	 283 
i 223	 949 	 1032 
i 224	 509 	 524 
i 833	 421 	 446 
i 725	 893 	 977 
i 253	 908 	 902 
i 729	 878 	 861 
i 441	 756 	 814 
i 724	 916 	 982 
i 176	 182 	 92 
i 467	 734 	 676 
i 411	 793 	 779 
i 858	 719 	 750 
i 208	 345 	 343 
i 89	 905 	 848 
i 985	 837 	 831 
i 848	 368 	 307 
i 575	 737 	 765 
i 481	 554 	 527 
i 560	 407 	 415 
i 262	 455 	 356 
i 30	 644 	 627 
i 714	 141 	 96 
i 978	 727 	 724 
i 871	 276 	 290 
i 688	 469 	 480 
i 978	 887 	 868 
i 683	 176 	 272 
i 183	 745 	 737 
i 516	 181 	 85 
i 903	 662 	 619 
i 503	 670 	 633 
i 537	 153 	 59 
i 231	 400 	 301 
i 417	 832 	 907 
i 819	 453 	 466 
i 693	 951 	 960 
i 767	 425 	 371 
i 481	 410 	 392 
i 561	 822 	 907 
i 182	 843 	 909 
i 810	 209 	 175 
i 859	 490 	 564 
i 185	 517 	 437 
i 996	 524 	 527 
i 383	 417 	 384 
i 328	 923 	 829 
i 681	 520 	 579 
i 18	 725 	 680 
i 818	 203 	 271 
i 642	 140 	 44 
i 753	 879 	 945 
i 180	 287 	 325 
i 636	 173 	 248 
i 102	 264 	 338 
i 446	 725 	 676 
i 360	 137 	 153 
i 820	 165 	 117 
i 511	 875 	 831 
i 615	 235 	 155 
i 648	 983 	 1031 
i 513	 113 	 112 
i 711	 853 	 887 
i 781	 579 	 541 
i 954	 469 	 451 
i 645	 356 	 427 
i 675	 584 	 527 
i 737	 214 	 121 
i 597	 449 	 458 
i 737	 700 	 633 
i 718	 789 	 851 
i 721	 560 	 525 
i 557	 112 	 19 
i 84	 712 	 775 
i 487	 988 	 1042 
i 763	 465 	 448 
i 296	 339 	 257 
i 412	 533 	 598 
i 792	 567 	 552 
i 456	 167 	 99 
i 219	 314 	 390 
i 725	 148 	 168 
i 726	 437 	 369 
i 402	 470 	 419 
i 389	 309 	 355 
i 788	 996 	 995 
i 46	 479 	 537 
i 521	 561 	 501 
i 36	 410 	 508 
i 99	 790 	 780 
i 327	 936 	 969 
i 369	 833 	 811 
i 736	 481 	 405 
i 142	 625 	 629 
i 365	 842 	 924 
i 361	 604 	 644 
i 774	 155 	 204 
i 282	 858 	 811 
i 619	 149 	 109 
i 383	 145 	 125 
i 312	 545 	 590 
i 125	 251 	 170 
i 541	 602 	 669 
i 120	 710 	 805 
i 943	 286 	 254 
i 498	 208 	 248 
i 549	 831 	 826 
i 390	 606 	 657 
i 434	 845 	 820 
i 472	 226 	 278 
i 961	 583 	 497 
i 120	 343 	 282 
i 673	 430 	 477 
i 347	 283 	 354 
i 544	 263 	 323 
i 653	 566 	 525 
i 464	 301 	 370 
i 22	 725 	 672 
i 847	 510 	 544 
i 976	 846 	 774 
i 509	 633 	 554 
i 769	 697 	 642 
i 130	 873 	 952 
i 324	 640 	 589 
i 495	 514 	 571 
i 8	 338 	 326 
i 222	 604 	 685 
i 912	 470 	 555 
i 363	 682 	 737 
i 190	 391 	 441 
i 777	 519 	 471 
i 438	 613 	 519 
i 295	 814 	 746 
i 890	 724 	 720 
i 345	 942 	 1037 
i 601	 755 	 852 
i 157	 259 	 200 
i 560	 177 	 101 
i 204	 113 	 109 
i 519	 803 	 837 
i 978	 583 	 573 
i 544	 815 	 892 
i 335	 843 	 779 
i 25	 986 	 900 
i 960	 527 	 510 
i 684	 508 	 411 
i 851	 496 	 431 
i 926	 680 	 727 
i 928	 788 	 876 
i 708	 328 	 319 
i 240	 927 	 914 
i 33	 438 	 534 
i 856	 339 	 302 
i 840	 502 	 470 
i 309	 568 	 528 
i 756	 940 	 1037 
i 190	 958 	 1025 
i 830	 226 	 278 
i 592	 880 	 918 
i 837	 827 	 807 
i 756	 346 	 373 
i 125	 735 	 769 
i 382	 718 	 723 
i 822	 999 	 972 
i 337	 414 	 449 
i 271	 681 	 667 
i 224	 669 	 693 
i 353	 524 	 514 
i 219	 314 	 223 
i 26	 930 	 1006 
i 290	 396 	 423 
i 991	 965 	 1017 
i 675	 673 	 602 
i 674	 254 	 347 
i 16	 582 	 543 
i 658	 295 	 310 
i 286	 681 	 740 
i 751	 346 	 276 
i 979	 750 	 724 
i 901	 790 	 769 
i 223	 687 	 724 
i 184	 366 	 401 
i 816	 156 	 126 
i 977	 286 	 191 
i 508	 258 	 166 
i 716	 529 	 569 
i 358	 152 	 249 
i 623	 863 	 910 
i 342	 998 	 1041 
i 107	 440 	 463 
i 755	 793 	 861 
i 43	 514 	 418 
i 94	 228 	 296 
i 291	 542 	 605 
i 457	 567 	 532 
i 927	 606 	 514 
i 974	 340 	 320 
i 820	 329 	 233 
i 819	 984 	 957 
i 190	 733 	 727 
i 957	 394 	 339 
i 412	 253 	 206 
i 544	 275 	 247 
i 31	 133 	 163 
i 544	 861 	 783 
i 102	 262 	 169 
i 360	 300 	 202 
i 605	 656 	 722 
i 588	 676 	 706 
i 289	 112 	 180 
i 608	 531 	 591 
i 768	 733 	 675 
i 953	 972 	 1023 
i 978	 406 	 463 
i 823	 987 	 953 
i 993	 197 	 183 
i 207	 232 	 290 
i 819	 244 	 223 
i 456	 985 	 1082 
i 458	 677 	 632 
i 930	 538 	 614 
i 631	 361 	 391 
i 600	 550 	 570 
i 932	 334 	 350 
i 918	 145 	 126 
i 17	 440 	 419 
i 153	 825 	 846 
i 303	 641 	 626 
i 287	 995 	 1071 
i 924	 983 	 950 
i 405	 339 	 293 
i 686	 235 	 315 
i 182	 814 	 814 
i 433	 463 	 449 
i 472	 981 	 951 
i 843	 453 	 426 
i 647	 808 	 812 
i 244	 458 	 522 
i 238	 837 	 759 
i 220	 732 	 639 
i 476	 145 	 132 
i 616	 385 	 310 
i 407	 298 	 259 
i 803	 744 	 792 
i 782	 240 	 182 
i 168	 554 	 465 
i 952	 882 	 922 
i 344	 457 	 546 
i 162	 300 	 236 
i 861	 399 	 379 
i 899	 430 	 505 
i 209	 821 	 820 
i 419	 934 	 1014 
i 132	 318 	 359 
i 278	 977 	 974 
i 776	 277 	 308 
i 644	 327 	 348 
i 34	 951 	 1041 
i 248	 903 	 825 
i 572	 177 	 272 
i 931	 536 	 611 
i 731	 429 	 345 
i 657	 869 	 869 
i 891	 782 	 809 
i 866	 520 	 602 
i 54	 954 	 991 
i 297	 648 	 614 
i 242	 301 	 274 
i 134	 259 	 282 
i 209	 361 	 298 
i 687	 340 	 263 
i 45	 229 	 299 
i 897	 304 	 305 
i 653	 752 	 731 
i 115	 427 	 380 
i 64	 350 	 313 
i 668	 963 	 986 
i 882	 371 	 442 
i 50	 698 	 796 
i 331	 357 	 296 
i 589	 524 	 601 
i 722	 630 	 716 
i 939	 498 	 563 
i 661	 950 	 946 
i 18	 416 	 435 
i 287	 653 	 685 
i 246	 937 	 902 
i 539	 595 	 537 
i 201	 469 	 421 
i 477	 461 	 479 
i 942	 638 	 574 
i 527	 537 	 617 
i 962	 476 	 544 
i 906	 324 	 324 
i 251	 753 	 757 
i 860	 395 	 456 
i 790	 982 	 892 
i 335	 385 	 403 
i 738	 572 	 630 
i 132	 803 	 757 
i 725	 440 	 382 
i 206	 600 	 647 
i 616	 513 	 553 
i 857	 373 	 394 
i 580	 821 	 892 
i 899	 395 	 438 
i 879	 224 	 225 
i 188	 272 	 340 
i 707	 799 	 815 
i 486	 615 	 657 
i 856	 855 	 842 
i 408	 155 	 183 
i 860	 812 	 764 
i 157	 546 	 469 
i 955	 197 	 236 
i 275	 960 	 979 
i 402	 710 	 705 
i 583	 273 	 305 
i 358	 134 	 108 
i 924	 650 	 721 
i 762	 396 	 438 
i 812	 786 	 710 
i 601	 469 	 565 
i 92	 701 	 628 
i 189	 806 	 724 
i 145	 537 	 510 
i 818	 179 	 233 
i 1	 603 	 573 
i 27	 304 	 346 
i 634	 635 	 662 
i 955	 508 	 487 
i 715	 253 	 195 
i 119	 361 	 423 
i 782	 346 	 426 
i 565	 469 	 387 
i 45	 552 	 499 
i 122	 879 	 790 
i 675	 674 	 585 
i 892	 989 	 905 
i 482	 732 	 775 
i 929	 408 	 442 
i 90	 762 	 739 
i 372	 950 	 951 
i 636	 783 	 740 
i 40	 697 	 767 
i 535	 779 	 858 
i 400	 989 	 892 
i 35	 149 	 187 
i 23	 199 	 216 
i 721	 273 	 186 
i 56	 911 	 1010 
i 789	 619 	 536 
i 733	 963 	 954 
i 490	 524 	 443 
i 150	 780 	 707 
i 901	 649 	 683 
i 889	 558 	 472 
i 933	 574 	 494 
i 34	 302 	 227 
i 216	 823 	 892 
i 116	 883 	 963 
i 688	 881 	 919 
i 647	 958 	 943 
i 113	 478 	 561 
i 865	 563 	 476 
i 471	 683 	 776 
i 974	 390 	 461 
i 497	 453 	 511 
i 711	 546 	 610 
i 512	 658 	 565 
i 382	 523 	 454 
i 248	 437 	 505 
i 202	 165 	 163 
i 615	 544 	 564 
i 124	 469 	 462 
i 767	 528 	 615 
i 83	 498 	 580 
i 467	 371 	 353 
i 957	 184 	 108 
i 573	 916 	 942 
i 38	 951 	 854 
i 405	 200 	 152 
i 466	 949 	 942 
i 953	 497 	 413 
i 357	 144 	 84 
i 826	 560 	 654 
i 262	 506 	 416 
i 555	 430 	 434 
i 637	 795 	 790 
i 543	 904 	 814 
i 489	 579 	 496 
i 589	 593 	 592 
i 533	 828 	 920 
i 967	 354 	 436 
i 5	 426 	 380 
i 509	 608 	 527 
i 954	 583 	 554 
i 313	 631 	 713 
i 83	 206 	 216 
i 975	 631 	 550 
i 502	 678 	 694 
i 45	 758 	 692 
i 852	 309 	 350 
i 127	 274 	 308 
i 481	 198 	 233 
i 41	 440 	 377 
i 572	 526 	 454 
i 158	 846 	 836 
i 265	 770 	 777 
i 851	 371 	 373 
i 489	 456 	 358 
i 218	 975 	 886 
i 441	 239 	 321 
i 625	 866 	 773 
i 723	 575 	 578 
i 94	 288 	 299 
i 562	 453 	 379 
i 389	 577 	 534 
i 131	 980 	 990 
i 425	 568 	 548 
i 813	 133 	 211 
i 785	 144 	 66 
i 930	 196 	 206 
i 780	 116 	 51 
i 303	 149 	 228 
i 502	 609 	 707 
i 887	 217 	 228 
i 412	 333 	 422 
i 390	 590 	 505 
i 904	 193 	 193 
i 929	 552 	 514 
i 967	 458 	 377 
i 64	 556 	 461 
i 70	 158 	 219 
i 113	 314 	 236 
i 673	 225 	 247 
i 793	 220 	 220 
i 44	 714 	 796 
i 582	 665 	 625 
i 675	 733 	 674 
i 172	 289 	 216 
i 562	 568 	 488 
i 64	 656 	 589 
i 117	 682 	 629 
i 346	 512 	 481 
i 475	 612 	 516 
i 598	 268 	 331 
i 277	 714 	 785 
i 901	 636 	 624 
i 601	 905 	 828 
i 802	 200 	 157 
i 317	 322 	 392 
i 930	 415 	 498 
i 573	 564 	 470 
i 25	 775 	 750 
i 588	 198 	 268 
i 765	 218 	 208 
i 444	 944 	 989 
i 35	 819 	 845 
i 928	 323 	 269 
i 30	 428 	 334 
i 268	 685 	 655 
i 610	 553 	 509 
i 121	 477 	 547 
i 868	 506 	 581 
i 966	 843 	 836 
i 88	 713 	 659 
i 26	 226 	 260 
i 822	 875 	 916 
i 62	 546 	 573 
i 419	 753 	 786 
i 65	 783 	 870 
i 562	 205 	 214 
i 974	 454 	 487 
i 420	 324 	 331 
i 244	 215 	 215 
i 921	 628 	 645 
i 52	 833 	 855 
i 911	 544 	 531 
i 402	 285 	 284 
i 124	 852 	 935 
i 879	 557 	 653 
i 986	 499 	 507 
i 373	 985 	 988 
i 613	 688 	 775 
i 730	 275 	 211 
i 313	 721 	 641 
i 127	 355 	 286 
i 614	 902 	 815 
i 810	 401 	 394 
i 644	 844 	 862 
i 146	 771 	 765 
i 583	 755 	 746 
i 567	 350 	 416 
i 217	 812 	 800 
i 401	 757 	 691 
i 88	 919 	 916 
i 363	 123 	 145 
i 253	 261 	 206 
i 580	 320 	 227 
i 405	 737 	 773 
i 149	 374 	 439 
i 873	 793 	 775 
i 144	 311 	 406 
i 932	 161 	 99 
i 659	 556 	 575 
i 569	 711 	 747 
i 583	 255 	 164 
i 753	 801 	 760 
i 989	 114 	 189 
i 693	 147 	 103 
i 989	 753 	 739 
i 758	 600 	 561 
i 984	 965 	 955 
i 41	 945 	 921 
i 542	 229 	 137 
i 218	 758 	 780 
i 380	 477 	 415 
i 157	 518 	 607 
i 161	 784 	 871 
i 202	 677 	 702 
i 924	 929 	 952 
i 475	 425 	 400 
i 437	 698 	 670 
i 376	 209 	 189 
i 509	 549 	 637 
i 238	 586 	 518 
i 650	 240 	 248 
i 108	 413 	 452 
i 865	 367 	 438 
i 502	 310 	 222 
i 424	 871 	 968 
i 777	 532 	 524 
i 438	 868 	 947 
i 549	 301 	 255 
i 42	 659 	 715 
i 576	 610 	 514 
i 722	 753 	 787 
i 64	 346 	 401 
i 352	 967 	 995 
i 576	 842 	 771 
i 432	 896 	 910 
i 906	 883 	 852 
i 758	 404 	 461 
i 972	 313 	 279 
i 589	 556 	 531 
i 151	 364 	 454 
i 873	 383 	 418 
i 139	 980 	 1027 
i 103	 784 	 702 
i 925	 468 	 501 
i 808	 598 	 517 
i 677	 217 	 117 
i 8	 526 	 578 
i 235	 336 	 383 
i 736	 633 	 597 
i 21	 968 	 962 
i 327	 927 	 896 
i 305	 639 	 636 
i 63	 407 	 425 
i 464	 487 	 490 
i 13	 191 	 155 
i 132	 279 	 179 
i 599	 283 	 184 
i 852	 961 	 909 
i 441	 726 	 821 
i 406	 126 	 26 
i 324	 548 	 513 
i 918	 858 	 884 
i 252	 402 	 440 
i 675	 927 	 858 
i 766	 496 	 430 
i 955	 785 	 745 
i 150	 786 	 866 
i 107	 794 	 845 
i 799	 122 	 61 
i 816	 992 	 1012 
i 308	 993 	 1078 
i 149	 395 	 463 
i 477	 957 	 876 
i 395	 686 	 740 
i 829	 827 	 834 
i 587	 980 	 978 
i 348	 360 	 388 
i 117	 274 	 323 
i 130	 945 	 954 
i 122	 231 	 203 
i 114	 766 	 800 
i 434	 700 	 763 
i 387	 562 	 521 
i 35	 647 	 685 
i 840	 443 	 447 
i 817	 920 	 841 
i 99	 468 	 459 
i 283	 149 	 163 
i 222	 814 	 854 
i 357	 411 	 475 
i 95	 734 	 821 
i 758	 442 	 416 
i 266	 282 	 333 
i 868	 545 	 603 
i 243	 271 	 297 
i 153	 734 	 724 
i 555	 831 	 840 
i 598	 347 	 413 
i 390	 857 	 767 
i 728	 592 	 574 
i 430	 436 	 437 
i 803	 381 	 333 
i 995	 712 	 717 
i 485	 498 	 477 
i 665	 314 	 342 
i 367	 877 	 935 
i 177	 389 	 358 
i 443	 878 	 967 
i 283	 729 	 696 
i 824	 777 	 689 
i 191	 254 	 252 
i 495	 704 	 663 
i 172	 939 	 897 
i 608	 520 	 575 
i 837	 874 	 862 
i 699	 554 	 615 
i 13	 371 	 468 
i 875	 680 	 665 
i 570	 633 	 675 
i 320	 932 	 939 
i 482	 990 	 1035 
i 150	 541 	 485 
i 81	 805 	 783 
i 541	 177 	 77 
i 400	 869 	 936 
i 899	 373 	 380 
i 192	 204 	 214 
i 832	 192 	 177 
i 420	 574 	 673 
i 344	 319 	 282 
i 333	 795 	 854 
i 816	 553 	 642 
i 598	 750 	 655 
i 673	 212 	 225 
i 526	 214 	 307 
i 821	 960 	 1033 
i 927	 550 	 462 
i 20	 150 	 228 
i 541	 528 	 490 
i 775	 524 	 555 
i 545	 805 	 903 
i 43	 625 	 686 
i 762	 577 	 558 
i 876	 601 	 516 
i 992	 218 	 238 
i 948	 191 	 176 
i 442	 963 	 933 
i 487	 128 	 102 
i 956	 922 	 1004 
i 421	 311 	 348 
i 202	 896 	 842 
i 780	 888 	 843 
i 305	 716 	 623 
i 857	 188 	 271 
i 978	 257 	 338 
i 69	 795 	 866 
i 27	 284 	 243 
i 47	 598 	 655 
i 958	 928 	 976 
i 185	 851 	 783 
i 69	 574 	 546 
i 942	 781 	 709 
i 624	 138 	 127 
i 710	 173 	 134 
i 875	 987 	 943 
i 645	 905 	 875 
i 840	 778 	 754 
i 388	 154 	 139 
i 308	 853 	 830 
i 141	 623 	 636 
i 661	 767 	 794 
i 416	 202 	 218 
i 447	 330 	 270 
i 517	 729 	 811 
i 503	 113 	 171 
i 397	 366 	 353 
i 147	 680 	 635 
i 196	 129 	 161 
i 31	 508 	 602 
i 607	 851 	 773 
i 346	 468 	 522 
i 448	 147 	 84 
i 695	 663 	 690 
i 392	 844 	 774 
i 395	 769 	 800 
i 682	 582 	 492 
i 323	 969 	 908 
i 344	 325 	 304 
i 791	 915 	 900 
i 624	 890 	 796 
i 27	 989 	 964 
i 68	 787 	 852 
i 688	 955 	 959 
i 514	 632 	 714 
i 255	 768 	 729 
i 785	 463 	 561 
i 751	 509 	 471 
i 993	 687 	 718 
i 898	 149 	 138 
i 775	 528 	 442 
i 763	 557 	 477 
i 524	 894 	 827 
i 475	 740 	 811 
i 62	 315 	 289 
i 801	 239 	 263 
i 198	 513 	 494 
i 646	 505 	 437 
i 295	 784 	 714 
i 338	 480 	 390 
i 807	 879 	 944 
i 310	 945 	 963 
i 191	 145 	 68 
i 899	 294 	 311 
i 130	 166 	 196 
i 274	 495 	 485 
i 727	 162 	 192 
i 171	 526 	 485 
i 928	 669 	 687 
i 344	 807 	 892 
i 209	 853 	 900 
i 147	 700 	 609 
i 186	 336 	 283 
i 392	 438 	 365 
i 455	 963 	 916 
i 887	 653 	 661 
i 945	 166 	 119 
i 413	 744 	 731 
i 42	 119 	 92 
i 824	 645 	 687 
i 660	 582 	 665 
i 323	 349 	 262 
i 577	 390 	 340 
i 946	 602 	 630 
i 904	 724 	 643 
i 515	 961 	 1058 
i 577	 553 	 639 
i 290	 791 	 760 
i 300	 293 	 270 
i 901	 620 	 562 
i 432	 363 	 437 
i 700	 292 	 230 
i 15	 351 	 405 
i 567	 575 	 618 
i 258	 259 	 283 
i 214	 348 	 275 
i 711	 336 	 378 
i 478	 276 	 176 
i 683	 583 	 543 
i 256	 927 	 868 
i 541	 226 	 253 
i 745	 111 	 78 
i 16	 284 	 254 
i 539	 970 	 1054 
i 706	 719 	 654 
i 972	 383 	 361 
i 227	 505 	 425 
i 413	 251 	 267 
i 944	 255 	 207 
i 863	 525 	 529 
i 992	 709 	 621 
i 993	 387 	 448 
i 189	 688 	 752 
i 155	 113 	 85 
i 839	 931 	 844 
i 146	 201 	 108 
i 589	 549 	 502 
i 747	 641 	 676 
i 909	 269 	 293 
i 376	 504 	 501 
i 49	 966 	 961 
i 360	 131 	 125 
i 10	 847 	 878 
i 13	 689 	 751 
i 935	 120 	 150 
i 38	 178 	 237 
i 531	 213 	 190 
i 128	 449 	 376 
i 306	 162 	 70 
i 748	 716 	 700 
i 711	 258 	 251 
i 734	 683 	 748 
i 563	 213 	 280 
i 214	 800 	 870 
i 224	 635 	 692 
i 301	 328 	 392 
i 416	 150 	 120 
i 796	 496 	 492 
i 854	 616 	 673 
i 535	 656 	 663 
i 701	 141 	 90 
i 345	 558 	 654 
i 460	 405 	 414 
i 236	 262 	 313 
i 826	 129 	 225 
i 71	 828 	 784 
i 115	 671 	 710 
i 548	 986 	 985 
i 118	 526 	 496 
i 731	 338 	 414 
i 765	 815 	 832 
i 268	 146 	 232 
i 600	 130 	 108 
i 769	 615 	 640 
i 790	 401 	 391 
i 597	 387 	 391 
i 228	 639 	 666 
i 214	 373 	 310 
i 681	 813 	 773 
i 936	 236 	 142 
i 729	 133 	 192 
i 769	 654 	 567 
i 791	 592 	 625 
i 360	 940 	 927 
i 687	 608 	 553 
i 997	 121 	 185 
i 592	 587 	 497 
i 887	 265 	 218 
i 678	 431 	 520 
i 819	 701 	 777 
i 844	 732 	 754 
i 456	 554 	 530 
i 998	 614 	 548 
i 930	 319 	 325 
i 490	 707 	 650 
i 502	 909 	 852 
i 39	 753 	 814 
i 212	 800 	 839 
i 573	 147 	 122 
i 238	 989 	 927 
i 936	 886 	 793 
i 436	 542 	 541 
i 3	 881 	 879 
i 237	 147 	 131 
i 907	 621 	 703 
i 806	 816 	 799 
i 529	 120 	 110 
i 304	 840 	 873 
i 346	 571 	 518 
i 334	 905 	 900 
i 207	 188 	 170 
i 692	 223 	 292 
i 559	 664 	 734 
i 600	 213 	 130 
i 174	 590 	 689 
i 967	 514 	 574 
i 977	 884 	 850 
i 798	 400 	 426 
i 316	 992 	 1088 
i 209	 316 	 278 
i 297	 740 	 744 
i 424	 219 	 161 
i 46	 974 	 1028 
i 161	 842 	 816 
i 700	 921 	 930 
i 155	 918 	 920 
i 25	 742 	 740 
i 350	 147 	 104 
i 342	 711 	 732 
i 574	 694 	 756 
i 283	 974 	 896 
i 404	 549 	 555 
i 376	 739 	 755 
i 199	 537 	 585 
i 111	 868 	 856 
i 19	 465 	 484 
i 728	 922 	 946 
i 769	 470 	 564 
i 445	 727 	 689 
i 102	 376 	 453 
i 74	 211 	 144 
i 566	 310 	 324 
i 273	 785 	 874 
i 752	 412 	 341 
i 605	 182 	 133 
i 5	 575 	 530 
i 917	 216 	 116 
i 321	 768 	 822 
i 15	 742 	 685 
i 313	 132 	 96 
i 427	 920 	 898 
i 651	 182 	 274 
i 410	 692 	 638 
i 749	 647 	 744 
i 829	 779 	 797 
i 352	 119 	 138 
i 471	 365 	 367 
i 211	 370 	 436 
i 921	 169 	 238 
i 945	 364 	 296 
i 856	 649 	 666 
i 936	 999 	 946 
i 591	 964 	 993 
i 195	 282 	 261 
i 946	 270 	 215 
i 956	 795 	 810 
i 243	 436 	 345 
i 534	 891 	 843 
i 599	 743 	 679 
i 884	 608 	 533 
i 490	 751 	 847 
i 489	 384 	 467 
i 449	 596 	 597 
i 642	 284 	 324 
i 820	 637 	 667 
i 591	 838 	 859 
i 956	 464 	 533 
i 834	 508 	 484 
i 546	 740 	 836 
i 106	 901 	 974 
i 825	 124 	 95 
i 134	 997 	 1065 
i 680	 925 	 883 
i 875	 489 	 576 
i 467	 226 	 277 
i 286	 804 	 773 
i 684	 454 	 414 
i 132	 320 	 247 
i 839	 660 	 696 
i 727	 644 	 701 
i 742	 525 	 547 
i 739	 841 	 890 
i 655	 703 	 688 
i 81	 964 	 924 
i 211	 906 	 960 
i 990	 689 	 600 
i 377	 997 	 1045 
i 612	 378 	 452 
i 231	 500 	 542 
i 830	 219 	 206 
i 297	 920 	 856 
i 119	 578 	 662 
i 784	 354 	 369 
i 744	 735 	 766 
i 639	 116 	 189 
i 290	 801 	 872 
i 288	 852 	 798 
i 588	 621 	 690 
i 27	 507 	 422 
i 148	 250 	 331 
i 59	 640 	 580 
i 584	 801 	 765 
i 858	 730 	 651 
i 561	 353 	 423 
i 567	 937 	 935 
i 345	 819 	 875 
i 179	 692 	 605 
i 753	 901 	 932 
i 199	 765 	 801 
i 356	 835 	 901 
i 951	 753 	 830 
i 728	 935 	 929 
i 426	 333 	 299 
i 698	 429 	 507 
i 628	 298 	 289 
i 425	 735 	 795 
i 79	 540 	 636 
i 968	 601 	 648 
i 705	 296 	 382 
i 520	 903 	 861 
i 243	 753 	 701 
i 171	 654 	 748 
i 421	 186 	 165 
i 779	 481 	 400 
i 990	 386 	 430 
i 693	 794 	 723 
i 177	 620 	 565 
i 728	 605 	 544 
i 937	 369 	 449 
i 829	 311 	 295 
i 551	 569 	 601 
i 164	 785 	 851 
i 249	 759 	 709 
i 666	 222 	 128 
i 975	 307 	 211 
i 744	 950 	 993 
i 318	 192 	 270 
i 873	 394 	 418 
i 165	 568 	 579 
i 390	 480 	 457 
i 906	 853 	 941 
i 665	 554 	 474 
i 394	 406 	 376 
i 519	 632 	 535 
i 740	 662 	 760 
i 684	 684 	 731 
i 776	 433 	 344 
i 95	 339 	 424 
i 609	 892 	 810 
i 25	 501 	 497 
i 860	 846 	 824 
i 359	 794 	 705 
i 691	 886 	 875 
i 278	 310 	 403 
i 899	 326 	 367 
i 544	 320 	 298 
i 907	 976 	 909 
i 164	 136 	 88 
i 43	 962 	 1036 
i 482	 156 	 235 
i 310	 586 	 637 
i 78	 933 	 856 
i 949	 982 	 1043 
i 174	 492 	 408 
i 416	 464 	 560 
i 651	 204 	 209 
i 625	 553 	 540 
i 653	 702 	 721 
i 610	 935 	 963 
i 661	 821 	 745 
i 197	 729 	 715 
i 123	 513 	 515 
i 104	 615 	 607 
i 533	 444 	 471 
i 930	 519 	 429 
i 37	 505 	 545 
i 534	 975 	 940 
i 199	 473 	 569 
i 127	 117 	 135 
i 926	 688 	 638 
i 622	 798 	 787 
i 75	 295 	 309 
i 642	 750 	 785 
i 18	 271 	 212 
i 477	 836 	 763 
i 920	 881 	 816 
i 893	 618 	 659 
i 301	 909 	 990 
i 308	 892 	 799 
i 957	 529 	 621 
i 731	 754 	 770 
i 938	 265 	 296 
i 658	 774 	 734 
i 838	 485 	 448 
i 654	 671 	 730 
i 521	 795 	 838 
i 92	 951 	 972 
i 989	 692 	 773 
i 868	 611 	 554 
i 339	 642 	 577 
i 63	 608 	 689 
i 237	 238 	 307 
i 982	 823 	 823 
i 404	 202 	 170 
i 35	 485 	 584 
i 803	 303 	 306 
i 748	 940 	 961 
i 403	 593 	 612 
i 965	 513 	 506 
i 563	 706 	 766 
i 122	 862 	 935 
i 265	 780 	 700 
i 67	 643 	 560 
i 169	 201 	 198 
i 589	 505 	 509 
i 806	 501 	 466 
i 739	 959 	 874 
i 282	 610 	 605 
i 734	 252 	 240 
i 404	 665 	 566 
i 250	 492 	 417 
i 3	 374 	 352 
i 601	 466 	 457 
i 703	 542 	 567 
i 147	 977 	 920 
i 585	 554 	 458 
i 540	 845 	 897 
i 103	 913 	 821 
i 262	 450 	 505 
i 885	 845 	 781 
i 314	 851 	 837 
i 610	 965 	 951 
i 10	 426 	 333 
i 495	 834 	 881 
i 470	 504 	 581 
i 968	 697 	 691 
i 795	 719 	 621 
i 698	 508 	 430 
i 80	 547 	 522 
i 905	 350 	 302 
i 738	 512 	 527 
i 699	 896 	 833 
i 55	 394 	 332 
i 868	 425 	 462 
i 311	 193 	 124 
i 971	 981 	 906 
i 655	 511 	 595 
i 103	 521 	 545 
i 594	 623 	 663 
i 863	 957 	 978 
i 315	 300 	 268 
i 199	 811 	 719 
i 517	 976 	 895 
i 871	 260 	 353 
i 964	 872 	 827 
i 943	 125 	 74 
i 394	 239 	 319 
i 856	 170 	 71 
i 433	 722 	 742 
i 384	 457 	 449 
i 597	 996 	 1051 
i 385	 414 	 509 
i 358	 453 	 451 
i 526	 541 	 514 
i 383	 511 	 477 
i 399	 759 	 713 
i 543	 980 	 1013 
i 610	 896 	 900 
i 299	 902 	 993 
i 688	 547 	 515 
i 684	 959 	 1046 
i 25	 763 	 727 
i 410	 743 	 779 
i 894	 294 	 235 
i 345	 620 	 638 
i 75	 914 	 1011 
i 53	 269 	 275 
i 935	 863 	 791 
i 826	 440 	 428 
i 317	 402 	 327 
i 272	 706 	 768 
i 6	 651 	 718 
i 717	 939 	 888 
i 923	 655 	 583 
i 496	 840 	 837 
i 400	 475 	 487 
i 578	 465 	 487 
i 424	 938 	 947 
i 795	 175 	 150 
i 124	 567 	 605 
i 793	 681 	 773 
i 401	 514 	 608 
i 333	 369 	 406 
i 945	 589 	 611 
i 765	 715 	 636 
i 176	 259 	 260 
i 575	 758 	 675 
i 506	 414 	 415 
i 579	 903 	 863 
i 93	 348 	 333 
i 734	 964 	 908 
i 189	 932 	 956 
i 480	 906 	 996 
i 19	 628 	 707 
i 699	 283 	 316 
i 865	 379 	 447 
i 594	 831 	 814 
i 935	 907 	 991 
i 826	 471 	 471 
i 94	 742 	 760 
i 54	 234 	 199 
i 977	 430 	 433 
i 871	 983 	 1082 
i 454	 942 	 844 
i 648	 853 	 895 
i 950	 556 	 571 
i 760	 414 	 348 
i 657	 784 	 705 
i 63	 715 	 801 
i 773	 272 	 177 
i 911	 799 	 715 
i 271	 202 	 113 
i 252	 661 	 747 
i 188	 657 	 633 
i 24	 670 	 576 
i 524	 416 	 512 
i 866	 930 	 978 
i 624	 195 	 174 
i 304	 291 	 283 
i 485	 233 	 180 
i 260	 258 	 187 
i 363	 330 	 313 
i 981	 382 	 415 
i 597	 320 	 391 
i 227	 661 	 737 
i 570	 690 	 671 
i 492	 674 	 628 
i 587	 445 	 524 
i 790	 800 	 739 
i 927	 322 	 358 
i 94	 531 	 619 
i 341	 661 	 622 
i 647	 143 	 100 
i 883	 739 	 816 
i 503	 612 	 534 
i 155	 507 	 543 
i 788	 867 	 802 
i 164	 219 	 271 
i 939	 126 	 136 
i 177	 303 	 299 
i 649	 911 	 925 
i 269	 862 	 945 
i 306	 246 	 258 
i 13	 503 	 492 
i 577	 402 	 491 
i 23	 503 	 423 
i 873	 221 	 299 
i 994	 377 	 288 
i 12	 167 	 265 
i 228	 658 	 592 
i 129	 197 	 261 
i 973	 708 	 625 
i 127	 633 	 611 
i 568	 245 	 226 
i 896	 641 	 737 
i 339	 596 	 497 
i 463	 688 	 763 
i 763	 592 	 666 
i 826	 641 	 717 
i 443	 636 	 558 
i 539	 788 	 736 
i 212	 628 	 570 
i 799	 707 	 675 
i 950	 169 	 250 
i 547	 530 	 591 
i 94	 516 	 444 
i 743	 520 	 541 
i 285	 412 	 386 
i 880	 300 	 239 
i 472	 197 	 225 
i 234	 297 	 232 
i 816	 511 	 489 
i 487	 702 	 640 
i 553	 116 	 44 
i 26	 925 	 962 
i 481	 752 	 808 
i 942	 881 	 885 
i 282	 532 	 593 
i 495	 862 	 900 
i 592	 149 	 81 
i 802	 718 	 697 
i 253	 878 	 820 
i 917	 337 	 376 
i 923	 506 	 456 
i 839	 631 	 586 
i 562	 353 	 404 
i 429	 158 	 198 
i 903	 625 	 721 
i 749	 455 	 450 
i 792	 180 	 93 
i 477	 323 	 397 
i 340	 675 	 599 
i 595	 862 	 770 
i 40	 594 	 687 
i 624	 818 	 879 
i 897	 176 	 149 
i 950	 850 	 909 
i 529	 585 	 624 
i 916	 570 	 559 
i 994	 994 	 942 
i 234	 167 	 210 
i 868	 942 	 853 
i 714	 163 	 193 
i 259	 201 	 239 
i 55	 170 	 133 
i 129	 886 	 828 
i 960	 323 	 255 
i 494	 141 	 179 
i 10	 762 	 783 
i 4	 271 	 291 
i 68	 484 	 551 
i 4	 232 	 273 
i 63	 283 	 266 
i 165	 863 	 898 
i 231	 588 	 634 
i 103	 869 	 941 
i 342	 170 	 234 
i 376	 315 	 277 
i 109	 931 	 895 
i 289	 583 	 548 
i 709	 231 	 210 
i 845	 974 	 953 
i 40	 712 	 704 
i 885	 196 	 221 
i 423	 799 	 870 
i 277	 561 	 653 
i 344	 437 	 397 
i 574	 277 	 312 
i 497	 557 	 614 
i 29	 845 	 760 
i 164	 248 	 304 
i 136	 600 	 625 
i 812	 956 	 989 
i 908	 478 	 489 
i 683	 146 	 241 
i 189	 908 	 859 
i 556	 873 	 892 
i 743	 253 	 187 
i 246	 856 	 889 
i 73	 666 	 705 
i 227	 733 	 805 
i 778	 541 	 640 
i 728	 211 	 273 
i 142	 807 	 850 
i 181	 411 	 391 
i 78	 392 	 410 
i 935	 619 	 548 
i 96	 263 	 341 
i 933	 416 	 343 
i 559	 122 	 63 
i 259	 743 	 729 
i 743	 620 	 562 
i 856	 618 	 706 
i 639	 449 	 365 
i 978	 199 	 151 
i 295	 556 	 524 
i 867	 193 	 148 
i 39	 323 	 297 
i 383	 225 	 186 
i 396	 346 	 419 
i 108	 531 	 455 
i 680	 917 	 990 
i 251	 218 	 262 
i 632	 166 	 138 
i 732	 240 	 208 
i 234	 474 	 501 
i 326	 778 	 778 
i 565	 136 	 144 
i 694	 467 	 552 
i 958	 740 	 704 
i 432	 620 	 605 
i 339	 731 	 652 
i 460	 613 	 585 
i 522	 368 	 466 
i 667	 691 	 735 
i 77	 995 	 1086 
i 827	 672 	 628 
i 855	 231 	 300 
i 257	 714 	 722 
i 964	 648 	 648 
i 538	 934 	 1020 
i 236	 427 	 381 
i 802	 524 	 570 
i 92	 844 	 794 
i 744	 838 	 922 
i 739	 593 	 692 
i 370	 555 	 620 
i 506	 807 	 843 
i 185	 673 	 760 
i 789	 267 	 347 
i 716	 713 	 701 
i 72	 653 	 688 
i 536	 895 	 890 
i 362	 657 	 671 
i 180	 884 	 846 
i 722	 814 	 724 
i 222	 813 	 797 
i 7	 658 	 744 
i 639	 375 	 297 
i 814	 320 	 400 
i 492	 234 	 258 
i 103	 626 	 664 
i 985	 339 	 284 
i 600	 765 	 783 
i 470	 384 	 438 
i 262	 664 	 662 
i 52	 712 	 754 
i 667	 200 	 244 
i 963	 138 	 109 
i 200	 240 	 174 
i 339	 155 	 188 
i 918	 707 	 760 
i 176	 433 	 483 
i 912	 636 	 606 
i 220	 272 	 336 
i 842	 957 	 874 
i 519	 505 	 432 
i 619	 252 	 312 
i 650	 892 	 945 
i 795	 323 	 416 
i 845	 478 	 439 
i 516	 180 	 124 
i 879	 863 	 842 
i 470	 644 	 606 
i 652	 958 	 964 
i 604	 801 	 776 
i 48	 877 	 955 
i 207	 998 	 1000 
i 86	 823 	 755 
i 325	 616 	 707 
i 737	 586 	 646 
i 816	 858 	 822 
i 663	 168 	 107 
i 263	 523 	 556 
i 216	 801 	 765 
i 992	 386 	 471 
i 854	 719 	 813 
i 853	 625 	 560 
i 655	 192 	 145 
i 224	 336 	 353 
i 758	 299 	 264 
i 599	 124 	 52 
i 663	 409 	 470 
i 128	 586 	 499 
i 904	 292 	 248 
i 215	 578 	 533 
i 899	 511 	 437 
i 478	 487 	 583 
i 569	 647 	 674 
i 822	 883 	 955 
i 34	 518 	 542 
i 50	 810 	 754 
i 385	 937 	 1013 
i 919	 766 	 668 
i 124	 827 	 910 
i 649	 191 	 116 
i 101	 437 	 342 
i 524	 554 	 555 
i 128	 541 	 456 
i 996	 220 	 299 
i 456	 987 	 1073 
i 242	 650 	 746 
i 173	 846 	 818 
i 909	 742 	 698 
i 715	 752 	 733 
i 805	 677 	 588 
i 173	 792 	 723 
i 671	 818 	 854 
i 156	 379 	 440 
i 279	 446 	 507 
i 265	 354 	 306 
i 872	 293 	 293 
i 699	 276 	 311 
i 410	 600 	 617 
i 133	 853 	 813 
i 769	 327 	 248 
i 536	 377 	 332 
i 332	 517 	 606 
i 634	 234 	 155 
i 12	 953 	 929 
i 286	 781 	 810 
i 492	 125 	 129 
i 677	 573 	 517 
i 229	 285 	 311 
i 64	 806 	 858 
i 307	 184 	 190 
i 607	 278 	 191 
i 65	 525 	 505 
i 203	 481 	 388 
i 151	 574 	 483 
i 904	 916 	 882 
i 920	 604 	 668 
i 440	 178 	 178 
i 637	 373 	 419 
i 419	 934 	 992 
i 501	 723 	 643 
i 689	 308 	 349 
i 157	 369 	 423 
i 573	 725 	 820 
i 95	 757 	 682 
i 1	 798 	 704 
i 555	 205 	 295 
i 630	 938 	 916 
i 926	 495 	 400 
i 853	 255 	 244 
i 542	 961 	 1050 
i 764	 162 	 189 
i 55	 792 	 850 
i 746	 589 	 562 
i 473	 567 	 559 
i 246	 679 	 671 
i 352	 706 	 609 
i 283	 662 	 691 
i 714	 121 	 135 
i 877	 146 	 131 
i 833	 543 	 636 
i 891	 496 	 542 
i 657	 174 	 231 
i 196	 880 	 886 
i 709	 316 	 217 
i 348	 726 	 676 
i 18	 248 	 268 
i 638	 262 	 339 
i 649	 838 	 858 
i 688	 459 	 454 
i 175	 838 	 800 
i 609	 810 	 750 
i 680	 573 	 645 
i 545	 384 	 295 
i 777	 858 	 911 
i 470	 863 	 785 
i 624	 197 	 123 
i 794	 734 	 787 
i 612	 633 	 616 
i 5	 278 	 199 
i 822	 703 	 659 
i 609	 980 	 1058 
i 130	 271 	 285 
i 437	 147 	 70 
i 277	 197 	 275 
i 123	 877 	 849 
i 221	 978 	 1075 
i 922	 205 	 261 
i 510	 889 	 867 
i 699	 371 	 350 
i 366	 466 	 409 
i 344	 716 	 781 
i 524	 618 	 709 
i 565	 236 	 214 
i 662	 339 	 373 
i 524	 244 	 302 
i 500	 566 	 469 
i 606	 553 	 640 
i 482	 358 	 347 
i 775	 707 	 636 
i 175	 171 	 173 
i 856	 366 	 437 
i 427	 214 	 189 
i 568	 176 	 264 
i 825	 527 	 548 
i 975	 235 	 161 
i 487	 942 	 968 
i 985	 955 	 902 
i 264	 900 	 943 
i 935	 409 	 407 
i 4	 540 	 573 
i 291	 996 	 1001 
i 407	 868 	 958 
i 482	 316 	 320 
i 950	 267 	 236 
i 91	 807 	 771 
i 26	 923 	 984 
i 976	 595 	 653 
i 864	 806 	 717 
i 201	 556 	 654 
i 684	 996 	 1095 
i 679	 702 	 659 
i 531	 280 	 318 
i 762	 238 	 173 
i 938	 701 	 626 
i 721	 119 	 62 
i 635	 405 	 353 
i 180	 235 	 178 
i 962	 941 	 857 
i 464	 992 	 949 
i 460	 985 	 1078 
i 125	 982 	 1011 
i 316	 348 	 283 
i 459	 965 	 1053 
i 123	 233 	 309 
i 133	 345 	 365 
i 464	 539 	 486 
i 604	 755 	 738 
i 538	 950 	 925 
i 529	 136 	 204 
i 513	 390 	 350 
i 493	 362 	 347 
i 759	 938 	 986 
i 721	 208 	 148 
i 859	 156 	 120 
i 124	 939 	 930 
i 605	 585 	 669 
i 330	 796 	 801 
i 275	 278 	 190 
i 304	 616 	 634 
i 618	 477 	 397 
i 900	 746 	 765 
i 832	 237 	 208 
i 942	 897 	 812 
i 993	 188 	 275 
i 925	 476 	 388 
i 459	 882 	 915 
i 231	 812 	 911 
i 419	 390 	 343 
i 987	 446 	 460 
i 399	 972 	 910 
i 114	 176 	 94 
i 256	 708 	 792 
i 141	 136 	 209 
i 228	 206 	 277 
i 639	 150 	 207 
i 507	 204 	 152 
i 297	 796 	 790 
i 611	 791 	 869 
i 987	 142 	 218 
i 957	 652 	 608 
i 32	 823 	 801 
i 703	 905 	 934 
i 731	 838 	 896 
i 838	 719 	 622 
i 883	 594 	 625 
i 988	 403 	 335 
i 759	 621 	 613 
i 525	 154 	 68 
i 561	 948 	 859 
i 170	 843 	 746 
i 971	 203 	 112 
i 864	 553 	 603 
i 682	 241 	 237 
i 367	 944 	 908 
i 910	 960 	 900 
i 240	 655 	 593 
i 814	 802 	 892 
i 862	 323 	 318 
i 805	 386 	 293 
i 628	 439 	 380 
i 732	 454 	 389 
i 230	 497 	 405 
i 376	 275 	 320 
i 314	 704 	 622 
i 269	 990 	 890 
i 881	 282 	 230 
i 659	 454 	 365 
i 897	 411 	 494 
i 208	 835 	 879 
i 578	 868 	 838 
i 964	 163 	 79 
i 399	 322 	 284 
i 585	 360 	 398 
i 253	 115 	 15 
i 242	 197 	 151 
i 435	 198 	 128 
i 821	 414 	 476 
i 160	 463 	 504 
i 974	 391 	 474 
i 826	 145 	 144 
i 885	 457 	 448 
i 123	 532 	 603 
i 403	 811 	 799 
i 408	 536 	 575 
i 505	 539 	 626 
i 604	 781 	 755 
i 945	 917 	 855 
i 342	 750 	 720 
i 657	 491 	 456 
i 695	 418 	 348 
i 86	 858 	 765 
i 560	 378 	 310 
i 348	 252 	 264 
i 826	 647 	 741 
i 309	 377 	 372 
i 63	 321 	 237 
i 969	 653 	 558 
i 688	 825 	 798 
i 117	 250 	 155 
i 463	 541 	 585 
i 304	 678 	 739 
i 604	 712 	 685 
i 763	 856 	 899 
i 366	 468 	 476 
i 665	 444 	 514 
i 902	 869 	 951 
i 512	 942 	 1018 
i 316	 967 	 980 
i 473	 406 	 443 
i 957	 429 	 358 
i 596	 182 	 172 
i 273	 899 	 810 
i 112	 336 	 399 
i 514	 972 	 909 
i 889	 565 	 635 
i 742	 431 	 481 
i 678	 353 	 306 
i 641	 248 	 264 
i 973	 755 	 665 
i 332	 476 	 378 
i 412	 609 	 630 
i 299	 123 	 199 
i 553	 173 	 271 
i 522	 902 	 903 
i 33	 178 	 157 
i 394	 934 	 861 
i 666	 715 	 778 
i 821	 950 	 941 
i 546	 578 	 564 
i 957	 626 	 678 
i 519	 637 	 572 
i 533	 288 	 283 
i 603	 183 	 88 
i 493	 176 	 185 
i 569	 626 	 642 
i 495	 978 	 1073 
i 175	 212 	 240 
i 119	 938 	 930 
i 645	 456 	 357 
i 225	 840 	 933 
i 816	 630 	 627 
i 17	 786 	 689 
i 98	 320 	 344 
i 172	 344 	 266 
i 752	 833 	 869 
i 727	 462 	 397 
i 841	 440 	 410 
i 772	 122 	 116 
i 161	 534 	 457 
i 981	 543 	 511 
i 566	 513 	 444 
i 326	 945 	 879 
i 561	 961 	 915 
i 824	 625 	 613 
i 637	 727 	 666 
i 33	 445 	 529 
i 403	 603 	 656 
i 416	 917 	 924 
i 891	 447 	 486 
i 378	 550 	 586 
i 831	 854 	 803 
i 770	 994 	 1008 
i 727	 260 	 186 
i 306	 502 	 593 
i 998	 897 	 915 
i 375	 183 	 208 
i 928	 115 	 20 
i 835	 796 	 784 
i 214	 386 	 353 
i 709	 118 	 160 
i 545	 724 	 733 
i 538	 943 	 906 
i 707	 562 	 470 
i 148	 681 	 650 
i 33	 643 	 612 
i 115	 283 	 327 
i 120	 840 	 870 
i 891	 866 	 863 
i 201	 373 	 412 
i 210	 672 	 653 
i 899	 419 	 509 
i 835	 904 	 902 
i 344	 295 	 234 
i 985	 333 	 302 
i 585	 643 	 618 
i 779	 951 	 949 
i 600	 703 	 725 
i 450	 392 	 392 
i 745	 824 	 864 
i 378	 556 	 638 
i 724	 919 	 981 
i 617	 877 	 906 
i 825	 425 	 523 
i 76	 601 	 696 
i 674	 908 	 920 
i 620	 355 	 323 
i 287	 793 	 881 
i 604	 449 	 427 
i 406	 897 	 824 
i 907	 634 	 637 
i 817	 558 	 506 
i 679	 392 	 463 
i 34	 969 	 1005 
i 585	 963 	 1014 
i 482	 943 	 929 
i 757	 555 	 465 
i 526	 859 	 826 
i 906	 808 	 896 
i 791	 267 	 236 
i 380	 390 	 341 
i 882	 848 	 762 
i 200	 172 	 222 
i 165	 934 	 991 
i 124	 652 	 626 
i 61	 436 	 506 
i 560	 821 	 842 
i 402	 867 	 794 
i 187	 280 	 188 
i 363	 229 	 295 
i 676	 539 	 481 
i 506	 767 	 686 
i 576	 832 	 790 
i 502	 613 	 604 
i 112	 422 	 438 
i 478	 752 	 780 
i 277	 621 	 561 
i 128	 274 	 295 
i 318	 394 	 452 
i 451	 432 	 362 
i 932	 283 	 349 
i 670	 472 	 439 
i 482	 557 	 639 
i 47	 819 	 802 
i 398	 339 	 344 
i 120	 857 	 757 
i 693	 540 	 496 
i 877	 721 	 702 
i 197	 370 	 415 
i 558	 185 	 120 
i 752	 322 	 243 
i 159	 171 	 226 
i 661	 471 	 423 
i 458	 394 	 355 
i 715	 763 	 804 
i 555	 342 	 407 
i 39	 345 	 348 
i 724	 595 	 574 
i 17	 957 	 975 
i 100	 714 	 644 
i 338	 870 	 950 
i 406	 967 	 879 
i 812	 770 	 814 
i 131	 114 	 50 
i 864	 387 	 466 
i 124	 126 	 116 
i 388	 860 	 857 
i 932	 432 	 374 
i 884	 784 	 730 
i 563	 423 	 389 
i 418	 558 	 591 
i 381	 472 	 386 
i 124	 528 	 605 
i 127	 282 	 185 
i 438	 443 	 518 
i 456	 350 	 250 
i 299	 751 	 729 
i 660	 297 	 261 
i 418	 487 	 428 
i 769	 692 	 746 
i 273	 985 	 922 
i 679	 690 	 704 
i 149	 755 	 793 
i 341	 654 	 718 
i 714	 668 	 619 
i 984	 561 	 604 
i 705	 565 	 467 
i 915	 913 	 947 
i 339	 312 	 230 
i 992	 497 	 569 
i 976	 295 	 221 
i 627	 463 	 525 
i 353	 971 	 1063 
i 963	 699 	 659 
i 591	 540 	 443 
i 99	 770 	 869 
i 609	 517 	 558 
i 512	 529 	 553 
i 738	 239 	 330 
i 174	 321 	 411 
i 381	 197 	 282 
i 777	 315 	 325 
i 745	 149 	 230 
i 407	 114 	 188 
i 889	 381 	 373 
i 631	 395 	 407 
i 90	 395 	 328 
i 560	 133 	 169 
i 705	 684 	 667 
i 941	 647 	 665 
i 39	 604 	 698 
i 269	 539 	 589 
i 312	 143 	 142 
i 316	 950 	 1030 
i 620	 836 	 894 
i 940	 358 	 342 
i 261	 857 	 859 
i 286	 119 	 33 
i 931	 725 	 780 
i 535	 209 	 252 
i 91	 736 	 787 
i 573	 713 	 618 
i 610	 492 	 460 
i 554	 933 	 964 
i 371	 847 	 802 
i 649	 662 	 605 
i 489	 150 	 145 
i 498	 605 	 657 
i 189	 671 	 709 
i 300	 474 	 419 
i 4	 225 	 188 
i 681	 899 	 977 
i 111	 924 	 924 
i 37	 337 	 248 
i 864	 920 	 905 
i 485	 276 	 191 
i 528	 469 	 482 
i 86	 893 	 805 
i 715	 683 	 633 
i 124	 411 	 421 
i 252	 616 	 627 
i 139	 900 	 847 
i 54	 805 	 774 
i 309	 362 	 338 
i 220	 412 	 361 
i 406	 792 	 838 
i 809	 861 	 813 
i 690	 475 	 444 
i 334	 531 	 443 
i 672	 756 	 693 
i 241	 359 	 346 
i 129	 853 	 868 
i 909	 175 	 201 
i 193	 485 	 572 
i 532	 827 	 758 
i 300	 159 	 172 
i 144	 810 	 784 
i 553	 154 	 67 
i 27	 462 	 441 
i 752	 517 	 431 
i 32	 682 	 644 
i 867	 181 	 169 
i 940	 694 	 664 
i 361	 365 	 373 
i 167	 311 	 226 
i 221	 452 	 427 
i 9	 955 	 958 
i 57	 399 	 313 
i 453	 457 	 376 
i 909	 812 	 882 
i 552	 876 	 952 
i 632	 265 	 314 
i 288	 657 	 694 
i 574	 970 	 880 
i 799	 564 	 507 
i 184	 632 	 619 
i 134	 966 	 955 
i 458	 538 	 538 
i 848	 602 	 693 
i 637	 689 	 762 
i 498	 556 	 539 
i 672	 451 	 360 
i 287	 228 	 195 
i 254	 841 	 923 
i 764	 886 	 928 
i 351	 190 	 268 
i 313	 580 	 485 
i 794	 977 	 974 
i 347	 536 	 502 
i 996	 497 	 591 
i 497	 378 	 371 
i 880	 749 	 677 
i 13	 793 	 778 
i 834	 204 	 240 
i 707	 126 	 115 
i 797	 758 	 817 
i 326	 664 	 585 
i 301	 690 	 770 
i 779	 233 	 182 
i 214	 530 	 479 
i 514	 505 	 553 
i 233	 923 	 947 
i 1	 159 	 186 
i 107	 540 	 534 
i 124	 257 	 192 
i 851	 653 	 748 
i 475	 472 	 432 
i 126	 568 	 588 
i 264	 482 	 458 
i 736	 703 	 721 
i 181	 922 	 843 
i 94	 693 	 661 
i 149	 359 	 327 
i 631	 924 	 913 
i 795	 454 	 468 
i 406	 612 	 596 
i 812	 590 	 669 
i 327	 858 	 762 
i 745	 503 	 460 
i 412	 841 	 745 
i 325	 480 	 420 
i 980	 577 	 536 
i 260	 881 	 870 
i 175	 296 	 211 
i 561	 695 	 769 
i 126	 315 	 270 
i 665	 692 	 610 
i 506	 601 	 584 
i 947	 623 	 555 
i 769	 879 	 894 
i 186	 901 	 980 
i 710	 194 	 269 
i 576	 460 	 387 
i 785	 857 	 819 
i 442	 926 	 1000 
i 672	 814 	 714 
i 325	 173 	 206 
i 877	 254 	 188 
i 454	 626 	 549 
i 319	 771 	 848 
i 208	 394 	 308 
i 303	 304 	 360 
i 695	 198 	 169 
i 535	 321 	 249 
i 452	 600 	 617 
i 243	 489 	 440 
i 314	 489 	 505 
i 475	 192 	 184 
i 56	 344 	 426 
i 798	 449 	 395 
i 118	 349 	 337 
i 335	 414 	 462 
i 433	 221 	 208 
i 670	 540 	 634 
i 221	 668 	 653 
i 647	 300 	 333 
i 74	 529 	 625 
i 165	 159 	 150 
i 428	 568 	 570 
i 808	 492 	 454 
i 77	 699 	 684 
i 418	 202 	 254 
i 542	 863 	 802 
i 25	 364 	 437 
i 652	 341 	 258 
i 865	 719 	 766 
i 337	 425 	 486 
i 391	 409 	 503 
i 906	 816 	 796 
i 335	 383 	 325 
i 997	 660 	 617 
i 101	 152 	 192 
i 947	 831 	 780 
i 234	 117 	 71 
i 492	 888 	 972 
i 177	 967 	 1024 
i 531	 732 	 657 
i 866	 562 	 565 
i 660	 539 	 523 
i 966	 896 	 947 
i 585	 194 	 245 
i 632	 449 	 520 
i 442	 186 	 246 
i 450	 405 	 312 
i 325	 646 	 651 
i 289	 578 	 619 
i 987	 390 	 337 
i 496	 502 	 422 
i 977	 961 	 1013 
i 861	 448 	 494 
i 954	 232 	 195 
i 335	 904 	 993 
i 420	 775 	 752 
i 751	 601 	 668 
i 354	 633 	 566 
i 879	 214 	 204 
i 195	 842 	 830 
i 634	 164 	 251 
i 591	 256 	 339 
i 969	 935 	 990 
i 107	 695 	 741 
i 998	 976 	 889 
i 747	 929 	 926 
i 298	 387 	 334 
i 885	 245 	 263 
i 3	 391 	 385 
i 825	 795 	 828 
i 885	 299 	 258 
i 49	 244 	 322 
i 976	 169 	 241 
i 634	 859 	 952 
i 608	 620 	 713 
i 529	 679 	 721 
i 840	 221 	 123 
i 990	 432 	 511 
i 307	 957 	 1036 
i 77	 487 	 531 
i 289	 189 	 211 
i 439	 455 	 486 
i 504	 357 	 384 
i 347	 233 	 186 
i 919	 203 	 278 
i 559	 173 	 154 
i 683	 807 	 756 
i 45	 816 	 763 
i 997	 724 	 732 
i 420	 634 	 658 
i 508	 390 	 471 
i 896	 932 	 901 
i 174	 630 	 700 
i 311	 306 	 245 
i 416	 545 	 468 
i 486	 437 	 472 
i 269	 798 	 770 
i 63	 128 	 109 
i 753	 339 	 319 
i 342	 823 	 887 
i 656	 486 	 452 
i 581	 406 	 351 
i 165	 716 	 696 
i 384	 586 	 628 
i 873	 763 	 688 
i 240	 870 	 893 
i 14	 583 	 659 
i 34	 905 	 994 
i 291	 377 	 416 
i 93	 736 	 644 
i 516	 579 	 618 
i 848	 875 	 830 
i 530	 189 	 177 
i 65	 546 	 611 
i 799	 291 	 331 
i 653	 405 	 493 
i 186	 952 	 1043 
i 79	 849 	 946 
i 379	 802 	 757 
i 82	 535 	 509 
i 609	 573 	 650 
i 469	 305 	 352 
i 557	 553 	 506 
i 47	 947 	 913 
i 250	 795 	 721 
i 581	 529 	 585 
i 527	 478 	 571 
i 358	 438 	 347 
i 137	 428 	 413 
i 614	 677 	 678 
i 134	 119 	 42 
i 353	 909 	 926 
i 849	 675 	 603 
i 791	 913 	 851 
i 561	 319 	 306 
i 33	 436 	 340 
i 445	 244 	 253 
i 813	 218 	 299 
i 171	 261 	 169 
i 807	 641 	 672 
i 816	 204 	 262 
i 715	 310 	 238 
i 350	 832 	 930 
i 253	 960 	 1016 
i 487	 240 	 209 
i 852	 631 	 606 
i 4	 649 	 713 
i 124	 248 	 275 
i 293	 164 	 225 
i 889	 202 	 224 
i 994	 786 	 772 
i 219	 600 	 529 
i 30	 727 	 726 
i 984	 721 	 770 
i 131	 529 	 475 
i 716	 836 	 753 
i 322	 283 	 201 
i 477	 126 	 68 
i 537	 691 	 692 
i 640	 520 	 499 
i 400	 176 	 154 
i 950	 559 	 580 
i 645	 689 	 716 
i 332	 240 	 264 
i 803	 905 	 955 
i 620	 225 	 219 
i 814	 302 	 360 
i 831	 383 	 336 
i 484	 574 	 635 
i 944	 135 	 124 
i 19	 487 	 556 
i 523	 834 	 893 
i 174	 487 	 475 
i 320	 165 	 219 
i 213	 719 	 734 
i 342	 501 	 440 
i 557	 918 	 820 
i 864	 734 	 802 
i 385	 973 	 938 
i 413	 800 	 754 
i 836	 308 	 265 
i 651	 171 	 233 
i 75	 880 	 977 
i 136	 385 	 346 
i 820	 184 	 187 
i 259	 697 	 769 
i 168	 872 	 855 
i 869	 882 	 838 
i 839	 741 	 774 
i 615	 143 	 59 
i 837	 384 	 467 
i 905	 641 	 654 
i 771	 475 	 503 
i 80	 463 	 518 
i 162	 735 	 754 
i 821	 308 	 379 
i 678	 184 	 89 
i 546	 557 	 635 
i 256	 808 	 854 
i 292	 512 	 481 
i 599	 584 	 521 
i 196	 510 	 428 
i 606	 126 	 198 
i 3	 697 	 785 
i 705	 500 	 420 
i 927	 143 	 228 
i 11	 906 	 926 
i 513	 928 	 858 
i 297	 835 	 816 
i 749	 598 	 637 
i 282	 907 	 866 
i 731	 183 	 181 
i 749	 263 	 182 
i 410	 141 	 61 
i 848	 978 	 1039 
i 884	 182 	 228 
i 779	 116 	 164 
i 699	 653 	 604 
i 513	 786 	 796 
i 62	 258 	 218 
i 957	 878 	 895 
i 39	 253 	 216 
i 211	 691 	 604 
i 245	 778 	 773 
i 221	 868 	 832 
i 301	 696 	 637 
i 307	 459 	 556 
i 916	 232 	 269 
i 676	 461 	 400 
i 842	 954 	 906 
i 706	 335 	 278 
i 866	 856 	 807 
i 519	 249 	 242 
i 270	 308 	 350 
i 122	 731 	 817 
i 779	 130 	 76 
i 172	 316 	 323 
i 309	 305 	 296 
i 703	 915 	 841 
i 652	 203 	 297 
i 905	 435 	 471 
i 743	 629 	 638 
i 899	 857 	 770 
i 121	 383 	 349 
i 819	 126 	 117 
i 841	 955 	 902 
i 72	 273 	 254 
i 291	 753 	 796 
i 196	 269 	 252 
i 300	 387 	 301 
i 665	 364 	 459 
i 248	 969 	 1013 
i 88	 566 	 590 
i 394	 624 	 672 
i 411	 921 	 932 
i 361	 438 	 418 
i 544	 648 	 642 
i 267	 122 	 174 
i 445	 759 	 850 
i 755	 243 	 194 
i 41	 307 	 391 
i 7	 287 	 221 
i 518	 929 	 880 
i 96	 591 	 621 
i 8	 361 	 273 
i 376	 859 	 843 
i 980	 326 	 419 
i 992	 746 	 693 
i 722	 536 	 572 
i 871	 499 	 486 
i 93	 729 	 724 
i 292	 661 	 657 
i 212	 813 	 713 
i 752	 153 	 72 
i 35	 732 	 652 
i 875	 788 	 783 
i 118	 276 	 267 
i 833	 248 	 238 
i 312	 457 	 391 
i 749	 172 	 81 
i 445	 560 	 487 
i 64	 983 	 968 
i 853	 523 	 551 
i 901	 524 	 502 
i 600	 609 	 594 
i 363	 701 	 661 
i 549	 238 	 222 
i 703	 647 	 597 
i 93	 160 	 173 
i 163	 315 	 278 
i 668	 355 	 407 
i 650	 477 	 541 
i 114	 859 	 894 
i 579	 539 	 554 
i 140	 889 	 824 
i 804	 380 	 388 
i 948	 649 	 567 
i 551	 135 	 193 
i 607	 361 	 438 
i 836	 865 	 775 
i 112	 256 	 299 
i 524	 933 	 906 
i 366	 777 	 773 
i 848	 491 	 403 
i 724	 116 	 56 
i 27	 276 	 177 
i 633	 758 	 848 
i 660	 839 	 839 
i 941	 657 	 579 
i 789	 557 	 646 
i 954	 601 	 513 
i 879	 350 	 366 
i 628	 677 	 767 
i 56	 217 	 276 
i 63	 271 	 275 
i 249	 450 	 459 
i 977	 454 	 390 
i 797	 413 	 481 
i 412	 862 	 918 
i 913	 961 	 975 
i 465	 915 	 920 
i 735	 968 	 949 
i 373	 599 	 505 
i 492	 554 	 472 
i 673	 375 	 305 
i 55	 839 	 819 
i 442	 438 	 413 
i 781	 599 	 534 
i 626	 458 	 475 
i 583	 265 	 265 
i 488	 774 	 867 
i 452	 353 	 393 
i 2	 714 	 628 
i 500	 744 	 757 
i 797	 824 	 771 
i 617	 960 	 918 
i 985	 427 	 474 
i 535	 764 	 767 
i 925	 921 	 849 
i 100	 554 	 599 
i 846	 111 	 53 
i 119	 970 	 1003 
i 797	 705 	 738 
i 510	 771 	 704 
i 312	 386 	 479 
i 268	 599 	 615 
i 624	 861 	 874 
i 359	 626 	 546 
i 271	 198 	 103 
i 769	 326 	 251 
i 770	 972 	 1066 
i 737	 274 	 192 
i 406	 867 	 945 
i 149	 572 	 552 
i 458	 722 	 764 
i 9	 691 	 786 
i 852	 320 	 340 
i 433	 825 	 917 
i 531	 917 	 863 
i 773	 942 	 842 
i 743	 167 	 221 
i 927	 144 	 146 
i 778	 226 	 309 
i 298	 129 	 41 
i 985	 484 	 488 
i 638	 229 	 235 
i 874	 211 	 187 
i 679	 747 	 810 
i 585	 714 	 683 
i 520	 921 	 845 
i 584	 923 	 995 
i 621	 721 	 779 
i 751	 286 	 299 
i 771	 211 	 284 
i 192	 268 	 338 
i 325	 733 	 730 
i 438	 316 	 288 
i 155	 657 	 565 
i 833	 493 	 518 
i 744	 802 	 731 
i 658	 909 	 955 
i 346	 788 	 758 
i 542	 602 	 522 
i 655	 218 	 293 
i 832	 988 	 901 
i 532	 856 	 834 
i 763	 403 	 469 
i 377	 727 	 824 
i 808	 765 	 828 
i 586	 435 	 447 
i 485	 568 	 512 
i 247	 330 	 343 
i 799	 644 	 565 
i 921	 737 	 789 
i 908	 627 	 646 
i 747	 687 	 612 
i 77	 148 	 226 
i 769	 887 	 840 
i 506	 874 	 789 
i 870	 712 	 744 
i 385	 323 	 252 
i 631	 520 	 498 
i 232	 135 	 73 
i 936	 232 	 155 
i 517	 911 	 815 
i 166	 552 	 606 
i 208	 666 	 735 
i 81	 569 	 592 
i 939	 808 	 732 
i 616	 876 	 974 
i 855	 576 	 551 
i 317	 707 	 609 
i 344	 169 	 117 
i 480	 342 	 277 
i 381	 445 	 484 
i 877	 466 	 538 
i 503	 263 	 176 
i 19	 128 	 57 
i 803	 676 	 593 
i 665	 786 	 826 
i 189	 780 	 792 
i 860	 228 	 303 
i 926	 237 	 181 
i 187	 452 	 492 
i 562	 611 	 527 
i 962	 340 	 431 
i 134	 217 	 209 
i 154	 278 	 274 
i 790	 410 	 366 
i 549	 489 	 578 
i 303	 226 	 153 
i 435	 724 	 823 
i 577	 614 	 698 
i 962	 810 	 731 
i 525	 544 	 578 
i 783	 616 	 642 
i 903	 579 	 632 
i 92	 989 	 1073 
i 429	 527 	 569 
i 854	 779 	 731 
i 984	 733 	 745 
i 675	 855 	 954 
i 242	 852 	 867 
i 29	 784 	 791 
i 516	 881 	 793 
i 85	 590 	 659 
i 612	 265 	 314 
i 600	 948 	 1016 
i 69	 878 	 832 
i 820	 621 	 546 
i 521	 853 	 774 
i 358	 465 	 521 
i 193	 463 	 368 
i 949	 975 	 885 
i 817	 564 	 578 
i 356	 620 	 651 
i 529	 483 	 436 
i 471	 261 	 334 
i 334	 120 	 207 
i 908	 361 	 412 
i 743	 472 	 427 
i 142	 569 	 596 
i 539	 378 	 443 
i 511	 401 	 456 
i 22	 450 	 468 
i 594	 958 	 1048 
i 14	 652 	 647 
i 183	 890 	 980 
i 194	 772 	 728 
i 475	 716 	 654 
i 881	 499 	 586 
i 397	 746 	 661 
i 697	 421 	 444 
i 25	 268 	 193 
i 406	 959 	 888 
i 359	 599 	 647 
i 968	 555 	 606 
i 844	 981 	 1069 
i 589	 937 	 863 
i 270	 301 	 322 
i 706	 472 	 469 
i 421	 416 	 493 
i 770	 485 	 501 
i 948	 144 	 165 
i 902	 258 	 161 
i 452	 391 	 365 
i 951	 163 	 131 
i 930	 836 	 773 
i 860	 783 	 838 
i 75	 902 	 811 
i 482	 554 	 604 
i 825	 989 	 923 
i 247	 889 	 977 
i 285	 519 	 597 
i 451	 172 	 230 
i 766	 185 	 134 
i 825	 518 	 457 
i 642	 823 	 748 
i 398	 989 	 1086 
i 288	 789 	 701 
i 787	 829 	 838 
i 775	 608 	 582 
i 651	 762 	 785 
i 111	 711 	 791 
i 180	 615 	 585 
i 264	 432 	 355 
i 722	 650 	 738 
i 523	 826 	 843 
i 511	 940 	 1036 
i 275	 929 	 883 
i 84	 985 	 896 
i 643	 581 	 648 
i 376	 910 	 907 
i 52	 570 	 589 
i 619	 482 	 537 
i 980	 796 	 704 
i 588	 902 	 954 
i 392	 853 	 810 
i 325	 485 	 544 
i 246	 471 	 385 
i 230	 714 	 644 
i 759	 767 	 826 
i 658	 620 	 554 
i 175	 164 	 109 
i 593	 694 	 763 
i 364	 496 	 561 
i 254	 531 	 513 
i 89	 320 	 381 
i 510	 574 	 500 
i 916	 393 	 368 
i 595	 456 	 477 
i 333	 593 	 566 
i 906	 413 	 317 
i 966	 568 	 507 
i 623	 769 	 827 
i 57	 631 	 562 
i 530	 476 	 457 
i 765	 844 	 843 
i 287	 671 	 572 
i 605	 787 	 871 
i 993	 233 	 236 
i 536	 772 	 842 
i 877	 207 	 258 
i 392	 228 	 273 
i 132	 404 	 373 
i 717	 219 	 199 
i 129	 356 	 442 
i 953	 720 	 760 
i 584	 274 	 371 
i 345	 282 	 300 
i 482	 215 	 232 
i 226	 676 	 600 
i 335	 545 	 644 
i 467	 331 	 309 
i 797	 976 	 980 
i 918	 397 	 344 
i 195	 757 	 730 
i 880	 698 	 662 
i 65	 432 	 513 
i 257	 421 	 371 
i 374	 947 	 993 
i 11	 578 	 669 
i 500	 686 	 644 
i 748	 685 	 736 
i 721	 143 	 154 
i 44	 608 	 602 
i 770	 821 	 854 
i 432	 260 	 269 
i 793	 546 	 568 
i 142	 462 	 536 
i 83	 685 	 634 
i 608	 447 	 398 
i 256	 410 	 461 
i 902	 670 	 670 
i 939	 455 	 400 
i 498	 949 	 902 
i 298	 482 	 389 
i 465	 188 	 182 
i 954	 677 	 629 
i 350	 334 	 315 
i 995	 221 	 218 
i 374	 439 	 358 
i 710	 668 	 638 
i 339	 452 	 403 
i 727	 900 	 839 
i 671	 212 	 250 
i 89	 451 	 549 
i 176	 487 	 478 
i 812	 906 	 888 
i 65	 252 	 304 
i 188	 613 	 664 
i 558	 160 	 86 
i 185	 247 	 315 
i 569	 561 	 497 
i 457	 790 	 871 
i 571	 964 	 979 
i 954	 692 	 725 
i 378	 684 	 752 
i 273	 200 	 231 
i 431	 566 	 609 
i 997	 354 	 435 
i 53	 138 	 131 
i 206	 254 	 284 
i 712	 113 	 56 
i 476	 274 	 309 
i 436	 192 	 141 
i 90	 706 	 646 
i 734	 410 	 426 
i 835	 270 	 340 
i 348	 852 	 808 
i 621	 603 	 559 
i 652	 520 	 486 
i 813	 934 	 941 
i 816	 623 	 573 
i 999	 818 	 863 
i 92	 530 	 462 
i 761	 751 	 701 
i 98	 931 	 1028 
i 278	 558 	 622 
i 112	 427 	 361 
i 665	 679 	 737 
i 127	 929 	 917 
i 53	 337 	 288 
i 628	 816 	 730 
i 424	 150 	 64 
i 896	 797 	 730 
i 616	 943 	 1028 
i 539	 279 	 183 
i 42	 268 	 228 
i 398	 111 	 93 
i 38	 264 	 179 
i 958	 969 	 910 
i 213	 475 	 426 
i 7	 704 	 781 
i 51	 770 	 732 
i 823	 836 	 777 
i 759	 983 	 1047 
i 948	 918 	 890 
i 126	 940 	 920 
i 127	 320 	 380 
i 299	 688 	 755 
i 265	 758 	 817 
i 675	 941 	 843 
i 343	 281 	 184 
i 86	 180 	 93 
i 901	 456 	 533 
i 883	 640 	 669 
i 792	 483 	 502 
i 725	 805 	 849 
i 960	 275 	 344 
i 610	 987 	 916 
i 339	 843 	 825 
i 273	 663 	 580 
i 464	 672 	 658 
i 543	 687 	 690 
i 931	 746 	 729 
i 528	 648 	 608 
i 946	 336 	 254 
i 727	 866 	 930 
i 912	 620 	 676 
i 897	 486 	 464 
i 722	 618 	 663 
i 344	 986 	 886 
i 975	 175 	 168 
i 624	 558 	 459 
i 339	 129 	 217 
i 943	 500 	 493 
i 197	 769 	 751 
i 47	 853 	 781 
i 619	 694 	 604 
i 42	 499 	 589 
i 613	 847 	 881 
i 597	 606 	 509 
i 670	 608 	 706 
i 174	 133 	 156 
i 195	 141 	 232 
i 633	 977 	 1056 
i 374	 505 	 424 
i 210	 874 	 802 
i 865	 111 	 163 
i 303	 160 	 220 
i 131	 117 	 100 
i 688	 717 	 619 
i 248	 733 	 769 
i 273	 727 	 798 
i 308	 387 	 297 
i 283	 349 	 386 
i 726	 260 	 171 
i 585	 346 	 299 
i 586	 473 	 399 
i 641	 261 	 248 
i 648	 976 	 989 
i 330	 457 	 407 
i 31	 470 	 470 
i 724	 189 	 244 
i 36	 951 	 867 
i 304	 998 	 971 
i 472	 718 	 636 
i 736	 770 	 805 
i 144	 119 	 71 
i 313	 238 	 318 
i 286	 626 	 636 
i 676	 240 	 316 
i 80	 467 	 549 
i 168	 913 	 940 
i 114	 713 	 747 
i 113	 787 	 882 
i 795	 223 	 212 
i 537	 305 	 241 
i 547	 907 	 872 
i 691	 252 	 279 
i 270	 167 	 251 
i 416	 658 	 678 
i 816	 554 	 590 
i 719	 477 	 546 
i 397	 154 	 246 
i 158	 751 	 666 
i 285	 730 	 804 
i 504	 238 	 219 
i 400	 401 	 491 
i 559	 691 	 720 
i 623	 370 	 453 
i 239	 303 	 269 
i 738	 837 	 766 
i 150	 554 	 627 
i 198	 419 	 371 
i 918	 386 	 370 
i 615	 453 	 494 
i 758	 338 	 280 
i 86	 700 	 722 
i 738	 660 	 594 
i 31	 344 	 402 
i 247	 269 	 175 
i 65	 564 	 618 
i 563	 696 	 780 
i 910	 579 	 502 
i 221	 814 	 721 
i 606	 302 	 332 
i 861	 931 	 913 
i 525	 230 	 229 
i 143	 774 	 720 
i 406	 927 	 879 
i 584	 744 	 746 
i 95	 773 	 788 
i 754	 569 	 497 
i 281	 499 	 409 
i 73	 604 	 558 
i 288	 637 	 712 
i 211	 328 	 375 
i 345	 694 	 646 
i 92	 246 	 227 
i 10	 454 	 516 
i 721	 690 	 669 
i 467	 256 	 254 
i 982	 769 	 718 
i 420	 893 	 898 
i 974	 938 	 957 
i 567	 291 	 368 
i 812	 182 	 101 
i 468	 840 	 828 
i 620	 186 	 192 
i 7	 548 	 556 
i 658	 381 	 333 
i 822	 733 	 778 
i 562	 281 	 323 
i 443	 499 	 425 
i 374	 967 	 888 
i 577	 610 	 644 
i 658	 509 	 506 
i 478	 595 	 685 
i 563	 987 	 1001 
i 55	 572 	 588 
i 359	 164 	 111 
i 60	 398 	 310 
i 252	 158 	 182 
i 689	 792 	 705 
i 652	 910 	 898 
i 215	 116 	 19 
i 663	 715 	 750 
i 208	 259 	 189 
i 195	 218 	 261 
i 713	 729 	 783 
i 773	 357 	 283 
i 98	 571 	 509 
i 152	 625 	 613 
i 918	 291 	 217 
i 817	 351 	 407 
i 823	 743 	 842 
i 503	 758 	 790 
i 669	 470 	 544 
i 790	 607 	 519 
i 487	 356 	 411 
i 764	 153 	 163 
i 282	 270 	 299 
i 861	 439 	 499 
i 65	 833 	 876 
i 334	 949 	 956 
i 46	 757 	 728 
i 774	 756 	 828 
i 179	 456 	 462 
i 737	 340 	 304 
i 14	 398 	 459 
i 62	 200 	 214 
i 242	 690 	 760 
i 611	 378 	 421 
i 423	 201 	 256 
i 367	 840 	 762 
i 95	 428 	 359 
i 820	 747 	 833 
i 209	 624 	 546 
i 468	 207 	 276 
i 791	 493 	 565 
i 892	 323 	 408 
i 544	 832 	 765 
i 845	 703 	 758 
i 947	 450 	 390 
i 769	 254 	 267 
i 126	 355 	 387 
i 841	 497 	 493 
i 419	 437 	 475 
i 527	 537 	 468 
i 957	 403 	 493 
i 197	 282 	 350 
i 9	 216 	 193 
i 674	 364 	 310 
i 56	 166 	 102 
i 218	 345 	 434 
i 492	 850 	 765 
i 926	 550 	 633 
i 295	 980 	 947 
i 774	 706 	 778 
i 104	 848 	 912 
i 297	 805 	 708 
i 415	 665 	 570 
i 700	 120 	 160 
i 763	 327 	 378 
i 27	 488 	 582 
i 859	 444 	 437 
i 354	 511 	 489 
i 332	 437 	 474 
i 2	 735 	 727 
i 831	 614 	 627 
i 612	 455 	 527 
i 236	 470 	 425 
i 247	 493 	 588 
i 491	 227 	 274 
i 916	 900 	 953 
i 291	 876 	 901 
i 741	 402 	 497 
i 109	 751 	 713 
i 812	 473 	 435 
i 378	 883 	 811 
i 765	 497 	 548 
i 170	 374 	 472 
i 600	 619 	 567 
i 732	 598 	 644 
i 619	 365 	 394 
i 481	 157 	 244 
i 808	 713 	 749 
i 529	 694 	 751 
i 936	 971 	 991 
i 805	 360 	 455 
i 240	 489 	 537 
i 536	 274 	 356 
i 109	 268 	 270 
i 656	 482 	 431 
i 943	 243 	 316 
i 995	 819 	 788 
i 673	 764 	 694 
i 330	 480 	 516 
i 298	 292 	 315 
i 578	 826 	 811 
i 5	 807 	 840 
i 188	 580 	 520 
i 365	 503 	 464 
i 782	 960 	 1053 
i 931	 290 	 371 
i 727	 170 	 250 
i 463	 478 	 493 
i 878	 616 	 697 
i 83	 334 	 274 
i 887	 884 	 940 
i 671	 373 	 430 
i 199	 965 	 1060 
i 640	 255 	 223 
i 596	 530 	 454 
i 797	 499 	 409 
i 864	 418 	 474 
i 279	 333 	 281 
i 846	 847 	 771 
i 98	 764 	 704 
i 968	 946 	 864 
i 264	 753 	 805 
i 225	 565 	 657 
i 387	 543 	 563 
i 858	 845 	 784 
i 296	 954 	 1053 
i 642	 112 	 184 
i 892	 806 	 733 
i 720	 134 	 230 
i 456	 242 	 158 
i 396	 423 	 333 
i 119	 504 	 466 
i 629	 293 	 300 
i 116	 259 	 344 
i 941	 794 	 850 
i 890	 970 	 885 
i 892	 966 	 1010 
i 674	 842 	 864 
i 700	 965 	 932 
i 848	 951 	 1009 
i 200	 136 	 73 
i 642	 180 	 141 
i 848	 460 	 546 
i 16	 938 	 848 
i 784	 872 	 970 
i 751	 679 	 755 
i 714	 750 	 804 
i 536	 503 	 492 
i 497	 160 	 89 
i 443	 458 	 557 
i 472	 272 	 211 
i 550	 438 	 506 
i 943	 709 	 746 
i 874	 652 	 692 
i 730	 696 	 693 
i 370	 690 	 637 
i 90	 586 	 676 
i 531	 385 	 382 
i 586	 785 	 882 
i 976	 918 	 904 
i 159	 917 	 997 
i 527	 203 	 193 
i 201	 951 	 930 
i 809	 674 	 627 
i 468	 411 	 311 
i 120	 845 	 819 
i 654	 169 	 160 
i 963	 128 	 226 
i 721	 563 	 578 
i 630	 552 	 562 
i 537	 935 	 977 
i 641	 848 	 795 
i 586	 361 	 348 
i 220	 713 	 662 
i 557	 953 	 996 
i 384	 953 	 1020 
i 449	 393 	 390 
i 468	 802 	 792 
i 977	 793 	 727 
i 474	 417 	 477 
i 401	 909 	 877 
i 231	 652 	 748 
i 513	 864 	 877 
i 191	 365 	 422 
i 139	 585 	 554 
i 86	 333 	 378 
i 404	 186 	 121 
i 182	 622 	 651 
i 949	 135 	 159 
i 294	 290 	 209 
i 192	 116 	 115 
i 800	 419 	 465 
i 648	 403 	 351 
i 934	 909 	 895 
i 469	 721 	 735 
i 719	 140 	 171 
i 804	 788 	 700 
i 379	 947 	 895 
i 407	 633 	 571 
i 608	 299 	 296 
i 614	 387 	 422 
i 960	 831 	 826 
i 290	 591 	 516 
i 188	 807 	 719 
i 874	 304 	 310 
i 907	 812 	 761 
i 669	 508 	 418 
i 610	 563 	 549 
i 199	 779 	 847 
i 411	 951 	 940 
i 722	 494 	 406 
i 533	 208 	 112 
i 74	 633 	 595 
i 857	 746 	 745 
i 75	 801 	 775 
i 864	 384 	 340 
i 312	 607 	 697 
i 821	 655 	 667 
i 573	 152 	 203 
i 518	 899 	 833 
i 949	 408 	 486 
i 60	 463 	 448 
i 647	 483 	 482 
i 363	 760 	 731 
i 140	 316 	 302 
i 448	 648 	 607 
i 7	 899 	 920 
i 619	 855 	 840 
i 665	 465 	 365 
i 551	 251 	 255 
i 886	 403 	 397 
i 283	 307 	 313 
i 701	 685 	 620 
i 433	 239 	 247 
i 663	 556 	 592 
i 269	 939 	 864 
i 155	 313 	 239 
i 992	 854 	 904 
i 391	 346 	 329 
i 548	 348 	 441 
i 877	 811 	 882 
i 98	 341 	 268 
i 744	 812 	 880 
i 888	 970 	 924 
i 390	 561 	 648 
i 323	 277 	 217 
i 551	 391 	 362 
i 387	 511 	 481 
i 652	 291 	 339 
i 919	 663 	 621 
i 708	 636 	 569 
i 967	 508 	 461 
i 756	 631 	 532 
i 723	 489 	 568 
i 230	 731 	 688 
i 417	 675 	 697 
i 732	 856 	 788 
i 183	 287 	 296 
i 386	 599 	 538 
i 8	 369 	 292 
i 599	 627 	 692 
i 46	 776 	 834 
i 631	 123 	 133 
i 58	 131 	 85 
i 756	 929 	 929 
i 391	 296 	 380 
i 230	 838 	 868 
i 428	 982 	 1049 
i 977	 580 	 524 
i 269	 757 	 702 
i 849	 863 	 928 
i 598	 710 	 784 
i 612	 528 	 529 
i 635	 129 	 141 
i 556	 372 	 335 
i 764	 821 	 863 
i 583	 751 	 838 
i 563	 444 	 417 
i 91	 298 	 266 
i 818	 496 	 518 
i 665	 700 	 692 
i 340	 548 	 460 
i 808	 436 	 470 
i 829	 886 	 847 
i 124	 498 	 570 
i 922	 782 	 807 
i 643	 524 	 466 
i 19	 470 	 525 
i 230	 797 	 870 
i 663	 214 	 250 
i 327	 759 	 728 
i 818	 281 	 318 
i 185	 336 	 335 
i 57	 934 	 899 
i 493	 319 	 309 
i 248	 199 	 173 
i 713	 758 	 661 
i 119	 946 	 852 
i 890	 746 	 698 
i 8	 627 	 712 
i 737	 346 	 296 
i 929	 657 	 571 
i 183	 380 	 331 
c
c
W 1013421
c end of file