c Instance Type c
c
n 4000
c w	 v1	 v2
i 496	 444 	 536 
i 138	 697 	 654 
i 958	 998 	 1046 
i 228	 950 	 927 
i 258	 906 	 891 
i 151	 658 	 568 
i 655	 466 	 398 
i 679	 521 	 436 
i 593	 683 	 606 
i 665	 221 	 285 
i 40	 500 	 463 
i 700	 465 	 456 
i 698	 722 	 705 
i 642	 491 	 519 
i 536	 836 	 916 
i 152	 326 	 236 
i 552	 373 	 414 
i 14	 517 	 494 
i 657	 588 	 683 
i 781	 692 	 720 
i 220	 535 	 571 
i 618	 819 	 795 
i 306	 336 	 252 
i 734	 705 	 749 
i 550	 388 	 340 
i 793	 300 	 282 
i 89	 345 	 437 
i 545	 973 	 1068 
i 83	 427 	 453 
i 736	 409 	 392 
i 214	 982 	 1009 
i 10	 701 	 651 
i 264	 153 	 165 
i 932	 226 	 184 
i 244	 870 	 938 
i 457	 212 	 239 
i 720	 579 	 624 
i 691	 547 	 501 
i 48	 526 	 496 
i 384	 201 	 119 
i 364	 572 	 532 
i 28	 248 	 210 
i 76	 474 	 489 
i 207	 972 	 973 
i 61	 344 	 394 
i 176	 206 	 148 
i 702	 774 	 860 
i 193	 530 	 554 
i 660	 772 	 805 
i 762	 197 	 107 
i 282	 278 	 261 
i 436	 548 	 536 
i 844	 826 	 830 
i 813	 450 	 495 
i 77	 903 	 960 
i 184	 683 	 775 
i 930	 870 	 903 
i 402	 809 	 880 
i 146	 472 	 475 
i 244	 179 	 135 
i 431	 226 	 238 
i 923	 596 	 695 
i 728	 991 	 1059 
i 110	 564 	 595 
i 1	 321 	 367 
i 645	 133 	 216 
i 499	 989 	 1058 
i 285	 691 	 640 
i 692	 565 	 543 
i 768	 137 	 164 
i 897	 387 	 300 
i 444	 887 	 985 
i 434	 886 	 929 
i 944	 746 	 811 
i 182	 440 	 506 
i 207	 202 	 197 
i 195	 128 	 222 
i 848	 880 	 831 
i 360	 212 	 302 
i 390	 562 	 605 
i 700	 240 	 263 
i 574	 301 	 213 
i 447	 294 	 292 
i 162	 934 	 921 
i 533	 782 	 806 
i 635	 631 	 696 
i 655	 164 	 68 
i 521	 142 	 216 
i 634	 372 	 318 
i 143	 328 	 352 
i 288	 968 	 932 
i 503	 627 	 706 
i 709	 681 	 649 
i 635	 232 	 232 
i 390	 623 	 530 
i 975	 287 	 321 
i 37	 134 	 99 
i 72	 155 	 224 
i 366	 929 	 925 
i 611	 245 	 269 
i 575	 797 	 879 
i 156	 194 	 177 
i 798	 990 	 914 
i 935	 405 	 456 
i 512	 853 	 782 
i 710	 885 	 809 
i 736	 593 	 525 
i 786	 884 	 830 
i 707	 748 	 767 
i 858	 288 	 229 
i 631	 843 	 899 
i 724	 765 	 852 
i 713	 246 	 293 
i 45	 356 	 390 
i 879	 142 	 79 
i 750	 274 	 353 
i 294	 385 	 411 
i 164	 528 	 511 
i 880	 734 	 658 
i 80	 377 	 473 
i 903	 562 	 584 
i 640	 370 	 337 
i 792	 316 	 226 
i 69	 972 	 891 
i 103	 681 	 776 
i 287	 846 	 891 
i 596	 753 	 656 
i 66	 425 	 361 
i 767	 797 	 709 
i 67	 907 	 835 
i 574	 892 	 801 
i 866	 550 	 587 
i 98	 851 	 846 
i 67	 897 	 906 
i 708	 983 	 1013 
i 536	 962 	 1049 
i 258	 718 	 724 
i 612	 736 	 755 
i 384	 899 	 871 
i 281	 956 	 942 
i 160	 195 	 96 
i 654	 236 	 310 
i 487	 847 	 940 
i 371	 384 	 290 
i 353	 871 	 919 
i 310	 560 	 515 
i 994	 504 	 511 
i 698	 978 	 907 
i 585	 621 	 627 
i 536	 945 	 1007 
i 630	 440 	 534 
i 772	 445 	 470 
i 601	 331 	 253 
i 909	 303 	 300 
i 764	 334 	 401 
i 270	 995 	 924 
i 713	 354 	 282 
i 689	 831 	 899 
i 264	 964 	 949 
i 203	 549 	 641 
i 573	 384 	 402 
i 949	 361 	 333 
i 198	 919 	 1012 
i 414	 132 	 206 
i 666	 564 	 591 
i 661	 420 	 501 
i 935	 553 	 577 
i 745	 680 	 642 
i 705	 538 	 553 
i 199	 917 	 972 
i 506	 883 	 853 
i 787	 521 	 481 
i 697	 845 	 844 
i 720	 814 	 896 
i 231	 703 	 718 
i 579	 382 	 330 
i 77	 302 	 237 
i 716	 855 	 939 
i 198	 244 	 269 
i 106	 756 	 821 
i 974	 559 	 525 
i 436	 872 	 795 
i 262	 250 	 313 
i 54	 694 	 701 
i 720	 617 	 670 
i 26	 242 	 211 
i 241	 456 	 440 
i 79	 612 	 539 
i 229	 542 	 509 
i 954	 210 	 198 
i 459	 944 	 927 
i 315	 351 	 421 
i 472	 457 	 379 
i 129	 293 	 226 
i 697	 770 	 847 
i 846	 564 	 646 
i 235	 871 	 801 
i 799	 358 	 304 
i 285	 481 	 473 
i 397	 780 	 762 
i 335	 284 	 358 
i 605	 654 	 591 
i 994	 522 	 554 
i 200	 623 	 680 
i 942	 771 	 768 
i 452	 670 	 636 
i 308	 592 	 605 
i 585	 728 	 701 
i 3	 933 	 963 
i 755	 453 	 362 
i 950	 822 	 798 
i 562	 710 	 807 
i 26	 877 	 973 
i 602	 576 	 512 
i 345	 389 	 314 
i 974	 822 	 837 
i 517	 229 	 306 
i 211	 733 	 727 
i 137	 171 	 165 
i 523	 750 	 695 
i 323	 793 	 728 
i 997	 246 	 294 
i 859	 236 	 289 
i 383	 221 	 194 
i 696	 384 	 426 
i 496	 495 	 532 
i 629	 120 	 61 
i 330	 907 	 890 
i 397	 436 	 446 
i 117	 857 	 772 
i 884	 171 	 150 
i 37	 331 	 310 
i 178	 990 	 941 
i 302	 783 	 810 
i 609	 222 	 189 
i 43	 857 	 923 
i 53	 580 	 572 
i 948	 763 	 820 
i 315	 245 	 182 
i 155	 737 	 697 
i 223	 805 	 742 
i 471	 271 	 215 
i 460	 623 	 603 
i 217	 851 	 891 
i 342	 530 	 492 
i 182	 828 	 799 
i 710	 679 	 660 
i 445	 199 	 170 
i 596	 901 	 935 
i 301	 178 	 243 
i 83	 447 	 356 
i 263	 614 	 618 
i 839	 814 	 910 
i 672	 283 	 222 
i 145	 909 	 916 
i 952	 299 	 343 
i 591	 616 	 602 
i 690	 979 	 1054 
i 579	 408 	 402 
i 654	 117 	 171 
i 34	 852 	 923 
i 599	 897 	 820 
i 391	 470 	 561 
i 585	 453 	 479 
i 483	 629 	 684 
i 695	 219 	 264 
i 263	 861 	 824 
i 241	 356 	 257 
i 575	 246 	 263 
i 582	 666 	 614 
i 417	 465 	 420 
i 301	 337 	 412 
i 705	 443 	 396 
i 91	 405 	 475 
i 673	 966 	 932 
i 796	 766 	 671 
i 640	 524 	 482 
i 915	 807 	 813 
i 69	 815 	 736 
i 693	 449 	 486 
i 93	 665 	 586 
i 348	 910 	 891 
i 721	 799 	 721 
i 53	 147 	 87 
i 16	 904 	 979 
i 753	 311 	 345 
i 218	 337 	 299 
i 2	 596 	 541 
i 794	 181 	 140 
i 176	 276 	 374 
i 799	 889 	 805 
i 699	 984 	 970 
i 474	 457 	 387 
i 515	 557 	 497 
i 407	 738 	 681 
i 633	 628 	 722 
i 887	 338 	 276 
i 434	 616 	 554 
i 513	 819 	 916 
i 699	 194 	 126 
i 575	 185 	 277 
i 558	 259 	 291 
i 947	 642 	 569 
i 449	 777 	 806 
i 155	 959 	 870 
i 737	 265 	 302 
i 993	 241 	 256 
i 561	 411 	 313 
i 359	 583 	 587 
i 452	 572 	 516 
i 536	 717 	 776 
i 703	 684 	 655 
i 302	 383 	 343 
i 51	 503 	 553 
i 5	 192 	 273 
i 179	 242 	 271 
i 326	 856 	 883 
i 664	 480 	 420 
i 196	 490 	 501 
i 714	 956 	 858 
i 397	 266 	 275 
i 42	 977 	 927 
i 348	 405 	 415 
i 788	 676 	 696 
i 880	 457 	 478 
i 29	 376 	 433 
i 866	 950 	 872 
i 282	 630 	 685 
i 708	 808 	 902 
i 660	 416 	 453 
i 835	 426 	 342 
i 809	 913 	 837 
i 142	 248 	 242 
i 777	 739 	 691 
i 167	 387 	 315 
i 466	 928 	 861 
i 410	 739 	 645 
i 994	 839 	 802 
i 778	 641 	 546 
i 123	 616 	 653 
i 477	 338 	 342 
i 380	 411 	 376 
i 534	 522 	 516 
i 241	 942 	 891 
i 552	 285 	 268 
i 471	 410 	 486 
i 178	 560 	 518 
i 997	 591 	 548 
i 594	 872 	 784 
i 164	 895 	 832 
i 419	 615 	 647 
i 757	 188 	 96 
i 221	 481 	 496 
i 156	 900 	 963 
i 352	 232 	 206 
i 688	 601 	 669 
i 194	 495 	 398 
i 734	 754 	 657 
i 591	 119 	 141 
i 473	 176 	 231 
i 41	 341 	 279 
i 128	 931 	 1021 
i 545	 970 	 904 
i 433	 594 	 559 
i 570	 432 	 467 
i 122	 761 	 734 
i 555	 620 	 632 
i 279	 638 	 597 
i 289	 653 	 730 
i 362	 308 	 279 
i 622	 997 	 977 
i 545	 281 	 286 
i 511	 238 	 152 
i 55	 391 	 392 
i 416	 683 	 598 
i 149	 399 	 338 
i 722	 726 	 776 
i 315	 336 	 242 
i 924	 599 	 562 
i 147	 498 	 534 
i 144	 818 	 778 
i 335	 285 	 354 
i 478	 754 	 725 
i 794	 819 	 801 
i 438	 380 	 446 
i 762	 448 	 543 
i 454	 624 	 664 
i 708	 404 	 307 
i 258	 431 	 519 
i 694	 716 	 633 
i 491	 433 	 379 
i 687	 703 	 716 
i 412	 568 	 476 
i 209	 887 	 954 
i 512	 366 	 321 
i 891	 215 	 122 
i 469	 196 	 194 
i 798	 819 	 759 
i 160	 833 	 824 
i 840	 780 	 710 
i 203	 857 	 885 
i 868	 173 	 139 
i 383	 675 	 723 
i 257	 714 	 804 
i 544	 570 	 562 
i 662	 815 	 785 
i 758	 849 	 913 
i 556	 397 	 421 
i 368	 576 	 632 
i 121	 984 	 1008 
i 960	 231 	 295 
i 31	 803 	 841 
i 665	 209 	 124 
i 345	 869 	 835 
i 861	 825 	 900 
i 653	 348 	 355 
i 484	 663 	 622 
i 806	 506 	 576 
i 330	 169 	 113 
i 312	 863 	 831 
i 447	 526 	 486 
i 227	 369 	 335 
i 337	 984 	 1083 
i 190	 162 	 130 
i 994	 457 	 397 
i 262	 346 	 417 
i 883	 825 	 792 
i 329	 200 	 129 
i 395	 958 	 953 
i 242	 266 	 323 
i 708	 570 	 516 
i 999	 838 	 830 
i 981	 245 	 304 
i 39	 242 	 339 
i 428	 546 	 642 
i 693	 727 	 675 
i 497	 599 	 524 
i 598	 901 	 891 
i 552	 142 	 211 
i 727	 565 	 483 
i 244	 376 	 435 
i 63	 585 	 644 
i 213	 994 	 1049 
i 362	 814 	 877 
i 852	 803 	 752 
i 545	 787 	 875 
i 95	 114 	 101 
i 984	 226 	 133 
i 20	 630 	 647 
i 531	 496 	 458 
i 830	 577 	 588 
i 363	 398 	 421 
i 358	 219 	 285 
i 150	 912 	 850 
i 928	 751 	 660 
i 689	 970 	 988 
i 693	 917 	 954 
i 823	 417 	 451 
i 408	 449 	 486 
i 842	 971 	 915 
i 367	 361 	 271 
i 691	 857 	 839 
i 813	 519 	 573 
i 715	 371 	 455 
i 435	 544 	 613 
i 403	 585 	 592 
i 310	 222 	 168 
i 655	 832 	 743 
i 36	 539 	 531 
i 4	 263 	 224 
i 286	 459 	 493 
i 126	 504 	 476 
i 585	 872 	 807 
i 878	 669 	 747 
i 365	 599 	 564 
i 898	 465 	 511 
i 24	 945 	 853 
i 835	 262 	 301 
i 317	 312 	 358 
i 488	 725 	 771 
i 880	 997 	 900 
i 323	 707 	 636 
i 180	 142 	 188 
i 808	 300 	 321 
i 357	 205 	 299 
i 756	 496 	 570 
i 694	 256 	 335 
i 865	 292 	 338 
i 92	 909 	 818 
i 782	 670 	 677 
i 780	 434 	 417 
i 451	 451 	 498 
i 487	 581 	 664 
i 700	 341 	 386 
i 806	 883 	 799 
i 240	 860 	 928 
i 403	 747 	 753 
i 607	 655 	 635 
i 505	 417 	 415 
i 135	 460 	 414 
i 498	 937 	 847 
i 881	 419 	 419 
i 410	 188 	 286 
i 670	 116 	 154 
i 538	 762 	 761 
i 381	 837 	 884 
i 97	 695 	 623 
i 709	 282 	 331 
i 53	 637 	 587 
i 446	 186 	 163 
i 376	 429 	 505 
i 723	 477 	 530 
i 809	 926 	 861 
i 815	 919 	 988 
i 548	 645 	 621 
i 366	 198 	 251 
i 24	 853 	 925 
i 216	 978 	 992 
i 809	 753 	 777 
i 893	 977 	 890 
i 252	 432 	 421 
i 665	 329 	 262 
i 582	 121 	 216 
i 491	 277 	 335 
i 92	 140 	 108 
i 191	 482 	 523 
i 26	 273 	 319 
i 2	 151 	 240 
i 723	 658 	 709 
i 698	 324 	 354 
i 60	 386 	 466 
i 305	 782 	 795 
i 317	 933 	 862 
i 504	 914 	 942 
i 538	 731 	 777 
i 955	 147 	 231 
i 139	 777 	 866 
i 184	 539 	 628 
i 799	 492 	 526 
i 40	 277 	 251 
i 349	 855 	 841 
i 105	 768 	 815 
i 30	 384 	 294 
i 932	 517 	 528 
i 631	 197 	 116 
i 672	 849 	 759 
i 421	 780 	 717 
i 902	 735 	 709 
i 333	 690 	 624 
i 519	 400 	 342 
i 357	 730 	 742 
i 97	 225 	 257 
i 404	 879 	 917 
i 860	 926 	 951 
i 957	 533 	 484 
i 788	 618 	 703 
i 541	 663 	 633 
i 244	 831 	 781 
i 895	 274 	 291 
i 221	 427 	 348 
i 917	 616 	 608 
i 47	 225 	 236 
i 910	 816 	 908 
i 828	 544 	 608 
i 304	 212 	 267 
i 874	 441 	 454 
i 496	 378 	 299 
i 307	 690 	 660 
i 490	 916 	 865 
i 846	 547 	 540 
i 415	 641 	 618 
i 543	 163 	 149 
i 337	 659 	 627 
i 824	 625 	 559 
i 938	 467 	 462 
i 311	 271 	 240 
i 612	 776 	 845 
i 264	 873 	 803 
i 170	 297 	 325 
i 661	 517 	 514 
i 258	 933 	 1013 
i 317	 387 	 376 
i 933	 772 	 828 
i 512	 188 	 209 
i 912	 340 	 349 
i 93	 763 	 834 
i 841	 185 	 178 
i 698	 936 	 982 
i 907	 182 	 262 
i 365	 753 	 765 
i 290	 299 	 363 
i 601	 213 	 140 
i 345	 610 	 524 
i 432	 418 	 434 
i 690	 958 	 957 
i 424	 555 	 572 
i 507	 428 	 414 
i 436	 845 	 770 
i 517	 608 	 515 
i 240	 522 	 502 
i 452	 135 	 173 
i 567	 866 	 824 
i 129	 990 	 1017 
i 475	 165 	 78 
i 428	 685 	 736 
i 927	 238 	 174 
i 285	 762 	 799 
i 112	 256 	 180 
i 671	 370 	 398 
i 135	 403 	 479 
i 163	 759 	 725 
i 13	 483 	 562 
i 2	 743 	 648 
i 64	 419 	 419 
i 710	 479 	 565 
i 853	 264 	 335 
i 586	 424 	 352 
i 750	 147 	 97 
i 43	 257 	 342 
i 371	 826 	 738 
i 100	 720 	 664 
i 519	 126 	 73 
i 231	 925 	 872 
i 578	 949 	 909 
i 992	 507 	 409 
i 165	 446 	 518 
i 518	 320 	 309 
i 559	 447 	 386 
i 723	 674 	 622 
i 529	 609 	 631 
i 214	 663 	 705 
i 231	 862 	 808 
i 147	 182 	 174 
i 91	 394 	 301 
i 537	 661 	 567 
i 913	 671 	 610 
i 149	 549 	 591 
i 528	 949 	 903 
i 162	 238 	 337 
i 721	 453 	 458 
i 343	 997 	 1044 
i 188	 742 	 836 
i 269	 948 	 871 
i 587	 470 	 411 
i 207	 505 	 553 
i 836	 534 	 565 
i 330	 709 	 770 
i 274	 455 	 421 
i 417	 699 	 698 
i 802	 697 	 640 
i 799	 275 	 287 
i 509	 933 	 982 
i 451	 907 	 810 
i 854	 122 	 142 
i 299	 306 	 368 
i 774	 968 	 997 
i 447	 664 	 759 
i 835	 492 	 442 
i 497	 789 	 822 
i 157	 340 	 334 
i 342	 534 	 487 
i 267	 143 	 198 
i 163	 808 	 753 
i 176	 823 	 739 
i 396	 471 	 447 
i 360	 303 	 234 
i 982	 879 	 899 
i 411	 859 	 846 
i 175	 193 	 280 
i 433	 788 	 706 
i 909	 317 	 304 
i 945	 556 	 596 
i 729	 359 	 432 
i 531	 564 	 472 
i 936	 638 	 625 
i 154	 978 	 1037 
i 18	 229 	 284 
i 859	 766 	 704 
i 952	 268 	 240 
i 714	 212 	 271 
i 946	 295 	 336 
i 448	 682 	 712 
i 728	 418 	 394 
i 238	 298 	 380 
i 831	 335 	 404 
i 807	 723 	 623 
i 940	 542 	 446 
i 677	 345 	 421 
i 854	 515 	 581 
i 968	 839 	 848 
i 176	 660 	 658 
i 819	 399 	 487 
i 166	 979 	 1012 
i 377	 429 	 510 
i 629	 352 	 399 
i 318	 218 	 226 
i 802	 220 	 217 
i 67	 239 	 171 
i 521	 132 	 35 
i 341	 873 	 970 
i 958	 470 	 402 
i 284	 909 	 1005 
i 261	 857 	 786 
i 619	 563 	 567 
i 890	 480 	 410 
i 11	 247 	 240 
i 135	 731 	 685 
i 279	 273 	 240 
i 303	 418 	 489 
i 160	 433 	 372 
i 565	 419 	 350 
i 463	 563 	 551 
i 304	 545 	 585 
i 812	 675 	 639 
i 229	 250 	 192 
i 382	 384 	 328 
i 80	 801 	 772 
i 263	 153 	 180 
i 609	 453 	 540 
i 971	 328 	 247 
i 319	 505 	 537 
i 827	 646 	 571 
i 316	 151 	 136 
i 950	 776 	 724 
i 108	 173 	 167 
i 416	 362 	 432 
i 193	 560 	 646 
i 240	 878 	 817 
i 625	 554 	 614 
i 869	 499 	 554 
i 314	 586 	 504 
i 916	 287 	 371 
i 961	 399 	 346 
i 710	 782 	 719 
i 780	 997 	 956 
i 63	 527 	 569 
i 568	 396 	 476 
i 431	 336 	 264 
i 929	 510 	 563 
i 366	 336 	 363 
i 901	 137 	 227 
i 100	 220 	 293 
i 425	 151 	 217 
i 180	 362 	 370 
i 178	 529 	 493 
i 645	 792 	 768 
i 966	 535 	 625 
i 221	 449 	 425 
i 669	 576 	 538 
i 923	 371 	 406 
i 952	 938 	 953 
i 77	 896 	 931 
i 122	 779 	 699 
i 404	 629 	 585 
i 874	 221 	 213 
i 641	 506 	 427 
i 118	 847 	 761 
i 498	 804 	 762 
i 23	 255 	 347 
i 315	 532 	 609 
i 246	 245 	 312 
i 129	 760 	 843 
i 881	 475 	 382 
i 464	 568 	 556 
i 588	 821 	 784 
i 34	 342 	 433 
i 861	 438 	 353 
i 641	 504 	 518 
i 804	 765 	 784 
i 278	 733 	 815 
i 429	 632 	 563 
i 161	 490 	 446 
i 571	 415 	 348 
i 86	 449 	 475 
i 884	 842 	 785 
i 146	 234 	 184 
i 514	 196 	 118 
i 955	 263 	 313 
i 692	 773 	 784 
i 392	 414 	 481 
i 979	 334 	 287 
i 406	 473 	 458 
i 749	 726 	 825 
i 130	 874 	 790 
i 952	 545 	 638 
i 92	 739 	 661 
i 189	 962 	 987 
i 361	 173 	 189 
i 107	 844 	 798 
i 448	 452 	 485 
i 699	 306 	 335 
i 108	 542 	 452 
i 799	 921 	 981 
i 658	 918 	 1004 
i 147	 991 	 1067 
i 853	 961 	 1056 
i 810	 172 	 104 
i 881	 728 	 733 
i 706	 357 	 383 
i 90	 600 	 515 
i 310	 304 	 359 
i 795	 878 	 955 
i 706	 925 	 962 
i 614	 748 	 716 
i 604	 688 	 686 
i 561	 585 	 553 
i 630	 564 	 494 
i 325	 710 	 616 
i 602	 288 	 336 
i 153	 849 	 915 
i 371	 919 	 847 
i 234	 723 	 810 
i 150	 621 	 649 
i 867	 342 	 293 
i 517	 647 	 719 
i 51	 194 	 178 
i 561	 499 	 409 
i 236	 635 	 610 
i 435	 666 	 761 
i 266	 436 	 362 
i 176	 287 	 287 
i 864	 412 	 459 
i 439	 356 	 433 
i 699	 927 	 977 
i 303	 267 	 221 
i 396	 143 	 107 
i 832	 519 	 595 
i 423	 565 	 488 
i 48	 900 	 910 
i 415	 881 	 944 
i 613	 998 	 1096 
i 952	 555 	 626 
i 228	 320 	 279 
i 147	 219 	 318 
i 323	 888 	 847 
i 360	 240 	 278 
i 818	 525 	 530 
i 330	 421 	 511 
i 218	 525 	 624 
i 84	 128 	 110 
i 82	 855 	 760 
i 581	 850 	 945 
i 817	 725 	 666 
i 938	 989 	 959 
i 813	 986 	 1020 
i 959	 363 	 269 
i 426	 981 	 1051 
i 774	 561 	 497 
i 242	 516 	 495 
i 261	 515 	 511 
i 99	 882 	 894 
i 930	 905 	 834 
i 622	 885 	 977 
i 610	 178 	 258 
i 596	 492 	 534 
i 879	 203 	 237 
i 858	 233 	 152 
i 365	 992 	 1066 
i 821	 265 	 188 
i 276	 620 	 595 
i 144	 161 	 155 
i 37	 663 	 643 
i 907	 793 	 698 
i 984	 759 	 786 
i 413	 671 	 617 
i 517	 418 	 340 
i 655	 128 	 222 
i 646	 216 	 183 
i 819	 993 	 924 
i 393	 207 	 193 
i 450	 541 	 556 
i 72	 963 	 985 
i 838	 434 	 438 
i 568	 457 	 458 
i 200	 135 	 218 
i 545	 342 	 329 
i 564	 442 	 360 
i 683	 416 	 463 
i 675	 715 	 726 
i 783	 854 	 943 
i 268	 350 	 329 
i 226	 862 	 855 
i 589	 518 	 479 
i 979	 982 	 1057 
i 8	 543 	 458 
i 268	 470 	 494 
i 641	 857 	 794 
i 984	 937 	 1010 
i 664	 703 	 711 
i 500	 307 	 272 
i 769	 261 	 279 
i 615	 615 	 679 
i 74	 143 	 125 
i 54	 417 	 395 
i 540	 307 	 286 
i 944	 375 	 408 
i 784	 927 	 888 
i 715	 203 	 161 
i 381	 974 	 1064 
i 602	 568 	 559 
i 771	 859 	 803 
i 339	 498 	 565 
i 375	 339 	 421 
i 720	 704 	 797 
i 941	 161 	 162 
i 239	 515 	 505 
i 157	 217 	 164 
i 261	 489 	 579 
i 232	 747 	 713 
i 746	 707 	 793 
i 588	 222 	 262 
i 25	 422 	 330 
i 282	 279 	 262 
i 948	 201 	 128 
i 7	 172 	 87 
i 461	 622 	 585 
i 580	 134 	 128 
i 6	 343 	 390 
i 722	 299 	 392 
i 393	 594 	 636 
i 519	 535 	 495 
i 869	 272 	 237 
i 59	 311 	 332 
i 161	 683 	 694 
i 230	 806 	 818 
i 805	 876 	 780 
i 831	 270 	 290 
i 94	 692 	 713 
i 306	 457 	 423 
i 849	 427 	 471 
i 327	 172 	 120 
i 508	 441 	 363 
i 733	 731 	 665 
i 377	 382 	 348 
i 159	 876 	 888 
i 21	 487 	 460 
i 201	 508 	 447 
i 854	 156 	 114 
i 244	 697 	 716 
i 600	 992 	 981 
i 670	 747 	 802 
i 42	 962 	 918 
i 739	 173 	 76 
i 44	 324 	 302 
i 905	 619 	 629 
i 330	 229 	 243 
i 776	 555 	 609 
i 827	 732 	 757 
i 488	 992 	 1066 
i 479	 635 	 629 
i 195	 144 	 72 
i 153	 833 	 769 
i 223	 196 	 280 
i 463	 211 	 304 
i 35	 562 	 636 
i 169	 164 	 104 
i 669	 674 	 769 
i 368	 473 	 534 
i 359	 143 	 101 
i 949	 918 	 972 
i 987	 450 	 543 
i 800	 577 	 500 
i 896	 741 	 709 
i 11	 673 	 733 
i 518	 644 	 711 
i 578	 531 	 432 
i 212	 711 	 746 
i 619	 692 	 601 
i 655	 520 	 500 
i 564	 782 	 752 
i 945	 580 	 548 
i 471	 550 	 478 
i 180	 657 	 564 
i 812	 961 	 870 
i 413	 787 	 800 
i 885	 645 	 573 
i 561	 652 	 622 
i 216	 365 	 459 
i 676	 405 	 430 
i 431	 765 	 703 
i 958	 190 	 117 
i 453	 493 	 514 
i 68	 618 	 675 
i 25	 651 	 671 
i 785	 693 	 596 
i 387	 307 	 387 
i 996	 435 	 427 
i 283	 750 	 785 
i 614	 727 	 697 
i 351	 398 	 455 
i 440	 570 	 618 
i 869	 693 	 632 
i 440	 346 	 298 
i 48	 160 	 117 
i 704	 695 	 609 
i 925	 709 	 701 
i 290	 621 	 612 
i 10	 143 	 190 
i 703	 745 	 715 
i 26	 171 	 211 
i 542	 869 	 797 
i 199	 641 	 543 
i 464	 817 	 807 
i 519	 163 	 163 
i 177	 420 	 361 
i 849	 486 	 412 
i 424	 895 	 879 
i 460	 413 	 399 
i 175	 181 	 107 
i 243	 496 	 427 
i 96	 234 	 274 
i 693	 362 	 441 
i 487	 375 	 347 
i 546	 779 	 855 
i 894	 337 	 248 
i 316	 520 	 601 
i 200	 637 	 603 
i 539	 122 	 180 
i 618	 505 	 598 
i 52	 623 	 564 
i 191	 764 	 724 
i 474	 499 	 598 
i 771	 409 	 405 
i 523	 732 	 638 
i 778	 628 	 712 
i 240	 680 	 628 
i 832	 598 	 585 
i 845	 893 	 988 
i 289	 708 	 727 
i 864	 678 	 707 
i 600	 864 	 931 
i 37	 246 	 208 
i 373	 243 	 159 
i 72	 674 	 695 
i 653	 700 	 677 
i 294	 633 	 657 
i 842	 847 	 838 
i 723	 348 	 308 
i 395	 329 	 347 
i 34	 860 	 851 
i 881	 548 	 459 
i 34	 405 	 323 
i 183	 683 	 675 
i 816	 757 	 764 
i 480	 408 	 345 
i 68	 751 	 747 
i 895	 418 	 383 
i 164	 824 	 733 
i 410	 203 	 191 
i 253	 728 	 723 
i 745	 244 	 215 
i 77	 294 	 272 
i 720	 375 	 390 
i 448	 788 	 766 
i 782	 376 	 450 
i 503	 544 	 632 
i 848	 974 	 1041 
i 651	 375 	 474 
i 755	 418 	 399 
i 450	 813 	 845 
i 601	 349 	 330 
i 806	 668 	 664 
i 105	 129 	 69 
i 866	 641 	 671 
i 165	 990 	 976 
i 653	 877 	 964 
i 625	 824 	 881 
i 922	 678 	 665 
i 269	 678 	 616 
i 59	 153 	 181 
i 327	 743 	 691 
i 954	 216 	 125 
i 975	 647 	 577 
i 572	 828 	 732 
i 562	 519 	 456 
i 424	 905 	 972 
i 227	 850 	 842 
i 865	 660 	 637 
i 504	 159 	 189 
i 552	 330 	 372 
i 264	 900 	 808 
i 382	 227 	 325 
i 985	 271 	 364 
i 792	 408 	 416 
i 253	 426 	 346 
i 147	 592 	 597 
i 978	 449 	 499 
i 596	 861 	 885 
i 651	 316 	 240 
i 898	 898 	 933 
i 786	 643 	 731 
i 918	 679 	 643 
i 99	 674 	 635 
i 433	 648 	 568 
i 788	 241 	 211 
i 330	 333 	 332 
i 710	 802 	 797 
i 554	 584 	 498 
i 785	 246 	 291 
i 671	 357 	 381 
i 270	 958 	 940 
i 909	 905 	 870 
i 544	 303 	 288 
i 149	 577 	 649 
i 295	 667 	 696 
i 545	 981 	 1076 
i 323	 536 	 573 
i 855	 961 	 909 
i 9	 138 	 43 
i 285	 784 	 823 
i 239	 450 	 543 
i 134	 815 	 890 
i 350	 219 	 203 
i 875	 599 	 613 
i 501	 475 	 548 
i 479	 163 	 145 
i 957	 143 	 189 
i 914	 755 	 772 
i 945	 971 	 990 
i 703	 996 	 1072 
i 85	 728 	 652 
i 877	 700 	 650 
i 999	 592 	 612 
i 548	 968 	 963 
i 958	 586 	 682 
i 17	 467 	 458 
i 54	 832 	 815 
i 779	 595 	 561 
i 747	 230 	 185 
i 743	 761 	 856 
i 439	 656 	 568 
i 102	 764 	 852 
i 644	 990 	 1078 
i 608	 639 	 637 
i 144	 176 	 165 
i 545	 159 	 151 
i 356	 567 	 570 
i 900	 938 	 897 
i 35	 343 	 252 
i 766	 589 	 646 
i 380	 571 	 516 
i 115	 629 	 594 
i 105	 578 	 672 
i 699	 526 	 542 
i 773	 962 	 1007 
i 827	 471 	 425 
i 341	 885 	 910 
i 271	 457 	 462 
i 533	 721 	 733 
i 72	 761 	 726 
i 590	 573 	 614 
i 173	 775 	 839 
i 699	 179 	 264 
i 167	 155 	 180 
i 124	 673 	 652 
i 530	 429 	 374 
i 401	 669 	 682 
i 790	 337 	 404 
i 477	 805 	 779 
i 209	 416 	 404 
i 729	 707 	 613 
i 477	 447 	 387 
i 554	 289 	 369 
i 605	 224 	 137 
i 237	 781 	 719 
i 595	 246 	 290 
i 223	 448 	 372 
i 477	 952 	 1034 
i 259	 808 	 786 
i 602	 248 	 267 
i 273	 641 	 606 
i 652	 670 	 731 
i 853	 852 	 823 
i 981	 766 	 858 
i 735	 828 	 768 
i 888	 112 	 171 
i 267	 755 	 658 
i 214	 865 	 864 
i 997	 789 	 840 
i 153	 248 	 219 
i 749	 780 	 806 
i 379	 184 	 140 
i 213	 900 	 827 
i 950	 331 	 254 
i 757	 299 	 369 
i 759	 479 	 526 
i 484	 298 	 199 
i 333	 315 	 258 
i 97	 757 	 700 
i 251	 540 	 513 
i 5	 858 	 781 
i 87	 529 	 528 
i 974	 780 	 821 
i 222	 900 	 931 
i 434	 114 	 97 
i 848	 871 	 806 
i 60	 639 	 670 
i 290	 645 	 743 
i 18	 840 	 757 
i 501	 144 	 111 
i 341	 472 	 440 
i 812	 578 	 563 
i 565	 131 	 111 
i 453	 761 	 786 
i 457	 459 	 371 
i 313	 830 	 911 
i 907	 986 	 1079 
i 509	 684 	 635 
i 329	 677 	 632 
i 367	 756 	 811 
i 774	 169 	 92 
i 300	 475 	 560 
i 323	 857 	 855 
i 55	 327 	 416 
i 447	 884 	 865 
i 256	 937 	 980 
i 241	 856 	 881 
i 885	 828 	 754 
i 523	 169 	 161 
i 250	 414 	 480 
i 316	 215 	 235 
i 725	 319 	 399 
i 565	 257 	 202 
i 808	 696 	 652 
i 678	 650 	 695 
i 608	 121 	 217 
i 447	 760 	 705 
i 255	 427 	 349 
i 320	 546 	 572 
i 661	 958 	 1034 
i 778	 807 	 746 
i 13	 456 	 541 
i 178	 371 	 369 
i 836	 573 	 532 
i 444	 823 	 918 
i 456	 582 	 599 
i 186	 568 	 474 
i 542	 768 	 725 
i 32	 867 	 888 
i 984	 542 	 495 
i 768	 439 	 348 
i 157	 616 	 527 
i 449	 550 	 497 
i 969	 986 	 900 
i 771	 363 	 366 
i 301	 343 	 437 
i 816	 863 	 794 
i 556	 893 	 932 
i 407	 259 	 305 
i 892	 799 	 842 
i 262	 148 	 144 
i 830	 189 	 217 
i 325	 241 	 159 
i 310	 451 	 363 
i 593	 516 	 582 
i 854	 974 	 900 
i 701	 949 	 1038 
i 581	 201 	 201 
i 748	 823 	 905 
i 523	 584 	 644 
i 565	 332 	 245 
i 653	 763 	 842 
i 800	 445 	 389 
i 184	 525 	 530 
i 639	 579 	 503 
i 611	 429 	 524 
i 555	 546 	 581 
i 656	 501 	 453 
i 458	 949 	 850 
i 990	 870 	 876 
i 240	 696 	 615 
i 974	 754 	 803 
i 350	 661 	 670 
i 816	 857 	 903 
i 344	 439 	 413 
i 702	 548 	 644 
i 193	 528 	 535 
i 631	 243 	 181 
i 574	 474 	 504 
i 429	 482 	 510 
i 87	 954 	 1030 
i 810	 151 	 222 
i 430	 817 	 758 
i 269	 416 	 320 
i 638	 179 	 152 
i 131	 509 	 422 
i 601	 494 	 446 
i 750	 972 	 1050 
i 160	 255 	 248 
i 577	 835 	 913 
i 526	 516 	 612 
i 571	 412 	 470 
i 366	 284 	 228 
i 709	 467 	 465 
i 786	 487 	 412 
i 235	 813 	 764 
i 666	 874 	 946 
i 635	 217 	 239 
i 798	 120 	 174 
i 612	 534 	 503 
i 69	 440 	 514 
i 408	 423 	 412 
i 603	 238 	 300 
i 4	 434 	 438 
i 428	 870 	 831 
i 218	 985 	 993 
i 77	 327 	 268 
i 196	 204 	 272 
i 207	 747 	 775 
i 683	 543 	 493 
i 54	 853 	 817 
i 405	 741 	 786 
i 548	 248 	 214 
i 912	 970 	 937 
i 767	 544 	 596 
i 751	 817 	 913 
i 994	 410 	 321 
i 100	 595 	 545 
i 815	 455 	 447 
i 302	 136 	 64 
i 137	 361 	 300 
i 845	 647 	 667 
i 1	 407 	 336 
i 966	 703 	 615 
i 454	 112 	 177 
i 249	 791 	 806 
i 586	 775 	 789 
i 131	 827 	 861 
i 519	 164 	 161 
i 547	 573 	 631 
i 828	 700 	 785 
i 432	 875 	 929 
i 765	 521 	 575 
i 431	 653 	 701 
i 434	 708 	 647 
i 200	 556 	 545 
i 947	 182 	 88 
i 753	 693 	 625 
i 813	 404 	 440 
i 333	 839 	 784 
i 996	 654 	 565 
i 857	 590 	 587 
i 319	 390 	 340 
i 929	 190 	 227 
i 601	 849 	 772 
i 103	 134 	 97 
i 184	 530 	 483 
i 839	 558 	 461 
i 169	 702 	 768 
i 987	 418 	 351 
i 599	 621 	 553 
i 139	 672 	 575 
i 453	 217 	 184 
i 542	 443 	 396 
i 373	 163 	 236 
i 400	 269 	 363 
i 872	 553 	 483 
i 376	 789 	 887 
i 41	 806 	 738 
i 388	 657 	 586 
i 961	 804 	 853 
i 593	 948 	 1025 
i 713	 965 	 933 
i 87	 376 	 452 
i 147	 614 	 565 
i 325	 497 	 528 
i 822	 471 	 476 
i 586	 608 	 688 
i 368	 603 	 692 
i 982	 747 	 713 
i 762	 880 	 838 
i 704	 656 	 733 
i 665	 556 	 576 
i 964	 859 	 896 
i 530	 754 	 820 
i 964	 982 	 913 
i 370	 677 	 773 
i 930	 258 	 271 
i 484	 172 	 259 
i 200	 123 	 206 
i 65	 419 	 455 
i 678	 681 	 658 
i 180	 581 	 491 
i 22	 226 	 129 
i 745	 837 	 846 
i 726	 689 	 691 
i 363	 831 	 907 
i 528	 815 	 877 
i 597	 430 	 389 
i 612	 373 	 371 
i 958	 301 	 312 
i 600	 906 	 853 
i 130	 359 	 342 
i 259	 404 	 391 
i 76	 418 	 354 
i 727	 903 	 985 
i 537	 468 	 422 
i 330	 361 	 421 
i 689	 194 	 173 
i 984	 456 	 358 
i 199	 896 	 989 
i 93	 504 	 517 
i 373	 716 	 755 
i 703	 199 	 290 
i 50	 589 	 495 
i 940	 754 	 806 
i 342	 674 	 633 
i 624	 917 	 942 
i 718	 740 	 703 
i 107	 205 	 165 
i 989	 214 	 213 
i 433	 187 	 205 
i 115	 693 	 786 
i 214	 425 	 458 
i 753	 387 	 430 
i 476	 417 	 448 
i 110	 204 	 104 
i 17	 468 	 493 
i 724	 137 	 105 
i 830	 419 	 408 
i 947	 686 	 673 
i 33	 241 	 315 
i 687	 768 	 865 
i 42	 737 	 677 
i 352	 442 	 532 
i 696	 191 	 177 
i 801	 777 	 785 
i 204	 777 	 788 
i 234	 444 	 400 
i 580	 749 	 671 
i 228	 260 	 171 
i 376	 651 	 569 
i 115	 538 	 593 
i 819	 526 	 590 
i 193	 705 	 639 
i 284	 665 	 738 
i 33	 158 	 192 
i 783	 639 	 713 
i 159	 245 	 166 
i 877	 496 	 533 
i 46	 596 	 679 
i 653	 649 	 607 
i 134	 731 	 712 
i 601	 535 	 480 
i 270	 376 	 359 
i 893	 530 	 570 
i 946	 414 	 461 
i 541	 121 	 124 
i 692	 899 	 934 
i 126	 995 	 1005 
i 671	 719 	 739 
i 277	 645 	 595 
i 974	 905 	 882 
i 452	 379 	 476 
i 750	 580 	 531 
i 222	 953 	 883 
i 563	 690 	 609 
i 574	 455 	 482 
i 461	 917 	 882 
i 457	 630 	 621 
i 141	 234 	 159 
i 742	 768 	 748 
i 636	 993 	 968 
i 937	 447 	 512 
i 466	 436 	 451 
i 414	 665 	 725 
i 66	 798 	 770 
i 453	 885 	 972 
i 360	 563 	 542 
i 944	 856 	 927 
i 84	 372 	 471 
i 822	 484 	 531 
i 815	 842 	 816 
i 194	 289 	 251 
i 559	 137 	 192 
i 183	 652 	 590 
i 956	 475 	 426 
i 827	 797 	 839 
i 336	 742 	 656 
i 175	 208 	 111 
i 468	 969 	 888 
i 888	 965 	 1049 
i 711	 733 	 780 
i 912	 176 	 261 
i 941	 453 	 450 
i 550	 256 	 290 
i 959	 426 	 451 
i 732	 656 	 647 
i 443	 399 	 457 
i 553	 462 	 555 
i 518	 475 	 461 
i 480	 563 	 527 
i 180	 493 	 399 
i 254	 259 	 348 
i 639	 196 	 273 
i 802	 631 	 618 
i 158	 340 	 319 
i 771	 899 	 824 
i 96	 415 	 429 
i 490	 229 	 153 
i 900	 199 	 227 
i 410	 584 	 508 
i 839	 870 	 830 
i 7	 900 	 911 
i 103	 852 	 790 
i 689	 751 	 850 
i 946	 251 	 182 
i 833	 603 	 688 
i 176	 718 	 622 
i 309	 338 	 340 
i 408	 449 	 431 
i 940	 132 	 196 
i 795	 241 	 273 
i 683	 510 	 543 
i 517	 114 	 168 
i 238	 288 	 279 
i 396	 285 	 266 
i 950	 423 	 370 
i 633	 357 	 339 
i 889	 377 	 421 
i 271	 832 	 758 
i 294	 310 	 224 
i 441	 151 	 224 
i 889	 740 	 750 
i 894	 445 	 358 
i 94	 241 	 201 
i 290	 650 	 690 
i 641	 123 	 153 
i 918	 336 	 292 
i 218	 705 	 639 
i 30	 459 	 447 
i 253	 575 	 622 
i 299	 639 	 574 
i 8	 520 	 433 
i 383	 120 	 212 
i 530	 180 	 91 
i 138	 451 	 420 
i 151	 185 	 282 
i 404	 763 	 844 
i 73	 127 	 51 
i 464	 281 	 211 
i 987	 675 	 656 
i 582	 443 	 484 
i 43	 602 	 644 
i 54	 663 	 582 
i 133	 630 	 655 
i 516	 681 	 733 
i 599	 989 	 1072 
i 334	 977 	 940 
i 352	 894 	 872 
i 543	 116 	 187 
i 179	 253 	 321 
i 552	 615 	 600 
i 105	 353 	 346 
i 726	 988 	 992 
i 311	 184 	 214 
i 952	 742 	 675 
i 939	 532 	 585 
i 915	 457 	 377 
i 796	 741 	 731 
i 802	 200 	 299 
i 962	 961 	 896 
i 529	 822 	 867 
i 802	 311 	 377 
i 789	 727 	 738 
i 872	 302 	 375 
i 582	 884 	 948 
i 57	 145 	 197 
i 446	 829 	 864 
i 156	 920 	 914 
i 256	 435 	 390 
i 213	 433 	 380 
i 14	 589 	 642 
i 239	 347 	 361 
i 931	 198 	 169 
i 148	 694 	 640 
i 17	 578 	 641 
i 57	 419 	 493 
i 864	 207 	 170 
i 775	 809 	 803 
i 141	 341 	 386 
i 503	 586 	 674 
i 41	 798 	 889 
i 307	 591 	 529 
i 405	 210 	 135 
i 61	 530 	 484 
i 587	 736 	 693 
i 934	 572 	 541 
i 44	 458 	 400 
i 829	 741 	 838 
i 88	 273 	 198 
i 623	 922 	 947 
i 396	 870 	 904 
i 936	 831 	 926 
i 49	 115 	 91 
i 520	 227 	 215 
i 224	 470 	 375 
i 743	 727 	 819 
i 135	 146 	 47 
i 843	 333 	 400 
i 27	 321 	 405 
i 939	 434 	 443 
i 793	 993 	 1081 
i 604	 700 	 775 
i 609	 680 	 765 
i 739	 130 	 119 
i 143	 523 	 557 
i 837	 549 	 532 
i 876	 516 	 525 
i 128	 522 	 500 
i 364	 377 	 361 
i 727	 309 	 280 
i 720	 795 	 725 
i 384	 744 	 795 
i 25	 637 	 610 
i 47	 573 	 494 
i 510	 971 	 920 
i 3	 680 	 597 
i 460	 160 	 252 
i 922	 649 	 566 
i 223	 999 	 989 
i 446	 484 	 420 
i 216	 803 	 883 
i 927	 939 	 896 
i 519	 723 	 684 
i 40	 159 	 130 
i 8	 253 	 326 
i 647	 473 	 546 
i 703	 549 	 514 
i 309	 515 	 465 
i 309	 594 	 588 
i 728	 997 	 1080 
i 507	 269 	 195 
i 439	 181 	 93 
i 129	 434 	 450 
i 183	 709 	 733 
i 343	 137 	 162 
i 751	 906 	 860 
i 245	 789 	 884 
i 699	 192 	 149 
i 244	 415 	 434 
i 241	 836 	 800 
i 419	 764 	 830 
i 497	 883 	 836 
i 861	 938 	 917 
i 535	 566 	 582 
i 564	 229 	 313 
i 459	 787 	 822 
i 223	 142 	 225 
i 315	 123 	 146 
i 657	 378 	 450 
i 474	 907 	 827 
i 209	 306 	 310 
i 78	 155 	 58 
i 10	 395 	 471 
i 522	 749 	 732 
i 655	 376 	 471 
i 416	 309 	 296 
i 452	 909 	 941 
i 466	 838 	 933 
i 767	 499 	 525 
i 663	 377 	 298 
i 882	 469 	 432 
i 933	 933 	 911 
i 253	 950 	 930 
i 971	 843 	 927 
i 270	 323 	 338 
i 493	 305 	 404 
i 391	 695 	 684 
i 210	 394 	 476 
i 646	 372 	 408 
i 946	 935 	 903 
i 349	 141 	 86 
i 274	 421 	 352 
i 218	 771 	 753 
i 42	 240 	 216 
i 281	 172 	 202 
i 500	 687 	 616 
i 157	 683 	 690 
i 476	 191 	 240 
i 770	 114 	 92 
i 697	 719 	 686 
i 731	 135 	 172 
i 81	 336 	 428 
i 823	 477 	 412 
i 968	 843 	 787 
i 39	 295 	 295 
i 687	 875 	 775 
i 331	 116 	 47 
i 422	 593 	 620 
i 426	 368 	 349 
i 110	 717 	 637 
i 138	 129 	 195 
i 391	 740 	 823 
i 802	 706 	 753 
i 627	 866 	 907 
i 833	 174 	 223 
i 694	 621 	 607 
i 699	 623 	 675 
i 243	 765 	 701 
i 532	 441 	 463 
i 214	 801 	 845 
i 234	 892 	 963 
i 942	 744 	 693 
i 613	 669 	 579 
i 463	 436 	 471 
i 534	 177 	 179 
i 109	 840 	 780 
i 684	 336 	 416 
i 421	 125 	 54 
i 792	 289 	 324 
i 568	 832 	 910 
i 447	 583 	 508 
i 160	 457 	 370 
i 787	 677 	 713 
i 154	 722 	 650 
i 229	 435 	 470 
i 49	 890 	 947 
i 302	 183 	 177 
i 319	 987 	 1065 
i 519	 229 	 265 
i 331	 832 	 782 
i 863	 736 	 775 
i 253	 848 	 919 
i 890	 910 	 939 
i 578	 627 	 686 
i 943	 755 	 660 
i 820	 470 	 385 
i 901	 280 	 255 
i 887	 700 	 739 
i 21	 604 	 547 
i 832	 323 	 332 
i 536	 547 	 529 
i 366	 279 	 311 
i 265	 154 	 164 
i 845	 728 	 654 
i 570	 550 	 464 
i 974	 575 	 654 
i 166	 644 	 703 
i 828	 981 	 1017 
i 383	 712 	 753 
i 621	 904 	 911 
i 113	 502 	 416 
i 303	 867 	 854 
i 351	 568 	 608 
i 46	 171 	 180 
i 540	 287 	 210 
i 63	 354 	 272 
i 663	 261 	 212 
i 641	 969 	 886 
i 318	 689 	 682 
i 211	 426 	 344 
i 651	 904 	 844 
i 503	 969 	 970 
i 18	 469 	 540 
i 85	 205 	 285 
i 284	 691 	 679 
i 557	 796 	 797 
i 726	 878 	 811 
i 691	 218 	 279 
i 342	 294 	 219 
i 697	 710 	 677 
i 589	 790 	 887 
i 555	 970 	 968 
i 958	 530 	 531 
i 65	 403 	 421 
i 717	 315 	 390 
i 488	 708 	 694 
i 352	 269 	 201 
i 472	 418 	 488 
i 678	 248 	 186 
i 353	 361 	 439 
i 117	 660 	 656 
i 85	 650 	 556 
i 556	 198 	 296 
i 884	 650 	 561 
i 116	 288 	 342 
i 788	 179 	 131 
i 965	 565 	 587 
i 312	 707 	 624 
i 466	 575 	 627 
i 747	 747 	 670 
i 366	 650 	 596 
i 973	 188 	 151 
i 72	 219 	 293 
i 678	 213 	 264 
i 878	 264 	 339 
i 955	 952 	 984 
i 467	 297 	 322 
i 138	 844 	 932 
i 661	 920 	 901 
i 377	 711 	 641 
i 984	 815 	 818 
i 72	 135 	 133 
i 194	 418 	 430 
i 309	 306 	 254 
i 482	 982 	 906 
i 429	 871 	 786 
i 639	 571 	 579 
i 464	 241 	 277 
i 375	 188 	 156 
i 51	 549 	 592 
i 843	 686 	 726 
i 870	 259 	 314 
i 216	 697 	 790 
i 436	 310 	 265 
i 416	 526 	 578 
i 271	 634 	 571 
i 789	 703 	 768 
i 936	 297 	 255 
i 24	 903 	 936 
i 517	 318 	 361 
i 164	 958 	 969 
i 331	 695 	 680 
i 991	 495 	 523 
i 216	 468 	 384 
i 683	 715 	 714 
i 273	 502 	 555 
i 938	 670 	 681 
i 149	 517 	 515 
i 40	 776 	 779 
i 273	 479 	 385 
i 227	 226 	 165 
i 883	 723 	 728 
i 316	 216 	 219 
i 717	 789 	 835 
i 398	 861 	 844 
i 838	 413 	 451 
i 467	 206 	 231 
i 924	 700 	 755 
i 673	 249 	 312 
i 87	 708 	 626 
i 217	 737 	 700 
i 906	 912 	 852 
i 26	 492 	 495 
i 788	 953 	 899 
i 632	 717 	 743 
i 972	 200 	 194 
i 80	 814 	 901 
i 742	 485 	 557 
i 898	 288 	 294 
i 570	 126 	 150 
i 275	 207 	 274 
i 176	 489 	 538 
i 604	 667 	 721 
i 552	 237 	 248 
i 234	 445 	 383 
i 334	 118 	 50 
i 126	 536 	 484 
i 546	 480 	 577 
i 745	 357 	 433 
i 762	 833 	 823 
i 870	 496 	 541 
i 296	 353 	 433 
i 921	 127 	 128 
i 64	 812 	 723 
i 440	 420 	 378 
i 448	 590 	 615 
i 926	 735 	 785 
i 342	 951 	 910 
i 619	 938 	 846 
i 432	 835 	 896 
i 865	 349 	 384 
i 139	 996 	 1090 
i 157	 910 	 988 
i 945	 472 	 563 
i 293	 525 	 504 
i 832	 785 	 853 
i 535	 453 	 507 
i 481	 233 	 155 
i 412	 498 	 544 
i 227	 536 	 468 
i 495	 363 	 268 
i 491	 964 	 897 
i 390	 939 	 903 
i 797	 844 	 797 
i 264	 805 	 817 
i 23	 268 	 246 
i 408	 130 	 215 
i 546	 814 	 795 
i 981	 914 	 978 
i 460	 675 	 584 
i 744	 819 	 827 
i 705	 844 	 750 
i 636	 992 	 976 
i 461	 390 	 334 
i 242	 628 	 624 
i 419	 238 	 239 
i 441	 588 	 670 
i 233	 525 	 517 
i 136	 889 	 877 
i 770	 731 	 811 
i 568	 774 	 803 
i 393	 368 	 338 
i 385	 398 	 495 
i 700	 775 	 764 
i 283	 971 	 1009 
i 426	 513 	 435 
i 963	 963 	 973 
i 429	 887 	 943 
i 305	 408 	 491 
i 3	 801 	 838 
i 749	 714 	 665 
i 39	 399 	 429 
i 362	 712 	 619 
i 109	 701 	 747 
i 77	 211 	 114 
i 529	 826 	 814 
i 488	 924 	 905 
i 362	 525 	 592 
i 696	 332 	 260 
i 473	 260 	 188 
i 152	 873 	 951 
i 476	 213 	 299 
i 153	 791 	 749 
i 817	 822 	 802 
i 930	 586 	 581 
i 735	 602 	 503 
i 650	 996 	 994 
i 116	 468 	 539 
i 365	 322 	 332 
i 533	 447 	 352 
i 391	 574 	 509 
i 506	 478 	 508 
i 271	 417 	 478 
i 71	 677 	 701 
i 606	 144 	 154 
i 159	 569 	 527 
i 155	 575 	 663 
i 557	 126 	 37 
i 795	 888 	 872 
i 174	 491 	 581 
i 695	 514 	 483 
i 109	 672 	 742 
i 453	 364 	 288 
i 91	 192 	 130 
i 129	 747 	 806 
i 644	 352 	 443 
i 167	 610 	 532 
i 185	 556 	 590 
i 60	 606 	 599 
i 487	 981 	 1008 
i 941	 940 	 906 
i 573	 359 	 347 
i 858	 227 	 306 
i 950	 336 	 433 
i 667	 508 	 431 
i 938	 331 	 383 
i 500	 294 	 379 
i 2	 394 	 316 
i 559	 991 	 925 
i 538	 516 	 547 
i 471	 195 	 214 
i 750	 493 	 427 
i 881	 887 	 793 
i 136	 796 	 892 
i 583	 784 	 813 
i 830	 887 	 904 
i 37	 674 	 591 
i 356	 609 	 526 
i 346	 709 	 738 
i 802	 861 	 797 
i 897	 558 	 589 
i 327	 202 	 183 
i 201	 356 	 313 
i 971	 383 	 367 
i 729	 367 	 268 
i 603	 944 	 1011 
i 238	 576 	 650 
i 799	 653 	 599 
i 472	 731 	 746 
i 317	 417 	 392 
i 819	 581 	 536 
i 922	 275 	 295 
i 199	 636 	 696 
i 505	 893 	 947 
i 794	 380 	 380 
i 731	 386 	 307 
i 255	 241 	 210 
i 865	 129 	 57 
i 564	 333 	 356 
i 909	 846 	 932 
i 439	 293 	 343 
i 624	 538 	 573 
i 216	 184 	 258 
i 95	 898 	 873 
i 398	 698 	 632 
i 707	 257 	 337 
i 854	 353 	 284 
i 874	 660 	 564 
i 126	 788 	 805 
i 952	 446 	 445 
i 158	 387 	 474 
i 638	 167 	 178 
i 721	 767 	 822 
i 607	 655 	 729 
i 268	 992 	 945 
i 433	 256 	 351 
i 705	 170 	 236 
i 323	 312 	 352 
i 85	 334 	 400 
i 463	 857 	 913 
i 773	 411 	 498 
i 836	 354 	 369 
i 575	 852 	 811 
i 188	 652 	 733 
i 179	 537 	 471 
i 343	 776 	 797 
i 410	 754 	 716 
i 636	 603 	 630 
i 887	 341 	 385 
i 727	 190 	 126 
i 65	 886 	 977 
i 339	 832 	 890 
i 173	 457 	 430 
i 781	 723 	 734 
i 261	 640 	 686 
i 10	 795 	 710 
i 733	 446 	 443 
i 288	 724 	 648 
i 547	 400 	 302 
i 637	 151 	 198 
i 509	 313 	 373 
i 322	 274 	 202 
i 711	 979 	 941 
i 401	 417 	 336 
i 996	 911 	 882 
i 766	 675 	 648 
i 144	 744 	 663 
i 833	 289 	 266 
i 159	 398 	 484 
i 204	 408 	 422 
i 431	 176 	 92 
i 615	 890 	 870 
i 591	 127 	 49 
i 935	 406 	 408 
i 836	 492 	 494 
i 472	 809 	 764 
i 185	 246 	 229 
i 385	 334 	 284 
i 709	 678 	 660 
i 44	 620 	 642 
i 118	 240 	 149 
i 994	 312 	 344 
i 13	 670 	 620 
i 346	 771 	 708 
i 774	 339 	 243 
i 560	 793 	 792 
i 712	 150 	 186 
i 964	 523 	 436 
i 603	 748 	 802 
i 177	 224 	 287 
i 322	 770 	 857 
i 548	 811 	 897 
i 177	 509 	 597 
i 919	 732 	 689 
i 177	 899 	 811 
i 945	 920 	 944 
i 989	 472 	 439 
i 454	 188 	 148 
i 171	 247 	 327 
i 299	 935 	 850 
i 41	 774 	 754 
i 828	 717 	 806 
i 277	 655 	 580 
i 976	 604 	 513 
i 863	 861 	 805 
i 774	 917 	 850 
i 182	 583 	 514 
i 269	 882 	 904 
i 422	 260 	 316 
i 350	 174 	 90 
i 97	 244 	 168 
i 778	 601 	 691 
i 391	 556 	 501 
i 946	 668 	 608 
i 790	 709 	 622 
i 698	 907 	 975 
i 230	 168 	 72 
i 97	 308 	 266 
i 265	 852 	 894 
i 336	 659 	 571 
i 486	 732 	 663 
i 39	 842 	 929 
i 540	 798 	 763 
i 167	 112 	 67 
i 840	 293 	 206 
i 736	 353 	 405 
i 801	 213 	 311 
i 24	 233 	 151 
i 858	 492 	 463 
i 476	 238 	 276 
i 175	 295 	 230 
i 997	 437 	 380 
i 771	 382 	 433 
i 772	 675 	 759 
i 978	 920 	 972 
i 252	 980 	 980 
i 366	 771 	 731 
i 504	 765 	 729 
i 933	 846 	 782 
i 78	 274 	 305 
i 285	 888 	 954 
i 651	 158 	 224 
i 957	 350 	 370 
i 592	 133 	 107 
i 503	 954 	 924 
i 481	 744 	 764 
i 224	 300 	 394 
i 960	 568 	 562 
i 788	 856 	 837 
i 971	 130 	 127 
i 846	 715 	 768 
i 899	 567 	 551 
i 170	 417 	 392 
i 195	 952 	 1046 
i 144	 395 	 389 
i 856	 709 	 800 
i 69	 357 	 292 
i 583	 331 	 258 
i 422	 754 	 839 
i 444	 228 	 307 
i 125	 659 	 708 
i 638	 455 	 484 
i 982	 830 	 892 
i 928	 277 	 178 
i 249	 251 	 181 
i 922	 673 	 574 
i 200	 633 	 548 
i 449	 793 	 825 
i 172	 917 	 833 
i 304	 852 	 857 
i 921	 762 	 792 
i 309	 536 	 493 
i 118	 221 	 175 
i 306	 945 	 884 
i 464	 953 	 942 
i 97	 200 	 174 
i 685	 208 	 222 
i 452	 278 	 181 
i 359	 865 	 803 
i 194	 938 	 937 
i 926	 517 	 500 
i 405	 206 	 251 
i 529	 462 	 530 
i 468	 703 	 632 
i 416	 880 	 902 
i 517	 389 	 431 
i 628	 719 	 698 
i 815	 337 	 406 
i 664	 354 	 295 
i 595	 524 	 503 
i 52	 965 	 930 
i 159	 446 	 492 
i 555	 203 	 155 
i 221	 953 	 998 
i 87	 197 	 126 
i 400	 742 	 774 
i 85	 484 	 442 
i 339	 835 	 756 
i 613	 700 	 753 
i 79	 883 	 855 
i 39	 350 	 333 
i 417	 640 	 655 
i 521	 401 	 326 
i 468	 633 	 603 
i 565	 393 	 380 
i 276	 522 	 589 
i 695	 222 	 306 
i 511	 481 	 433 
i 174	 575 	 649 
i 43	 370 	 460 
i 312	 694 	 792 
i 907	 175 	 156 
i 235	 687 	 772 
i 823	 802 	 781 
i 141	 225 	 317 
i 603	 613 	 560 
i 729	 469 	 555 
i 146	 400 	 388 
i 668	 632 	 655 
i 960	 520 	 552 
i 617	 478 	 572 
i 690	 470 	 546 
i 338	 833 	 756 
i 116	 770 	 857 
i 245	 233 	 148 
i 810	 200 	 236 
i 214	 411 	 393 
i 539	 351 	 362 
i 126	 746 	 691 
i 586	 406 	 343 
i 999	 994 	 1054 
i 404	 969 	 967 
i 217	 863 	 929 
i 958	 966 	 1055 
i 97	 912 	 850 
i 197	 983 	 883 
i 534	 701 	 644 
i 805	 179 	 229 
i 520	 674 	 750 
i 852	 875 	 868 
i 846	 151 	 144 
i 812	 865 	 939 
i 659	 414 	 331 
i 622	 264 	 172 
i 524	 217 	 145 
i 505	 388 	 355 
i 170	 389 	 463 
i 247	 581 	 616 
i 880	 363 	 302 
i 741	 256 	 166 
i 786	 671 	 750 
i 635	 196 	 237 
i 977	 969 	 942 
i 150	 157 	 254 
i 270	 197 	 199 
i 582	 323 	 226 
i 895	 623 	 560 
i 425	 510 	 497 
i 708	 223 	 186 
i 872	 399 	 310 
i 502	 444 	 512 
i 598	 352 	 347 
i 565	 982 	 973 
i 617	 420 	 441 
i 715	 411 	 486 
i 954	 868 	 859 
i 531	 885 	 855 
i 980	 164 	 219 
i 108	 551 	 548 
i 432	 832 	 803 
i 807	 882 	 954 
i 79	 743 	 735 
i 59	 279 	 183 
i 407	 685 	 713 
i 745	 334 	 305 
i 598	 224 	 186 
i 469	 631 	 699 
i 529	 945 	 1009 
i 24	 748 	 834 
i 835	 292 	 264 
i 703	 612 	 545 
i 414	 489 	 438 
i 604	 898 	 859 
i 250	 921 	 963 
i 502	 603 	 594 
i 629	 921 	 832 
i 215	 309 	 314 
i 154	 170 	 80 
i 871	 902 	 817 
i 76	 840 	 922 
i 640	 273 	 296 
i 66	 423 	 328 
i 952	 644 	 670 
i 863	 916 	 992 
i 417	 661 	 638 
i 329	 180 	 82 
i 552	 230 	 175 
i 619	 697 	 673 
i 509	 745 	 695 
i 329	 815 	 780 
i 512	 737 	 830 
i 864	 395 	 301 
i 464	 422 	 519 
i 370	 985 	 1055 
i 989	 882 	 835 
i 68	 336 	 355 
i 203	 350 	 279 
i 862	 553 	 606 
i 577	 894 	 849 
i 369	 230 	 251 
i 74	 523 	 446 
i 394	 495 	 591 
i 744	 526 	 515 
i 728	 514 	 576 
i 596	 381 	 441 
i 850	 619 	 693 
i 120	 261 	 175 
i 618	 393 	 480 
i 499	 186 	 188 
i 633	 432 	 508 
i 97	 970 	 1061 
i 529	 185 	 154 
i 996	 169 	 87 
i 451	 564 	 628 
i 755	 400 	 383 
i 328	 225 	 178 
i 497	 111 	 88 
i 815	 176 	 77 
i 900	 120 	 120 
i 262	 576 	 503 
i 229	 470 	 416 
i 313	 430 	 482 
i 378	 741 	 793 
i 888	 824 	 766 
i 214	 665 	 758 
i 343	 147 	 105 
i 343	 386 	 444 
i 417	 732 	 753 
i 427	 737 	 738 
i 950	 297 	 350 
i 355	 419 	 518 
i 715	 628 	 590 
i 424	 418 	 455 
i 227	 204 	 219 
i 850	 392 	 450 
i 891	 362 	 288 
i 202	 623 	 618 
i 900	 437 	 515 
i 605	 976 	 940 
i 814	 538 	 492 
i 162	 332 	 357 
i 744	 329 	 297 
i 90	 605 	 658 
i 195	 328 	 426 
i 511	 840 	 908 
i 793	 654 	 700 
i 370	 772 	 858 
i 737	 306 	 372 
i 711	 211 	 198 
i 192	 496 	 446 
i 441	 736 	 719 
i 687	 404 	 336 
i 243	 707 	 656 
i 488	 499 	 487 
i 309	 491 	 582 
i 920	 351 	 400 
i 664	 113 	 36 
i 884	 944 	 1015 
i 997	 798 	 811 
i 430	 300 	 352 
i 135	 526 	 466 
i 465	 896 	 973 
i 136	 150 	 76 
i 573	 372 	 395 
i 2	 767 	 852 
i 272	 727 	 796 
i 275	 504 	 506 
i 213	 610 	 589 
i 985	 483 	 461 
i 199	 988 	 1052 
i 665	 775 	 866 
i 549	 954 	 938 
i 593	 854 	 865 
i 887	 971 	 897 
i 625	 633 	 559 
i 320	 568 	 548 
i 762	 433 	 468 
i 324	 888 	 966 
i 743	 351 	 426 
i 730	 700 	 615 
i 478	 544 	 592 
i 426	 506 	 464 
i 263	 882 	 958 
i 232	 490 	 544 
i 818	 607 	 586 
i 334	 725 	 768 
i 696	 196 	 191 
i 571	 801 	 861 
i 841	 705 	 714 
i 505	 596 	 551 
i 991	 663 	 713 
i 437	 434 	 370 
i 305	 692 	 680 
i 731	 589 	 624 
i 290	 386 	 384 
i 981	 739 	 804 
i 78	 487 	 491 
i 854	 913 	 831 
i 523	 738 	 825 
i 69	 335 	 322 
i 691	 581 	 567 
i 55	 362 	 435 
i 708	 523 	 457 
i 247	 918 	 998 
i 557	 629 	 567 
i 264	 179 	 114 
i 688	 914 	 864 
i 591	 490 	 411 
i 297	 574 	 600 
i 549	 516 	 555 
i 78	 907 	 885 
i 361	 402 	 390 
i 825	 285 	 215 
i 733	 439 	 418 
i 316	 355 	 446 
i 393	 528 	 472 
i 297	 684 	 765 
i 723	 910 	 909 
i 245	 117 	 176 
i 701	 678 	 647 
i 597	 411 	 395 
i 924	 758 	 814 
i 121	 264 	 285 
i 490	 399 	 367 
i 764	 755 	 786 
i 234	 716 	 626 
i 879	 913 	 882 
i 778	 832 	 746 
i 785	 387 	 350 
i 424	 207 	 110 
i 761	 514 	 536 
i 489	 890 	 897 
i 662	 699 	 730 
i 986	 352 	 281 
i 711	 656 	 738 
i 393	 352 	 281 
i 296	 397 	 301 
i 107	 706 	 766 
i 418	 769 	 786 
i 526	 160 	 62 
i 980	 174 	 228 
i 857	 719 	 671 
i 519	 308 	 392 
i 790	 892 	 974 
i 404	 134 	 158 
i 676	 945 	 848 
i 998	 186 	 148 
i 668	 208 	 191 
i 409	 922 	 989 
i 465	 556 	 528 
i 537	 567 	 535 
i 222	 365 	 305 
i 443	 599 	 642 
i 322	 533 	 534 
i 349	 454 	 536 
i 288	 119 	 136 
i 372	 134 	 151 
i 481	 411 	 362 
i 394	 783 	 815 
i 894	 638 	 563 
i 407	 960 	 993 
i 694	 376 	 453 
i 244	 554 	 520 
i 719	 305 	 335 
i 106	 758 	 658 
i 116	 681 	 638 
i 142	 316 	 348 
i 479	 838 	 766 
i 235	 177 	 184 
i 828	 768 	 753 
i 784	 883 	 950 
i 83	 586 	 592 
i 582	 486 	 541 
i 801	 779 	 777 
i 529	 470 	 489 
i 171	 471 	 514 
i 402	 727 	 798 
i 221	 425 	 392 
i 296	 551 	 565 
i 36	 138 	 117 
i 904	 520 	 456 
i 439	 374 	 327 
i 860	 846 	 915 
i 613	 646 	 675 
i 17	 197 	 132 
i 422	 730 	 700 
i 116	 477 	 527 
i 470	 350 	 444 
i 965	 649 	 602 
i 996	 268 	 228 
i 456	 623 	 564 
i 753	 786 	 815 
i 581	 134 	 135 
i 184	 888 	 811 
i 281	 577 	 504 
i 977	 736 	 747 
i 390	 158 	 193 
i 659	 827 	 756 
i 265	 803 	 725 
i 442	 153 	 74 
i 19	 423 	 435 
i 778	 608 	 571 
i 804	 293 	 372 
i 679	 744 	 660 
i 204	 851 	 823 
i 907	 972 	 939 
i 961	 580 	 625 
i 767	 291 	 268 
i 546	 420 	 450 
i 594	 519 	 437 
i 945	 613 	 535 
i 505	 225 	 302 
i 710	 506 	 544 
i 423	 414 	 388 
i 256	 485 	 500 
i 226	 806 	 802 
i 754	 217 	 205 
i 957	 863 	 805 
i 306	 317 	 368 
i 765	 896 	 866 
i 331	 978 	 937 
i 459	 188 	 248 
i 903	 978 	 980 
i 245	 705 	 792 
i 666	 147 	 85 
i 449	 659 	 642 
i 568	 200 	 134 
i 415	 596 	 521 
i 647	 784 	 771 
i 531	 570 	 509 
i 507	 884 	 890 
i 594	 260 	 357 
i 570	 974 	 1052 
i 239	 542 	 469 
i 281	 486 	 547 
i 897	 657 	 607 
i 998	 140 	 204 
i 544	 293 	 240 
i 302	 408 	 484 
i 818	 795 	 777 
i 688	 973 	 1057 
i 856	 555 	 557 
i 828	 546 	 462 
i 313	 451 	 415 
i 735	 574 	 594 
i 351	 401 	 401 
i 384	 627 	 627 
i 590	 468 	 376 
i 924	 679 	 648 
i 694	 575 	 508 
i 664	 944 	 1014 
i 165	 874 	 916 
i 654	 443 	 450 
i 38	 518 	 588 
i 559	 805 	 822 
i 886	 453 	 540 
i 467	 899 	 863 
i 869	 455 	 537 
i 508	 495 	 562 
i 32	 803 	 809 
i 968	 950 	 888 
i 827	 820 	 791 
i 201	 562 	 464 
i 659	 151 	 61 
i 441	 908 	 929 
i 826	 541 	 540 
i 713	 485 	 577 
i 101	 771 	 837 
i 533	 692 	 659 
i 312	 546 	 520 
i 256	 128 	 95 
i 54	 301 	 234 
i 561	 620 	 593 
i 607	 631 	 536 
i 505	 676 	 669 
i 989	 328 	 286 
i 411	 769 	 670 
i 155	 735 	 656 
i 809	 585 	 612 
i 299	 886 	 976 
i 319	 327 	 268 
i 534	 628 	 580 
i 107	 776 	 840 
i 692	 213 	 199 
i 328	 236 	 322 
i 573	 651 	 735 
i 314	 911 	 878 
i 16	 916 	 913 
i 549	 122 	 81 
i 422	 691 	 710 
i 665	 648 	 731 
i 248	 833 	 823 
i 995	 176 	 187 
i 112	 907 	 856 
i 253	 401 	 416 
i 860	 343 	 273 
i 760	 275 	 267 
i 666	 573 	 569 
i 679	 119 	 24 
i 332	 384 	 374 
i 935	 915 	 838 
i 748	 841 	 813 
i 821	 352 	 324 
i 718	 847 	 841 
i 45	 180 	 224 
i 306	 693 	 710 
i 491	 827 	 796 
i 12	 351 	 253 
i 22	 778 	 816 
i 330	 804 	 708 
i 236	 317 	 408 
i 58	 421 	 462 
i 329	 744 	 749 
i 158	 175 	 124 
i 236	 595 	 553 
i 891	 350 	 369 
i 697	 870 	 787 
i 967	 289 	 208 
i 718	 300 	 224 
i 499	 914 	 903 
i 731	 934 	 971 
i 80	 897 	 945 
i 793	 636 	 550 
i 866	 217 	 162 
i 411	 435 	 428 
i 680	 693 	 664 
i 534	 334 	 244 
i 734	 411 	 315 
i 947	 498 	 545 
i 851	 605 	 552 
i 778	 116 	 209 
i 663	 725 	 634 
i 255	 496 	 564 
i 374	 560 	 601 
i 739	 764 	 687 
i 394	 289 	 348 
i 645	 606 	 572 
i 982	 654 	 567 
i 419	 673 	 575 
i 975	 440 	 512 
i 982	 652 	 680 
i 674	 624 	 585 
i 109	 667 	 679 
i 614	 526 	 612 
i 350	 265 	 299 
i 551	 370 	 283 
i 109	 190 	 232 
i 720	 484 	 523 
i 353	 543 	 465 
i 723	 555 	 473 
i 333	 434 	 348 
i 909	 116 	 165 
i 536	 388 	 459 
i 3	 886 	 879 
i 177	 828 	 891 
i 468	 537 	 511 
i 557	 597 	 592 
i 977	 342 	 281 
i 464	 960 	 970 
i 963	 173 	 127 
i 328	 254 	 275 
i 334	 319 	 322 
i 646	 984 	 894 
i 518	 856 	 767 
i 325	 384 	 330 
i 804	 223 	 263 
i 352	 552 	 503 
i 612	 978 	 925 
i 568	 266 	 305 
i 639	 756 	 788 
i 801	 111 	 209 
i 36	 651 	 616 
i 19	 222 	 316 
i 856	 269 	 266 
i 165	 318 	 380 
i 292	 524 	 547 
i 788	 257 	 351 
i 764	 486 	 502 
i 939	 695 	 625 
i 665	 428 	 486 
i 666	 129 	 147 
i 274	 121 	 146 
i 400	 410 	 439 
i 577	 384 	 384 
i 810	 819 	 852 
i 275	 653 	 744 
i 440	 314 	 363 
i 862	 288 	 290 
i 520	 806 	 796 
i 877	 941 	 864 
i 897	 755 	 811 
i 909	 391 	 302 
i 247	 949 	 940 
i 554	 635 	 541 
i 352	 193 	 261 
i 962	 786 	 709 
i 191	 750 	 761 
i 391	 526 	 510 
i 173	 981 	 1069 
i 107	 494 	 557 
i 831	 598 	 641 
i 148	 405 	 430 
i 91	 455 	 529 
i 681	 861 	 846 
i 773	 891 	 946 
i 534	 752 	 800 
i 254	 859 	 945 
i 720	 467 	 431 
i 700	 842 	 841 
i 132	 790 	 810 
i 679	 629 	 615 
i 11	 377 	 393 
i 398	 934 	 968 
i 242	 821 	 791 
i 120	 312 	 237 
i 842	 115 	 147 
i 683	 774 	 856 
i 85	 714 	 740 
i 907	 111 	 77 
i 671	 552 	 545 
i 255	 198 	 127 
i 554	 584 	 515 
i 480	 211 	 221 
i 279	 808 	 867 
i 505	 232 	 315 
i 510	 344 	 395 
i 257	 931 	 919 
i 934	 854 	 858 
i 935	 529 	 515 
i 432	 826 	 746 
i 531	 351 	 322 
i 63	 480 	 562 
i 176	 618 	 596 
i 960	 221 	 255 
i 98	 928 	 863 
i 361	 853 	 890 
i 284	 637 	 725 
i 121	 139 	 214 
i 591	 606 	 668 
i 396	 990 	 939 
i 666	 192 	 247 
i 82	 510 	 577 
i 653	 432 	 335 
i 777	 780 	 875 
i 696	 488 	 402 
i 531	 644 	 630 
i 124	 366 	 409 
i 156	 315 	 382 
i 712	 207 	 192 
i 701	 930 	 994 
i 794	 260 	 258 
i 244	 951 	 965 
i 605	 808 	 753 
i 359	 822 	 722 
i 783	 800 	 839 
i 384	 865 	 811 
i 671	 362 	 332 
i 901	 999 	 1000 
i 10	 855 	 799 
i 931	 347 	 431 
i 100	 191 	 234 
i 45	 627 	 719 
i 829	 248 	 261 
i 629	 448 	 532 
i 406	 451 	 492 
i 255	 183 	 101 
i 537	 388 	 440 
i 537	 703 	 735 
i 375	 266 	 300 
i 641	 464 	 484 
i 731	 396 	 436 
i 313	 144 	 193 
i 467	 999 	 1014 
i 847	 613 	 554 
i 230	 546 	 568 
i 311	 287 	 360 
i 623	 368 	 348 
i 290	 157 	 245 
i 465	 747 	 710 
i 861	 457 	 548 
i 183	 994 	 1031 
i 221	 731 	 631 
i 220	 508 	 501 
i 785	 133 	 96 
i 276	 318 	 326 
i 474	 863 	 934 
i 763	 745 	 740 
i 816	 216 	 269 
i 533	 164 	 110 
i 921	 445 	 364 
i 915	 407 	 362 
i 614	 130 	 129 
i 62	 131 	 174 
i 87	 547 	 547 
i 320	 827 	 882 
i 167	 422 	 372 
i 880	 294 	 197 
i 999	 721 	 787 
i 60	 515 	 488 
i 437	 723 	 680 
i 770	 808 	 748 
i 791	 166 	 229 
i 814	 609 	 684 
i 305	 359 	 452 
i 112	 807 	 763 
i 462	 610 	 600 
i 669	 835 	 801 
i 356	 850 	 816 
i 810	 701 	 679 
i 500	 137 	 202 
i 284	 392 	 411 
i 346	 573 	 550 
i 906	 410 	 350 
i 186	 302 	 303 
i 968	 271 	 294 
i 531	 524 	 440 
i 346	 925 	 975 
i 177	 331 	 252 
i 841	 625 	 708 
i 870	 972 	 955 
i 188	 818 	 858 
i 707	 460 	 369 
i 45	 806 	 896 
i 260	 986 	 913 
i 440	 549 	 470 
i 905	 210 	 237 
i 821	 283 	 379 
i 70	 951 	 883 
i 648	 157 	 57 
i 617	 972 	 1046 
i 414	 454 	 366 
i 807	 187 	 240 
i 589	 229 	 291 
i 574	 187 	 101 
i 68	 310 	 312 
i 180	 406 	 389 
i 374	 974 	 921 
i 319	 960 	 921 
i 371	 215 	 306 
i 340	 217 	 231 
i 725	 993 	 1090 
i 812	 158 	 217 
i 944	 841 	 817 
i 31	 674 	 765 
i 256	 738 	 643 
i 588	 304 	 245 
i 559	 674 	 689 
i 515	 887 	 966 
i 632	 272 	 225 
i 752	 234 	 255 
i 745	 744 	 710 
i 799	 734 	 663 
i 621	 552 	 470 
i 255	 894 	 818 
i 959	 857 	 832 
i 177	 880 	 972 
i 811	 174 	 178 
i 685	 689 	 596 
i 866	 598 	 632 
i 6	 837 	 821 
i 718	 489 	 422 
i 419	 785 	 878 
i 915	 915 	 932 
i 796	 995 	 1063 
i 636	 214 	 274 
i 502	 548 	 643 
i 574	 517 	 574 
i 225	 982 	 976 
i 773	 127 	 95 
i 590	 723 	 692 
i 16	 209 	 121 
i 774	 358 	 354 
i 679	 328 	 307 
i 674	 849 	 787 
i 790	 708 	 773 
i 283	 531 	 497 
i 739	 511 	 592 
i 719	 324 	 249 
i 738	 746 	 826 
i 427	 160 	 158 
i 538	 467 	 468 
i 816	 524 	 480 
i 61	 953 	 1045 
i 891	 418 	 445 
i 563	 590 	 575 
i 37	 438 	 480 
i 487	 733 	 722 
i 727	 649 	 582 
i 442	 764 	 845 
i 498	 678 	 644 
i 899	 228 	 302 
i 364	 680 	 717 
i 312	 933 	 983 
i 657	 900 	 928 
i 197	 577 	 518 
i 565	 958 	 906 
i 266	 700 	 745 
i 871	 210 	 201 
i 607	 360 	 439 
i 246	 278 	 257 
i 378	 575 	 534 
i 19	 462 	 493 
i 942	 186 	 280 
i 830	 853 	 878 
i 356	 535 	 600 
i 309	 718 	 696 
i 971	 933 	 964 
i 84	 692 	 697 
i 365	 209 	 136 
i 553	 119 	 95 
i 76	 471 	 522 
i 471	 734 	 789 
i 555	 432 	 475 
i 391	 407 	 417 
i 868	 966 	 1047 
i 552	 811 	 753 
i 477	 269 	 206 
i 131	 853 	 807 
i 241	 433 	 459 
i 250	 553 	 490 
i 655	 892 	 844 
i 357	 677 	 723 
i 718	 478 	 435 
i 51	 228 	 263 
i 14	 717 	 726 
i 801	 634 	 553 
i 979	 825 	 840 
i 815	 990 	 1031 
i 178	 342 	 431 
i 676	 906 	 845 
i 555	 183 	 253 
i 192	 417 	 359 
i 605	 179 	 264 
i 737	 436 	 531 
i 420	 151 	 249 
i 9	 638 	 696 
i 812	 727 	 781 
i 802	 350 	 367 
i 62	 979 	 1032 
i 956	 932 	 920 
i 39	 219 	 318 
i 383	 977 	 914 
i 460	 275 	 333 
i 826	 211 	 216 
i 872	 193 	 282 
i 466	 186 	 277 
i 160	 891 	 945 
i 429	 690 	 704 
i 405	 324 	 350 
i 329	 116 	 134 
i 451	 509 	 534 
i 426	 506 	 408 
i 611	 673 	 667 
i 724	 488 	 447 
i 816	 959 	 892 
i 901	 914 	 941 
i 780	 877 	 935 
i 432	 673 	 617 
i 672	 292 	 317 
i 678	 856 	 947 
i 127	 491 	 472 
i 571	 161 	 228 
i 204	 171 	 160 
i 628	 590 	 524 
i 583	 855 	 952 
i 487	 117 	 194 
i 350	 682 	 715 
i 981	 500 	 420 
i 187	 699 	 753 
i 25	 369 	 359 
i 453	 332 	 347 
i 510	 696 	 625 
i 578	 550 	 520 
i 118	 947 	 1043 
i 954	 210 	 222 
i 961	 199 	 108 
i 605	 989 	 968 
i 43	 695 	 671 
i 704	 785 	 798 
i 995	 584 	 602 
i 244	 985 	 893 
i 902	 610 	 620 
i 397	 742 	 668 
i 337	 166 	 115 
i 449	 148 	 88 
i 548	 649 	 582 
i 536	 693 	 747 
i 194	 159 	 221 
i 952	 498 	 501 
i 485	 113 	 115 
i 469	 639 	 690 
i 31	 679 	 711 
i 741	 283 	 194 
i 803	 401 	 379 
i 845	 623 	 691 
i 451	 804 	 782 
i 106	 952 	 1037 
i 161	 749 	 672 
i 596	 583 	 497 
i 599	 155 	 166 
i 194	 611 	 516 
i 833	 395 	 306 
i 28	 982 	 1041 
i 354	 144 	 164 
i 929	 494 	 483 
i 710	 354 	 433 
i 657	 701 	 601 
i 375	 635 	 567 
i 906	 742 	 793 
i 955	 806 	 777 
i 519	 413 	 423 
i 838	 437 	 414 
i 819	 487 	 469 
i 856	 308 	 361 
i 288	 842 	 881 
i 561	 350 	 331 
i 225	 259 	 171 
i 815	 261 	 248 
i 525	 407 	 376 
i 308	 193 	 153 
i 647	 512 	 575 
i 15	 114 	 145 
i 438	 456 	 451 
i 660	 823 	 789 
i 483	 616 	 640 
i 752	 346 	 282 
i 919	 708 	 689 
i 89	 765 	 709 
i 422	 266 	 315 
i 515	 573 	 484 
i 966	 840 	 880 
i 969	 680 	 723 
i 359	 376 	 307 
i 161	 800 	 863 
i 729	 207 	 166 
i 994	 760 	 670 
i 666	 922 	 1016 
i 403	 396 	 308 
i 577	 594 	 590 
i 98	 370 	 469 
i 918	 419 	 511 
i 558	 155 	 241 
i 856	 793 	 751 
i 632	 932 	 922 
i 740	 768 	 704 
i 471	 145 	 80 
i 384	 192 	 260 
i 705	 166 	 114 
i 249	 220 	 284 
i 540	 649 	 732 
i 887	 647 	 714 
i 938	 614 	 592 
i 706	 555 	 505 
i 630	 814 	 890 
i 370	 327 	 351 
i 409	 488 	 406 
i 500	 644 	 639 
i 563	 503 	 439 
i 686	 719 	 705 
i 292	 561 	 655 
i 894	 488 	 560 
i 462	 343 	 402 
i 961	 694 	 694 
i 753	 917 	 843 
i 996	 813 	 813 
i 422	 478 	 560 
i 22	 562 	 544 
i 462	 987 	 1082 
i 148	 261 	 293 
i 653	 645 	 735 
i 79	 621 	 690 
i 340	 496 	 458 
i 996	 317 	 271 
i 903	 766 	 671 
i 694	 885 	 789 
i 108	 445 	 433 
i 615	 367 	 360 
i 602	 735 	 820 
i 771	 714 	 628 
i 373	 414 	 459 
i 947	 373 	 434 
i 381	 239 	 168 
i 614	 515 	 443 
i 351	 757 	 666 
i 223	 779 	 827 
i 598	 799 	 868 
i 887	 305 	 297 
i 589	 719 	 632 
i 269	 654 	 721 
i 610	 720 	 662 
i 905	 479 	 410 
i 50	 307 	 314 
i 504	 437 	 367 
i 231	 565 	 565 
i 983	 607 	 652 
i 758	 377 	 341 
i 976	 242 	 184 
i 661	 655 	 715 
i 273	 714 	 627 
i 958	 570 	 605 
i 373	 758 	 774 
i 594	 898 	 924 
i 961	 489 	 416 
i 472	 625 	 598 
i 31	 184 	 154 
i 330	 829 	 750 
i 478	 228 	 145 
i 91	 416 	 465 
i 769	 239 	 142 
i 286	 300 	 395 
i 14	 904 	 874 
i 899	 534 	 622 
i 325	 208 	 289 
i 903	 330 	 305 
i 985	 656 	 637 
i 794	 968 	 1015 
i 926	 176 	 119 
i 271	 252 	 213 
i 415	 916 	 831 
i 628	 933 	 905 
i 520	 914 	 889 
i 996	 337 	 292 
i 106	 288 	 308 
i 352	 204 	 204 
i 966	 541 	 539 
i 930	 905 	 861 
i 5	 673 	 615 
i 164	 866 	 862 
i 70	 250 	 329 
i 995	 318 	 322 
i 899	 640 	 548 
i 154	 974 	 882 
i 353	 330 	 259 
i 458	 865 	 864 
i 942	 424 	 416 
i 835	 860 	 838 
i 468	 224 	 203 
i 318	 411 	 423 
i 475	 839 	 865 
i 708	 747 	 772 
i 304	 324 	 329 
i 276	 363 	 399 
i 523	 399 	 305 
i 371	 529 	 527 
i 724	 972 	 958 
i 567	 495 	 448 
i 694	 846 	 893 
i 33	 312 	 222 
i 852	 813 	 818 
i 568	 487 	 434 
i 808	 157 	 165 
i 93	 625 	 688 
i 418	 342 	 309 
i 888	 372 	 414 
i 857	 809 	 796 
i 291	 305 	 205 
i 119	 544 	 583 
i 346	 310 	 355 
i 136	 359 	 374 
i 559	 829 	 758 
i 611	 151 	 242 
i 190	 632 	 541 
i 450	 469 	 462 
i 744	 771 	 741 
i 529	 514 	 456 
i 748	 901 	 901 
i 236	 903 	 927 
i 460	 632 	 725 
i 739	 390 	 310 
i 548	 906 	 938 
i 593	 148 	 102 
i 180	 998 	 990 
i 583	 152 	 234 
i 326	 567 	 598 
i 780	 882 	 819 
i 669	 182 	 268 
i 561	 629 	 562 
i 148	 293 	 318 
i 462	 263 	 236 
i 357	 355 	 438 
i 399	 943 	 944 
i 397	 296 	 333 
i 444	 706 	 660 
i 956	 628 	 647 
i 824	 323 	 298 
i 905	 487 	 396 
i 488	 428 	 449 
i 693	 578 	 629 
i 865	 248 	 191 
i 140	 576 	 591 
i 76	 502 	 596 
i 284	 955 	 929 
i 954	 679 	 741 
i 537	 921 	 975 
i 775	 564 	 583 
i 200	 901 	 901 
i 557	 944 	 1041 
i 83	 597 	 633 
i 238	 381 	 390 
i 761	 575 	 612 
i 202	 198 	 250 
i 152	 175 	 84 
i 790	 504 	 404 
i 702	 339 	 346 
i 213	 136 	 98 
i 103	 665 	 667 
i 40	 221 	 135 
i 587	 211 	 141 
i 890	 818 	 796 
i 413	 416 	 346 
i 511	 138 	 108 
i 584	 816 	 817 
i 27	 858 	 817 
i 284	 860 	 959 
i 313	 450 	 392 
i 936	 730 	 692 
i 61	 298 	 268 
i 174	 361 	 449 
i 969	 498 	 564 
i 313	 846 	 795 
i 344	 982 	 1033 
i 138	 408 	 376 
i 978	 858 	 831 
i 821	 233 	 263 
i 204	 232 	 324 
i 899	 421 	 501 
i 111	 701 	 793 
i 393	 127 	 54 
i 828	 964 	 885 
i 655	 815 	 798 
i 636	 144 	 196 
i 970	 817 	 896 
i 812	 231 	 306 
i 949	 557 	 596 
i 87	 247 	 327 
i 436	 215 	 275 
i 101	 127 	 209 
i 119	 981 	 942 
i 80	 213 	 139 
i 871	 306 	 364 
i 909	 678 	 663 
i 704	 466 	 445 
i 838	 377 	 318 
i 341	 269 	 200 
i 495	 891 	 839 
i 613	 804 	 840 
i 631	 629 	 685 
i 611	 552 	 632 
i 726	 824 	 919 
i 946	 944 	 1014 
i 584	 757 	 809 
i 984	 247 	 239 
i 285	 600 	 560 
i 462	 786 	 814 
i 340	 926 	 853 
i 121	 255 	 305 
i 703	 860 	 836 
i 201	 666 	 764 
i 4	 577 	 621 
i 941	 559 	 592 
i 669	 427 	 377 
i 822	 214 	 161 
i 373	 627 	 631 
i 133	 896 	 992 
i 51	 580 	 544 
i 213	 703 	 691 
i 57	 483 	 412 
i 681	 824 	 793 
i 206	 819 	 789 
i 711	 571 	 529 
i 67	 274 	 366 
i 183	 497 	 553 
i 764	 706 	 637 
i 647	 279 	 236 
i 176	 264 	 231 
i 842	 550 	 560 
i 261	 943 	 964 
i 64	 184 	 141 
i 861	 492 	 490 
i 378	 804 	 745 
i 562	 175 	 129 
i 996	 140 	 131 
i 666	 836 	 779 
i 856	 975 	 1048 
i 29	 343 	 251 
i 523	 644 	 720 
i 460	 246 	 175 
i 543	 786 	 727 
i 972	 154 	 67 
i 753	 593 	 582 
i 825	 776 	 678 
i 858	 129 	 30 
i 675	 534 	 568 
i 647	 729 	 735 
i 909	 610 	 621 
i 510	 648 	 564 
i 661	 545 	 553 
i 421	 674 	 591 
i 470	 860 	 771 
i 13	 922 	 984 
i 762	 431 	 458 
i 782	 440 	 439 
i 259	 446 	 379 
i 954	 156 	 219 
i 517	 628 	 673 
i 122	 236 	 183 
i 609	 309 	 388 
i 243	 791 	 754 
i 86	 868 	 925 
i 998	 920 	 980 
i 359	 753 	 765 
i 729	 430 	 399 
i 108	 870 	 891 
i 159	 132 	 144 
i 740	 859 	 774 
i 881	 616 	 555 
i 105	 826 	 887 
i 870	 736 	 646 
i 722	 131 	 58 
i 633	 832 	 758 
i 355	 656 	 654 
i 714	 269 	 213 
i 569	 577 	 543 
i 593	 226 	 223 
i 435	 724 	 670 
i 4	 793 	 715 
i 809	 970 	 913 
i 512	 799 	 716 
i 535	 845 	 906 
i 346	 966 	 954 
i 960	 197 	 256 
i 138	 636 	 638 
i 662	 835 	 751 
i 792	 240 	 274 
i 483	 675 	 596 
i 251	 880 	 802 
i 218	 979 	 1063 
i 992	 283 	 269 
i 818	 360 	 453 
i 781	 191 	 154 
i 879	 585 	 540 
i 471	 406 	 388 
i 285	 862 	 777 
i 431	 935 	 1008 
i 66	 646 	 616 
i 931	 743 	 763 
i 908	 844 	 908 
i 103	 775 	 837 
i 384	 273 	 299 
i 475	 245 	 227 
i 9	 525 	 483 
i 341	 770 	 822 
i 187	 248 	 157 
i 114	 316 	 311 
i 715	 198 	 206 
i 427	 510 	 505 
i 253	 157 	 133 
i 1	 886 	 883 
i 183	 719 	 792 
i 334	 392 	 360 
i 800	 760 	 730 
i 542	 131 	 169 
i 697	 810 	 886 
i 928	 853 	 951 
i 27	 390 	 432 
i 477	 874 	 801 
i 529	 408 	 385 
i 401	 750 	 728 
i 86	 293 	 307 
i 402	 177 	 258 
i 133	 484 	 525 
i 156	 798 	 747 
i 941	 526 	 615 
i 776	 420 	 495 
i 91	 415 	 495 
i 949	 158 	 133 
i 285	 280 	 361 
i 4	 626 	 587 
i 209	 973 	 951 
i 284	 593 	 652 
i 703	 510 	 595 
i 476	 249 	 165 
i 943	 470 	 374 
i 292	 423 	 483 
i 635	 312 	 390 
i 688	 225 	 293 
i 878	 561 	 486 
i 459	 479 	 404 
i 429	 752 	 719 
i 971	 213 	 237 
i 421	 920 	 885 
i 576	 856 	 916 
i 981	 930 	 979 
i 333	 953 	 860 
i 559	 776 	 810 
i 688	 680 	 652 
i 195	 540 	 487 
i 609	 652 	 691 
i 331	 768 	 693 
i 446	 180 	 99 
i 357	 733 	 736 
i 196	 133 	 51 
i 118	 846 	 761 
i 66	 620 	 601 
i 814	 654 	 747 
i 455	 363 	 394 
i 938	 684 	 754 
i 548	 896 	 887 
i 287	 627 	 685 
i 365	 740 	 687 
i 65	 827 	 845 
i 90	 399 	 456 
i 917	 484 	 565 
i 491	 551 	 645 
i 103	 914 	 971 
i 387	 886 	 834 
i 32	 579 	 514 
i 914	 446 	 491 
i 496	 855 	 757 
i 205	 668 	 643 
i 11	 878 	 866 
i 335	 516 	 522 
i 754	 328 	 318 
i 251	 245 	 333 
i 155	 220 	 128 
i 27	 919 	 905 
i 554	 244 	 236 
i 931	 403 	 378 
i 769	 159 	 233 
i 396	 171 	 86 
i 260	 507 	 424 
i 715	 901 	 885 
i 960	 485 	 420 
i 112	 885 	 870 
i 236	 833 	 849 
i 145	 872 	 893 
i 294	 365 	 297 
i 623	 775 	 693 
i 678	 220 	 292 
i 746	 995 	 946 
i 193	 175 	 178 
i 82	 252 	 198 
i 503	 627 	 565 
i 374	 784 	 745 
i 187	 275 	 283 
i 43	 792 	 829 
i 329	 444 	 540 
i 76	 588 	 608 
i 200	 671 	 627 
i 195	 549 	 454 
i 267	 779 	 723 
i 426	 351 	 311 
i 8	 559 	 620 
i 765	 731 	 666 
i 950	 114 	 87 
i 717	 596 	 577 
i 93	 316 	 363 
i 629	 299 	 361 
i 260	 835 	 737 
i 753	 196 	 137 
i 506	 220 	 214 
i 776	 416 	 496 
i 280	 685 	 766 
i 978	 512 	 546 
i 982	 672 	 696 
i 528	 998 	 966 
i 760	 473 	 459 
i 971	 240 	 152 
i 786	 963 	 927 
i 882	 975 	 890 
i 6	 271 	 287 
i 350	 693 	 664 
i 996	 604 	 631 
i 449	 522 	 545 
i 81	 231 	 250 
i 80	 786 	 711 
i 487	 199 	 276 
i 632	 584 	 655 
i 591	 639 	 667 
i 563	 926 	 931 
i 743	 993 	 999 
i 399	 621 	 697 
i 954	 938 	 1013 
i 417	 615 	 580 
i 553	 273 	 254 
i 313	 804 	 801 
i 413	 916 	 1010 
i 945	 815 	 836 
i 540	 688 	 627 
i 457	 371 	 423 
i 450	 839 	 839 
i 24	 423 	 503 
i 954	 318 	 389 
i 522	 211 	 165 
i 705	 502 	 567 
i 486	 866 	 794 
i 392	 411 	 421 
i 185	 389 	 388 
i 833	 928 	 835 
i 127	 214 	 213 
i 946	 891 	 980 
i 298	 450 	 543 
i 532	 364 	 448 
i 644	 237 	 226 
i 86	 481 	 411 
i 935	 328 	 355 
i 274	 453 	 358 
i 586	 945 	 887 
i 505	 499 	 408 
i 622	 534 	 468 
i 500	 974 	 897 
i 882	 925 	 908 
i 169	 897 	 986 
i 311	 829 	 847 
i 727	 336 	 371 
i 972	 470 	 492 
i 358	 147 	 224 
i 297	 172 	 166 
i 734	 362 	 457 
i 211	 403 	 423 
i 182	 557 	 477 
i 99	 664 	 760 
i 983	 146 	 76 
i 792	 990 	 982 
i 46	 629 	 567 
i 450	 344 	 276 
i 491	 890 	 894 
i 560	 791 	 854 
i 842	 323 	 333 
i 172	 305 	 357 
i 674	 840 	 929 
i 296	 931 	 840 
i 336	 917 	 822 
i 325	 164 	 228 
i 908	 577 	 650 
i 171	 747 	 710 
i 49	 893 	 954 
i 813	 468 	 441 
i 53	 307 	 248 
i 271	 800 	 776 
i 92	 591 	 501 
i 15	 543 	 513 
i 921	 583 	 620 
i 982	 609 	 511 
i 507	 450 	 533 
i 222	 332 	 250 
i 102	 614 	 541 
i 504	 442 	 532 
i 725	 768 	 668 
i 501	 955 	 910 
i 42	 404 	 377 
i 528	 452 	 428 
i 60	 764 	 724 
i 621	 485 	 442 
i 4	 495 	 553 
i 253	 423 	 325 
i 818	 504 	 427 
i 192	 627 	 651 
i 931	 584 	 553 
i 881	 588 	 657 
i 211	 833 	 910 
i 595	 271 	 254 
i 330	 611 	 606 
i 751	 880 	 799 
i 183	 245 	 165 
i 535	 950 	 920 
i 976	 963 	 897 
i 557	 177 	 149 
i 91	 729 	 687 
i 628	 148 	 83 
i 441	 901 	 878 
i 621	 802 	 898 
i 184	 284 	 246 
i 50	 707 	 619 
i 202	 794 	 743 
i 146	 884 	 940 
i 105	 309 	 360 
i 180	 461 	 423 
i 875	 784 	 765 
i 916	 157 	 63 
i 806	 313 	 307 
i 584	 656 	 575 
i 779	 640 	 595 
i 451	 918 	 883 
i 220	 974 	 980 
i 90	 304 	 339 
i 312	 998 	 1054 
i 706	 782 	 874 
i 464	 173 	 240 
i 516	 534 	 584 
i 743	 563 	 574 
i 357	 984 	 912 
i 953	 180 	 264 
i 861	 429 	 403 
i 832	 721 	 739 
i 51	 305 	 341 
i 49	 906 	 1004 
i 804	 712 	 751 
i 874	 676 	 608 
i 351	 530 	 565 
i 859	 310 	 294 
i 842	 806 	 861 
i 920	 933 	 979 
i 279	 863 	 881 
i 965	 305 	 290 
i 184	 831 	 826 
i 80	 547 	 552 
i 755	 540 	 505 
i 392	 273 	 213 
i 863	 418 	 428 
i 88	 133 	 115 
i 869	 509 	 460 
i 794	 313 	 248 
i 641	 965 	 956 
i 859	 604 	 588 
i 669	 984 	 1005 
i 160	 519 	 555 
i 643	 986 	 973 
i 826	 391 	 457 
i 172	 572 	 611 
i 198	 177 	 233 
i 646	 545 	 575 
i 873	 773 	 762 
i 834	 930 	 847 
i 390	 446 	 535 
i 372	 821 	 844 
i 831	 470 	 525 
i 816	 189 	 173 
i 132	 580 	 529 
i 651	 430 	 413 
i 725	 160 	 183 
i 214	 856 	 808 
i 958	 547 	 474 
i 880	 945 	 1038 
i 258	 134 	 105 
i 58	 977 	 1023 
i 461	 636 	 648 
i 549	 438 	 413 
i 78	 811 	 813 
i 438	 141 	 73 
i 493	 513 	 590 
i 331	 172 	 91 
i 822	 404 	 315 
i 760	 525 	 612 
i 787	 498 	 437 
i 761	 817 	 767 
i 353	 578 	 620 
i 721	 189 	 141 
i 509	 526 	 494 
i 543	 979 	 1034 
i 996	 233 	 187 
i 66	 132 	 152 
i 396	 220 	 205 
i 861	 271 	 208 
i 297	 216 	 310 
i 92	 391 	 438 
i 618	 617 	 534 
i 706	 363 	 424 
i 174	 598 	 561 
i 151	 902 	 974 
i 289	 706 	 777 
i 313	 949 	 1033 
i 436	 596 	 559 
i 617	 975 	 910 
i 736	 252 	 247 
i 52	 229 	 242 
i 621	 883 	 820 
i 905	 961 	 1039 
i 454	 792 	 705 
i 345	 185 	 128 
i 16	 951 	 952 
i 958	 825 	 888 
i 504	 757 	 707 
i 477	 151 	 225 
i 636	 311 	 332 
i 768	 735 	 766 
i 637	 351 	 307 
i 594	 517 	 454 
i 360	 421 	 448 
i 444	 480 	 576 
i 390	 673 	 573 
i 195	 233 	 324 
i 921	 961 	 953 
i 967	 298 	 385 
i 193	 183 	 198 
i 895	 723 	 691 
i 166	 419 	 515 
i 623	 668 	 683 
i 972	 834 	 921 
i 388	 513 	 488 
i 20	 500 	 554 
i 158	 500 	 592 
i 114	 463 	 540 
i 325	 874 	 944 
i 407	 821 	 730 
i 96	 443 	 531 
i 443	 749 	 670 
i 71	 732 	 778 
i 883	 354 	 394 
i 337	 297 	 215 
i 775	 635 	 557 
i 214	 430 	 383 
i 610	 399 	 375 
i 469	 298 	 339 
i 268	 168 	 90 
i 641	 210 	 151 
i 360	 159 	 189 
i 59	 255 	 299 
i 333	 905 	 926 
i 543	 642 	 730 
i 133	 723 	 766 
i 493	 821 	 907 
i 817	 171 	 179 
i 28	 511 	 412 
i 93	 250 	 205 
i 205	 352 	 435 
i 259	 537 	 492 
i 422	 228 	 195 
i 316	 870 	 904 
i 913	 520 	 462 
i 602	 469 	 438 
i 402	 219 	 286 
i 470	 158 	 189 
i 920	 639 	 675 
i 78	 648 	 703 
i 349	 894 	 990 
i 828	 822 	 769 
i 960	 181 	 213 
i 814	 481 	 576 
i 275	 188 	 265 
i 678	 377 	 375 
i 800	 685 	 763 
i 852	 541 	 513 
i 447	 235 	 191 
i 51	 842 	 814 
i 932	 643 	 685 
i 733	 625 	 632 
i 812	 838 	 837 
i 229	 536 	 498 
i 316	 515 	 532 
i 616	 417 	 370 
i 262	 854 	 767 
i 745	 760 	 844 
i 885	 194 	 167 
i 708	 446 	 429 
i 307	 768 	 738 
i 885	 510 	 426 
i 704	 990 	 1069 
i 183	 545 	 470 
i 637	 825 	 813 
i 981	 460 	 371 
i 818	 698 	 661 
i 548	 758 	 670 
i 642	 687 	 776 
i 20	 125 	 156 
i 759	 497 	 589 
i 209	 808 	 877 
i 198	 883 	 893 
i 686	 791 	 838 
i 490	 903 	 877 
i 882	 406 	 377 
i 544	 456 	 390 
i 272	 739 	 783 
i 921	 795 	 767 
i 937	 750 	 726 
i 372	 445 	 373 
i 157	 413 	 383 
i 26	 279 	 288 
i 791	 771 	 718 
i 682	 536 	 581 
i 15	 868 	 889 
i 403	 295 	 225 
i 110	 449 	 433 
i 880	 201 	 170 
i 599	 524 	 480 
i 975	 865 	 895 
i 316	 992 	 1054 
i 505	 416 	 483 
i 248	 904 	 929 
i 726	 225 	 187 
i 578	 870 	 834 
i 785	 523 	 568 
i 165	 658 	 725 
i 267	 146 	 189 
i 732	 453 	 416 
i 581	 704 	 662 
i 573	 397 	 418 
i 916	 229 	 151 
i 809	 972 	 943 
i 938	 641 	 557 
i 793	 917 	 949 
i 257	 316 	 305 
i 872	 963 	 985 
i 912	 817 	 892 
i 298	 565 	 587 
i 965	 846 	 784 
i 288	 216 	 269 
i 421	 756 	 792 
i 390	 855 	 853 
i 987	 285 	 271 
i 894	 360 	 304 
i 127	 949 	 945 
i 85	 458 	 428 
i 880	 113 	 66 
i 392	 895 	 907 
i 220	 550 	 555 
i 338	 722 	 785 
i 64	 515 	 462 
i 901	 233 	 258 
i 97	 671 	 694 
i 377	 166 	 168 
i 321	 365 	 392 
i 711	 793 	 837 
i 714	 218 	 238 
i 597	 454 	 552 
i 92	 956 	 898 
i 779	 538 	 548 
i 234	 376 	 398 
i 372	 587 	 589 
i 3	 257 	 279 
i 65	 804 	 901 
i 351	 368 	 329 
i 119	 934 	 838 
i 240	 686 	 732 
i 626	 331 	 297 
i 577	 325 	 309 
i 58	 514 	 454 
i 356	 114 	 101 
i 892	 660 	 721 
i 57	 228 	 290 
i 836	 772 	 847 
i 127	 763 	 708 
i 53	 149 	 118 
i 700	 167 	 184 
i 949	 820 	 762 
i 191	 226 	 283 
i 644	 602 	 671 
i 647	 782 	 722 
i 265	 281 	 199 
i 398	 111 	 41 
i 142	 832 	 929 
i 875	 723 	 645 
i 918	 925 	 858 
i 982	 344 	 417 
i 780	 864 	 927 
i 910	 164 	 65 
i 463	 865 	 895 
i 218	 729 	 688 
i 410	 908 	 920 
i 410	 992 	 1084 
i 222	 237 	 157 
i 910	 227 	 322 
i 827	 328 	 407 
i 90	 477 	 552 
i 937	 360 	 392 
i 997	 197 	 211 
i 846	 203 	 109 
i 541	 782 	 732 
i 439	 159 	 191 
i 431	 660 	 574 
i 573	 625 	 583 
i 704	 717 	 657 
i 948	 698 	 604 
i 361	 607 	 530 
i 641	 500 	 411 
i 738	 198 	 108 
i 842	 705 	 785 
i 598	 735 	 723 
i 652	 958 	 1034 
i 271	 657 	 619 
i 849	 719 	 795 
i 531	 980 	 997 
i 193	 272 	 279 
i 750	 299 	 378 
i 189	 405 	 412 
i 287	 456 	 411 
i 955	 505 	 428 
i 657	 417 	 460 
i 611	 810 	 784 
i 226	 703 	 731 
i 910	 980 	 978 
i 888	 877 	 781 
i 70	 511 	 453 
i 281	 988 	 1080 
i 613	 897 	 827 
i 2	 487 	 474 
i 446	 733 	 712 
i 790	 840 	 750 
i 576	 589 	 621 
i 243	 919 	 996 
i 221	 600 	 659 
i 83	 147 	 184 
i 533	 167 	 218 
i 520	 357 	 264 
i 404	 326 	 356 
i 827	 462 	 492 
i 528	 853 	 772 
i 349	 315 	 392 
i 887	 362 	 354 
i 797	 952 	 993 
i 348	 854 	 939 
i 390	 676 	 578 
i 453	 399 	 407 
i 730	 183 	 95 
i 972	 217 	 210 
i 368	 796 	 755 
i 204	 487 	 551 
i 434	 575 	 509 
i 717	 476 	 388 
i 664	 889 	 960 
i 501	 629 	 570 
i 137	 565 	 584 
i 461	 575 	 484 
i 542	 170 	 225 
i 662	 227 	 277 
i 433	 644 	 568 
i 856	 907 	 871 
i 379	 751 	 802 
i 790	 905 	 899 
i 665	 960 	 887 
i 249	 833 	 860 
i 760	 127 	 182 
i 283	 657 	 604 
i 350	 700 	 755 
i 481	 504 	 492 
i 81	 283 	 357 
i 976	 390 	 435 
i 697	 678 	 599 
i 592	 462 	 541 
i 547	 884 	 896 
i 360	 118 	 180 
i 379	 687 	 701 
i 993	 488 	 559 
i 657	 698 	 639 
i 99	 501 	 538 
i 293	 893 	 946 
i 607	 780 	 828 
i 246	 540 	 528 
i 641	 637 	 543 
i 511	 548 	 563 
i 520	 161 	 248 
i 169	 884 	 847 
i 593	 505 	 467 
i 254	 377 	 470 
i 693	 559 	 472 
i 573	 280 	 252 
i 327	 962 	 1055 
i 810	 734 	 676 
i 402	 237 	 308 
i 894	 267 	 240 
i 950	 782 	 859 
i 820	 728 	 639 
i 264	 122 	 151 
i 563	 399 	 479 
i 68	 371 	 390 
i 259	 431 	 364 
i 217	 751 	 750 
i 918	 723 	 684 
i 62	 913 	 954 
i 237	 785 	 805 
i 991	 221 	 231 
i 686	 121 	 95 
i 698	 170 	 197 
i 23	 746 	 686 
i 316	 659 	 612 
i 676	 299 	 304 
i 397	 449 	 497 
i 86	 889 	 921 
i 988	 272 	 316 
i 747	 901 	 993 
i 871	 547 	 637 
i 883	 149 	 176 
i 950	 481 	 448 
i 665	 159 	 131 
i 281	 337 	 372 
i 493	 575 	 545 
i 873	 155 	 204 
i 749	 816 	 882 
i 931	 517 	 581 
i 820	 272 	 286 
i 312	 237 	 225 
i 356	 196 	 161 
i 772	 764 	 719 
i 826	 176 	 264 
i 81	 497 	 441 
i 603	 209 	 251 
i 652	 522 	 539 
i 446	 299 	 266 
i 903	 152 	 105 
i 85	 884 	 801 
i 227	 502 	 482 
i 323	 895 	 946 
i 59	 295 	 300 
i 132	 540 	 510 
i 566	 487 	 474 
i 677	 684 	 591 
i 140	 430 	 468 
i 352	 953 	 880 
i 398	 364 	 271 
i 268	 602 	 526 
i 708	 681 	 651 
i 590	 148 	 182 
i 797	 820 	 866 
i 281	 401 	 473 
i 704	 716 	 701 
i 350	 214 	 135 
i 709	 248 	 197 
i 656	 862 	 881 
i 941	 984 	 1083 
i 495	 130 	 82 
i 137	 241 	 335 
i 179	 552 	 564 
i 977	 262 	 233 
i 304	 913 	 941 
i 984	 791 	 759 
i 101	 284 	 322 
i 256	 378 	 358 
i 101	 597 	 508 
i 83	 240 	 140 
i 105	 237 	 236 
i 251	 472 	 498 
i 748	 447 	 509 
i 918	 947 	 1004 
i 821	 377 	 295 
i 586	 947 	 862 
i 781	 364 	 299 
i 82	 981 	 967 
i 629	 451 	 457 
c
c
W 1000363
c end of file