c Instance Type c
c
n 4000
c w	 v1	 v2
i 902	 492 	 538 
i 481	 960 	 996 
i 747	 774 	 712 
i 359	 140 	 96 
i 631	 728 	 807 
i 180	 929 	 942 
i 236	 818 	 797 
i 752	 600 	 501 
i 892	 233 	 306 
i 926	 479 	 479 
i 356	 862 	 843 
i 312	 625 	 702 
i 58	 341 	 367 
i 91	 512 	 610 
i 784	 764 	 788 
i 705	 675 	 735 
i 502	 289 	 196 
i 52	 640 	 698 
i 190	 649 	 685 
i 604	 529 	 551 
i 449	 977 	 1070 
i 28	 449 	 404 
i 287	 347 	 313 
i 739	 911 	 895 
i 474	 904 	 845 
i 110	 569 	 651 
i 310	 394 	 377 
i 905	 428 	 421 
i 511	 242 	 273 
i 982	 850 	 802 
i 956	 503 	 545 
i 337	 473 	 521 
i 603	 720 	 625 
i 504	 128 	 181 
i 397	 506 	 454 
i 912	 692 	 661 
i 232	 616 	 647 
i 589	 987 	 1000 
i 737	 514 	 429 
i 569	 211 	 122 
i 11	 445 	 347 
i 419	 189 	 159 
i 105	 847 	 937 
i 125	 871 	 862 
i 569	 663 	 734 
i 223	 877 	 930 
i 791	 299 	 199 
i 777	 885 	 902 
i 232	 498 	 463 
i 344	 566 	 645 
i 720	 617 	 698 
i 808	 630 	 595 
i 636	 943 	 928 
i 492	 903 	 913 
i 113	 422 	 346 
i 974	 293 	 262 
i 187	 976 	 903 
i 58	 976 	 1058 
i 494	 611 	 540 
i 7	 901 	 899 
i 576	 808 	 750 
i 161	 725 	 628 
i 98	 126 	 157 
i 988	 508 	 437 
i 339	 111 	 62 
i 544	 220 	 166 
i 518	 528 	 512 
i 492	 650 	 645 
i 55	 574 	 668 
i 944	 704 	 799 
i 729	 251 	 262 
i 421	 438 	 481 
i 438	 455 	 517 
i 885	 149 	 209 
i 886	 279 	 207 
i 10	 511 	 548 
i 479	 719 	 659 
i 86	 205 	 244 
i 607	 631 	 681 
i 275	 607 	 646 
i 433	 589 	 573 
i 802	 194 	 263 
i 190	 831 	 787 
i 233	 666 	 599 
i 423	 490 	 401 
i 873	 616 	 528 
i 558	 338 	 346 
i 664	 519 	 544 
i 250	 249 	 196 
i 809	 917 	 919 
i 347	 646 	 735 
i 441	 135 	 184 
i 251	 887 	 974 
i 875	 250 	 183 
i 303	 401 	 419 
i 872	 450 	 443 
i 128	 507 	 411 
i 587	 991 	 1028 
i 743	 661 	 748 
i 650	 872 	 921 
i 254	 438 	 356 
i 281	 389 	 395 
i 155	 164 	 221 
i 312	 997 	 1029 
i 638	 259 	 351 
i 20	 786 	 853 
i 466	 312 	 404 
i 456	 333 	 343 
i 76	 944 	 902 
i 932	 889 	 977 
i 300	 664 	 603 
i 613	 747 	 742 
i 673	 333 	 359 
i 671	 143 	 231 
i 838	 731 	 747 
i 598	 698 	 718 
i 824	 553 	 466 
i 75	 520 	 524 
i 13	 120 	 140 
i 888	 381 	 387 
i 511	 332 	 398 
i 228	 507 	 496 
i 478	 932 	 855 
i 515	 606 	 664 
i 212	 556 	 581 
i 873	 184 	 129 
i 371	 720 	 630 
i 831	 780 	 705 
i 842	 358 	 285 
i 147	 891 	 796 
i 395	 475 	 482 
i 841	 327 	 380 
i 766	 723 	 671 
i 323	 829 	 880 
i 823	 642 	 736 
i 906	 312 	 380 
i 592	 514 	 456 
i 346	 560 	 469 
i 623	 672 	 749 
i 502	 796 	 702 
i 912	 820 	 805 
i 156	 410 	 364 
i 844	 201 	 108 
i 652	 418 	 389 
i 251	 203 	 139 
i 477	 177 	 95 
i 931	 927 	 963 
i 436	 228 	 133 
i 68	 268 	 298 
i 838	 168 	 98 
i 636	 198 	 110 
i 972	 579 	 522 
i 75	 820 	 732 
i 421	 852 	 895 
i 525	 283 	 376 
i 599	 445 	 433 
i 518	 525 	 500 
i 650	 243 	 305 
i 827	 267 	 342 
i 891	 846 	 889 
i 990	 981 	 951 
i 517	 150 	 115 
i 315	 345 	 325 
i 149	 402 	 466 
i 343	 150 	 119 
i 719	 120 	 209 
i 186	 515 	 508 
i 335	 848 	 771 
i 511	 680 	 768 
i 338	 573 	 639 
i 318	 323 	 387 
i 362	 638 	 606 
i 626	 929 	 960 
i 953	 398 	 459 
i 997	 241 	 170 
i 9	 551 	 624 
i 463	 504 	 414 
i 293	 918 	 895 
i 933	 132 	 211 
i 454	 969 	 916 
i 693	 822 	 832 
i 286	 666 	 749 
i 208	 970 	 978 
i 531	 665 	 664 
i 678	 492 	 490 
i 174	 624 	 624 
i 616	 506 	 599 
i 525	 554 	 505 
i 548	 899 	 837 
i 515	 809 	 838 
i 315	 131 	 98 
i 940	 624 	 648 
i 906	 549 	 615 
i 530	 143 	 115 
i 959	 584 	 492 
i 537	 135 	 77 
i 982	 581 	 647 
i 481	 551 	 522 
i 368	 780 	 860 
i 154	 950 	 933 
i 176	 635 	 681 
i 753	 935 	 969 
i 247	 601 	 617 
i 284	 452 	 374 
i 816	 774 	 687 
i 843	 810 	 831 
i 373	 111 	 128 
i 868	 850 	 763 
i 621	 276 	 263 
i 565	 191 	 209 
i 155	 563 	 616 
i 83	 326 	 329 
i 634	 924 	 977 
i 18	 551 	 461 
i 764	 649 	 722 
i 551	 711 	 752 
i 552	 362 	 278 
i 384	 885 	 975 
i 570	 947 	 961 
i 660	 447 	 374 
i 169	 972 	 930 
i 411	 765 	 739 
i 326	 338 	 239 
i 821	 131 	 36 
i 428	 176 	 234 
i 104	 946 	 914 
i 386	 688 	 766 
i 258	 761 	 716 
i 199	 717 	 786 
i 578	 337 	 338 
i 547	 458 	 493 
i 284	 718 	 635 
i 540	 161 	 143 
i 563	 169 	 116 
i 636	 192 	 224 
i 576	 895 	 948 
i 226	 310 	 240 
i 957	 217 	 199 
i 640	 464 	 486 
i 894	 329 	 266 
i 286	 782 	 829 
i 968	 496 	 399 
i 26	 574 	 585 
i 91	 943 	 867 
i 183	 264 	 315 
i 66	 855 	 821 
i 291	 648 	 659 
i 410	 785 	 788 
i 807	 262 	 193 
i 54	 805 	 715 
i 809	 972 	 939 
i 243	 737 	 697 
i 764	 753 	 718 
i 700	 361 	 345 
i 873	 468 	 488 
i 710	 253 	 286 
i 316	 549 	 640 
i 75	 157 	 130 
i 245	 616 	 551 
i 27	 754 	 700 
i 995	 799 	 707 
i 700	 208 	 164 
i 424	 479 	 388 
i 705	 772 	 821 
i 108	 257 	 281 
i 268	 794 	 760 
i 760	 500 	 529 
i 812	 465 	 509 
i 381	 794 	 887 
i 105	 951 	 1049 
i 879	 268 	 365 
i 989	 305 	 342 
i 404	 556 	 478 
i 149	 599 	 662 
i 314	 374 	 459 
i 83	 926 	 864 
i 521	 332 	 422 
i 919	 908 	 961 
i 687	 660 	 589 
i 633	 630 	 580 
i 811	 624 	 550 
i 30	 615 	 539 
i 531	 338 	 342 
i 81	 439 	 473 
i 377	 277 	 374 
i 295	 211 	 124 
i 544	 383 	 400 
i 441	 342 	 343 
i 59	 135 	 74 
i 644	 266 	 332 
i 222	 490 	 518 
i 789	 606 	 640 
i 46	 713 	 653 
i 415	 290 	 246 
i 602	 888 	 919 
i 716	 876 	 966 
i 23	 937 	 936 
i 284	 572 	 659 
i 311	 136 	 235 
i 486	 311 	 339 
i 912	 160 	 232 
i 470	 730 	 760 
i 148	 437 	 476 
i 350	 616 	 538 
i 225	 867 	 909 
i 87	 563 	 548 
i 17	 522 	 512 
i 535	 964 	 1011 
i 564	 909 	 818 
i 789	 906 	 912 
i 844	 587 	 575 
i 540	 465 	 547 
i 907	 155 	 67 
i 476	 774 	 756 
i 327	 873 	 900 
i 836	 618 	 662 
i 299	 111 	 158 
i 259	 513 	 467 
i 158	 278 	 345 
i 53	 320 	 345 
i 589	 794 	 788 
i 986	 300 	 202 
i 37	 224 	 307 
i 783	 279 	 258 
i 640	 645 	 689 
i 211	 323 	 334 
i 212	 965 	 1036 
i 664	 734 	 657 
i 852	 978 	 932 
i 89	 834 	 799 
i 856	 503 	 586 
i 71	 922 	 1002 
i 198	 932 	 1019 
i 388	 860 	 904 
i 989	 323 	 295 
i 229	 965 	 979 
i 190	 573 	 629 
i 890	 446 	 435 
i 866	 550 	 510 
i 680	 794 	 771 
i 122	 195 	 144 
i 34	 120 	 83 
i 958	 923 	 925 
i 801	 868 	 948 
i 41	 621 	 699 
i 3	 943 	 867 
i 523	 563 	 525 
i 900	 372 	 312 
i 395	 771 	 684 
i 164	 150 	 199 
i 259	 497 	 570 
i 270	 716 	 796 
i 184	 997 	 1069 
i 37	 566 	 598 
i 610	 479 	 519 
i 546	 384 	 425 
i 57	 491 	 436 
i 351	 767 	 692 
i 94	 946 	 950 
i 139	 116 	 153 
i 573	 781 	 870 
i 254	 664 	 607 
i 252	 577 	 556 
i 764	 453 	 440 
i 179	 152 	 61 
i 486	 777 	 795 
i 914	 515 	 544 
i 652	 717 	 816 
i 591	 831 	 749 
i 598	 407 	 353 
i 352	 128 	 188 
i 974	 969 	 880 
i 499	 273 	 234 
i 884	 628 	 542 
i 931	 127 	 77 
i 680	 168 	 215 
i 135	 695 	 725 
i 817	 383 	 344 
i 627	 382 	 461 
i 960	 464 	 463 
i 980	 670 	 739 
i 946	 496 	 560 
i 129	 548 	 512 
i 711	 823 	 764 
i 729	 889 	 816 
i 793	 225 	 288 
i 451	 882 	 972 
i 756	 574 	 627 
i 62	 846 	 825 
i 460	 755 	 726 
i 90	 307 	 274 
i 523	 171 	 127 
i 15	 902 	 884 
i 816	 299 	 223 
i 691	 483 	 553 
i 819	 604 	 633 
i 687	 442 	 361 
i 209	 400 	 470 
i 36	 195 	 278 
i 761	 548 	 523 
i 981	 866 	 859 
i 50	 278 	 375 
i 940	 531 	 431 
i 154	 898 	 961 
i 572	 119 	 120 
i 128	 878 	 843 
i 501	 563 	 466 
i 826	 650 	 594 
i 921	 520 	 472 
i 415	 445 	 349 
i 265	 778 	 678 
i 453	 303 	 213 
i 926	 292 	 390 
i 812	 294 	 223 
i 822	 133 	 176 
i 685	 586 	 655 
i 195	 878 	 847 
i 801	 893 	 827 
i 262	 203 	 122 
i 637	 435 	 436 
i 389	 454 	 508 
i 605	 457 	 402 
i 809	 504 	 434 
i 16	 498 	 591 
i 42	 629 	 686 
i 576	 379 	 373 
i 440	 243 	 276 
i 319	 551 	 544 
i 424	 705 	 750 
i 788	 790 	 763 
i 175	 354 	 405 
i 564	 153 	 125 
i 7	 356 	 289 
i 443	 492 	 429 
i 26	 461 	 406 
i 328	 272 	 332 
i 477	 693 	 641 
i 972	 397 	 409 
i 642	 813 	 909 
i 406	 573 	 627 
i 680	 900 	 989 
i 728	 682 	 684 
i 5	 113 	 116 
i 433	 264 	 356 
i 828	 429 	 526 
i 11	 630 	 593 
i 665	 454 	 512 
i 987	 669 	 722 
i 778	 279 	 260 
i 299	 265 	 327 
i 186	 952 	 950 
i 829	 905 	 849 
i 832	 472 	 417 
i 6	 933 	 964 
i 363	 899 	 896 
i 947	 887 	 886 
i 334	 279 	 211 
i 962	 983 	 912 
i 152	 775 	 860 
i 325	 248 	 193 
i 272	 971 	 953 
i 166	 521 	 469 
i 572	 719 	 633 
i 497	 920 	 835 
i 384	 617 	 605 
i 258	 161 	 139 
i 447	 604 	 648 
i 429	 748 	 785 
i 177	 881 	 948 
i 331	 817 	 749 
i 299	 130 	 116 
i 761	 496 	 516 
i 445	 711 	 645 
i 355	 778 	 811 
i 925	 848 	 758 
i 982	 353 	 315 
i 537	 700 	 751 
i 254	 455 	 392 
i 122	 177 	 149 
i 916	 922 	 960 
i 937	 179 	 277 
i 372	 565 	 615 
i 48	 210 	 149 
i 798	 363 	 373 
i 628	 958 	 953 
i 900	 116 	 108 
i 563	 393 	 492 
i 951	 177 	 127 
i 26	 343 	 317 
i 938	 666 	 623 
i 16	 393 	 338 
i 527	 387 	 406 
i 638	 168 	 197 
i 922	 344 	 333 
i 876	 837 	 751 
i 882	 373 	 467 
i 200	 783 	 790 
i 275	 781 	 778 
i 536	 116 	 118 
i 161	 448 	 438 
i 478	 705 	 698 
i 789	 907 	 1005 
i 853	 551 	 577 
i 117	 238 	 249 
i 933	 634 	 620 
i 229	 699 	 661 
i 985	 676 	 678 
i 740	 265 	 322 
i 746	 699 	 663 
i 127	 268 	 265 
i 795	 670 	 762 
i 691	 197 	 247 
i 188	 192 	 213 
i 330	 755 	 799 
i 918	 360 	 391 
i 581	 744 	 820 
i 217	 134 	 208 
i 391	 591 	 613 
i 54	 403 	 374 
i 230	 692 	 688 
i 859	 234 	 189 
i 956	 202 	 296 
i 49	 871 	 802 
i 773	 521 	 518 
i 55	 275 	 256 
i 766	 858 	 955 
i 792	 755 	 695 
i 333	 640 	 658 
i 662	 294 	 323 
i 316	 611 	 686 
i 455	 152 	 199 
i 558	 400 	 438 
i 414	 373 	 421 
i 875	 513 	 516 
i 61	 947 	 961 
i 901	 420 	 387 
i 626	 408 	 333 
i 222	 590 	 582 
i 428	 230 	 154 
i 991	 806 	 793 
i 38	 698 	 776 
i 363	 464 	 454 
i 658	 192 	 264 
i 112	 852 	 900 
i 53	 421 	 481 
i 400	 928 	 968 
i 735	 338 	 303 
i 275	 453 	 462 
i 409	 863 	 958 
i 192	 973 	 1066 
i 851	 474 	 375 
i 250	 379 	 352 
i 341	 780 	 685 
i 175	 660 	 587 
i 524	 429 	 367 
i 444	 252 	 270 
i 700	 876 	 841 
i 86	 278 	 298 
i 933	 766 	 668 
i 903	 746 	 686 
i 313	 717 	 627 
i 615	 722 	 682 
i 369	 161 	 189 
i 986	 185 	 248 
i 345	 309 	 277 
i 504	 480 	 537 
i 364	 117 	 114 
i 552	 408 	 422 
i 290	 944 	 945 
i 5	 954 	 936 
i 687	 245 	 289 
i 375	 293 	 260 
i 432	 563 	 604 
i 516	 247 	 285 
i 739	 976 	 883 
i 155	 392 	 400 
i 162	 204 	 285 
i 497	 638 	 629 
i 434	 260 	 309 
i 383	 711 	 761 
i 534	 187 	 175 
i 739	 830 	 893 
i 249	 242 	 191 
i 403	 870 	 922 
i 376	 597 	 597 
i 693	 631 	 662 
i 797	 224 	 288 
i 391	 141 	 104 
i 558	 549 	 599 
i 234	 325 	 251 
i 319	 995 	 1028 
i 129	 498 	 479 
i 276	 334 	 365 
i 130	 554 	 465 
i 677	 344 	 331 
i 264	 792 	 717 
i 391	 489 	 574 
i 425	 330 	 293 
i 918	 612 	 687 
i 160	 392 	 313 
i 155	 511 	 496 
i 590	 216 	 227 
i 841	 579 	 645 
i 340	 273 	 365 
i 603	 326 	 353 
i 371	 713 	 793 
i 796	 828 	 786 
i 43	 762 	 805 
i 607	 155 	 182 
i 923	 933 	 992 
i 374	 141 	 231 
i 493	 521 	 529 
i 21	 127 	 103 
i 204	 866 	 910 
i 446	 832 	 797 
i 125	 512 	 551 
i 931	 426 	 424 
i 664	 688 	 695 
i 714	 438 	 366 
i 639	 116 	 29 
i 673	 825 	 813 
i 135	 783 	 869 
i 153	 375 	 465 
i 3	 716 	 647 
i 814	 470 	 490 
i 267	 761 	 806 
i 621	 492 	 523 
i 271	 930 	 894 
i 639	 518 	 425 
i 646	 645 	 680 
i 450	 705 	 674 
i 206	 208 	 204 
i 504	 149 	 176 
i 185	 998 	 1025 
i 589	 249 	 239 
i 321	 786 	 830 
i 750	 544 	 512 
i 672	 242 	 264 
i 131	 529 	 479 
i 732	 563 	 642 
i 401	 275 	 244 
i 510	 586 	 596 
i 553	 127 	 38 
i 551	 693 	 641 
i 707	 372 	 438 
i 467	 776 	 706 
i 954	 527 	 607 
i 102	 831 	 845 
i 573	 486 	 526 
i 82	 709 	 696 
i 267	 617 	 684 
i 801	 925 	 894 
i 820	 527 	 606 
i 475	 576 	 566 
i 769	 790 	 721 
i 517	 639 	 663 
i 986	 773 	 788 
i 796	 685 	 721 
i 219	 306 	 256 
i 891	 931 	 897 
i 462	 429 	 449 
i 378	 284 	 264 
i 846	 592 	 536 
i 370	 502 	 541 
i 134	 903 	 896 
i 728	 154 	 250 
i 474	 708 	 802 
i 120	 334 	 387 
i 340	 938 	 1035 
i 263	 274 	 349 
i 621	 572 	 539 
i 816	 217 	 260 
i 358	 575 	 587 
i 798	 773 	 859 
i 689	 504 	 417 
i 738	 919 	 978 
i 410	 906 	 859 
i 661	 880 	 857 
i 592	 673 	 718 
i 776	 660 	 758 
i 295	 551 	 573 
i 415	 852 	 837 
i 937	 601 	 658 
i 682	 212 	 228 
i 126	 153 	 107 
i 36	 212 	 114 
i 929	 919 	 903 
i 795	 269 	 185 
i 427	 615 	 649 
i 46	 373 	 363 
i 540	 365 	 414 
i 375	 909 	 841 
i 925	 400 	 319 
i 41	 210 	 266 
i 88	 728 	 809 
i 202	 971 	 1059 
i 112	 980 	 1054 
i 290	 465 	 498 
i 857	 538 	 456 
i 153	 248 	 175 
i 439	 649 	 684 
i 337	 423 	 333 
i 662	 565 	 660 
i 774	 652 	 555 
i 469	 457 	 378 
i 436	 373 	 334 
i 414	 320 	 304 
i 813	 205 	 247 
i 294	 797 	 810 
i 448	 880 	 923 
i 54	 113 	 44 
i 405	 716 	 714 
i 916	 763 	 694 
i 526	 744 	 830 
i 915	 761 	 741 
i 211	 856 	 923 
i 446	 241 	 191 
i 553	 615 	 527 
i 325	 357 	 328 
i 191	 861 	 922 
i 194	 612 	 683 
i 875	 753 	 705 
i 609	 304 	 239 
i 322	 444 	 485 
i 54	 383 	 407 
i 892	 739 	 805 
i 40	 593 	 548 
i 607	 816 	 882 
i 884	 873 	 804 
i 729	 302 	 271 
i 293	 129 	 136 
i 16	 892 	 874 
i 233	 237 	 141 
i 607	 397 	 365 
i 913	 135 	 114 
i 620	 687 	 645 
i 163	 537 	 502 
i 956	 783 	 870 
i 815	 632 	 696 
i 30	 770 	 779 
i 51	 189 	 257 
i 929	 668 	 739 
i 72	 148 	 66 
i 394	 168 	 207 
i 422	 475 	 497 
i 71	 829 	 775 
i 549	 198 	 176 
i 306	 491 	 460 
i 892	 435 	 367 
i 635	 275 	 213 
i 722	 763 	 711 
i 350	 623 	 557 
i 392	 496 	 445 
i 457	 576 	 603 
i 867	 307 	 219 
i 675	 850 	 776 
i 774	 165 	 201 
i 203	 515 	 612 
i 567	 826 	 901 
i 752	 972 	 974 
i 486	 256 	 203 
i 63	 474 	 491 
i 496	 628 	 723 
i 21	 846 	 833 
i 242	 526 	 486 
i 74	 581 	 676 
i 135	 698 	 748 
i 590	 415 	 505 
i 394	 403 	 407 
i 364	 296 	 250 
i 527	 753 	 805 
i 935	 964 	 1028 
i 518	 596 	 559 
i 346	 578 	 545 
i 813	 965 	 981 
i 342	 345 	 375 
i 4	 325 	 382 
i 345	 994 	 969 
i 674	 954 	 1008 
i 882	 529 	 456 
i 605	 773 	 805 
i 565	 560 	 579 
i 112	 402 	 325 
i 637	 686 	 678 
i 598	 988 	 943 
i 861	 616 	 639 
i 103	 309 	 333 
i 97	 121 	 214 
i 46	 458 	 486 
i 516	 256 	 260 
i 261	 378 	 303 
i 766	 968 	 1006 
i 95	 613 	 674 
i 742	 717 	 705 
i 729	 241 	 149 
i 298	 487 	 567 
i 521	 148 	 49 
i 533	 701 	 621 
i 924	 672 	 601 
i 89	 353 	 385 
i 389	 819 	 903 
i 354	 934 	 972 
i 919	 663 	 719 
i 602	 491 	 496 
i 748	 886 	 837 
i 172	 923 	 933 
i 213	 837 	 751 
i 877	 843 	 864 
i 509	 934 	 940 
i 781	 177 	 200 
i 578	 767 	 668 
i 505	 700 	 672 
i 127	 425 	 381 
i 554	 233 	 309 
i 426	 701 	 727 
i 340	 928 	 988 
i 157	 531 	 434 
i 980	 598 	 676 
i 906	 249 	 229 
i 981	 721 	 657 
i 720	 383 	 435 
i 384	 391 	 344 
i 736	 714 	 692 
i 874	 965 	 1054 
i 538	 862 	 836 
i 458	 536 	 578 
i 930	 361 	 434 
i 478	 376 	 446 
i 634	 282 	 333 
i 321	 640 	 687 
i 628	 804 	 795 
i 944	 592 	 660 
i 623	 829 	 844 
i 585	 289 	 279 
i 431	 243 	 341 
i 909	 574 	 563 
i 192	 319 	 294 
i 490	 204 	 275 
i 683	 960 	 958 
i 279	 743 	 805 
i 59	 511 	 499 
i 601	 919 	 896 
i 409	 779 	 680 
i 610	 405 	 423 
i 759	 809 	 713 
i 281	 801 	 887 
i 516	 312 	 236 
i 621	 649 	 671 
i 576	 523 	 482 
i 288	 961 	 976 
i 738	 795 	 822 
i 648	 298 	 245 
i 401	 640 	 669 
i 732	 648 	 599 
i 518	 287 	 190 
i 295	 308 	 267 
i 521	 249 	 311 
i 128	 359 	 345 
i 591	 906 	 807 
i 548	 282 	 241 
i 318	 795 	 702 
i 528	 472 	 508 
i 125	 683 	 599 
i 729	 368 	 431 
i 927	 596 	 563 
i 150	 611 	 637 
i 305	 874 	 804 
i 585	 708 	 663 
i 479	 204 	 278 
i 672	 212 	 195 
i 442	 476 	 523 
i 848	 508 	 460 
i 492	 227 	 204 
i 782	 302 	 225 
i 329	 140 	 48 
i 891	 438 	 376 
i 750	 998 	 997 
i 422	 244 	 160 
i 528	 492 	 504 
i 642	 377 	 323 
i 54	 749 	 784 
i 501	 514 	 518 
i 632	 749 	 652 
i 847	 205 	 264 
i 880	 309 	 234 
i 249	 348 	 251 
i 248	 519 	 572 
i 398	 962 	 900 
i 827	 146 	 189 
i 127	 646 	 618 
i 845	 854 	 837 
i 299	 566 	 649 
i 17	 143 	 152 
i 123	 159 	 138 
i 346	 869 	 824 
i 612	 983 	 988 
i 73	 111 	 165 
i 31	 795 	 729 
i 71	 965 	 1064 
i 673	 716 	 640 
i 509	 148 	 241 
i 21	 518 	 471 
i 58	 444 	 401 
i 113	 932 	 913 
i 965	 396 	 446 
i 947	 643 	 616 
i 947	 221 	 208 
i 717	 909 	 902 
i 678	 172 	 180 
i 359	 170 	 112 
i 401	 281 	 325 
i 859	 255 	 303 
i 235	 494 	 554 
i 159	 748 	 830 
i 480	 223 	 298 
i 78	 893 	 958 
i 203	 331 	 385 
i 101	 721 	 718 
i 170	 250 	 183 
i 238	 730 	 735 
i 430	 919 	 1004 
i 592	 672 	 729 
i 23	 443 	 347 
i 740	 266 	 201 
i 866	 188 	 219 
i 746	 969 	 1016 
i 994	 814 	 901 
i 681	 612 	 520 
i 837	 159 	 101 
i 534	 308 	 297 
i 444	 776 	 851 
i 76	 711 	 704 
i 450	 522 	 520 
i 624	 540 	 486 
i 712	 700 	 619 
i 678	 397 	 466 
i 470	 164 	 231 
i 35	 999 	 1003 
i 89	 147 	 118 
i 310	 334 	 412 
i 59	 733 	 700 
i 734	 624 	 606 
i 197	 153 	 225 
i 680	 591 	 588 
i 343	 798 	 737 
i 665	 885 	 960 
i 725	 747 	 716 
i 725	 604 	 580 
i 766	 178 	 171 
i 18	 496 	 551 
i 717	 400 	 467 
i 296	 699 	 713 
i 344	 177 	 230 
i 883	 943 	 932 
i 656	 486 	 544 
i 528	 662 	 653 
i 244	 552 	 488 
i 799	 859 	 940 
i 875	 308 	 342 
i 308	 724 	 761 
i 634	 528 	 509 
i 296	 383 	 423 
i 370	 890 	 799 
i 306	 683 	 769 
i 728	 192 	 209 
i 349	 894 	 816 
i 845	 411 	 382 
i 687	 572 	 503 
i 909	 489 	 395 
i 600	 198 	 166 
i 70	 811 	 905 
i 376	 284 	 238 
i 253	 909 	 937 
i 897	 951 	 1040 
i 988	 889 	 924 
i 870	 521 	 425 
i 209	 623 	 696 
i 727	 941 	 952 
i 153	 192 	 185 
i 251	 222 	 135 
i 39	 525 	 451 
i 235	 502 	 503 
i 133	 743 	 795 
i 79	 424 	 455 
i 953	 377 	 406 
i 415	 978 	 981 
i 991	 999 	 1044 
i 926	 883 	 873 
i 19	 489 	 510 
i 144	 903 	 974 
i 609	 961 	 1040 
i 50	 191 	 117 
i 761	 644 	 596 
i 114	 433 	 401 
i 414	 131 	 90 
i 389	 708 	 750 
i 389	 280 	 320 
i 259	 927 	 952 
i 684	 442 	 471 
i 575	 982 	 1040 
i 532	 857 	 836 
i 622	 765 	 754 
i 223	 882 	 824 
i 586	 228 	 192 
i 609	 533 	 580 
i 281	 796 	 721 
i 472	 540 	 543 
i 390	 276 	 331 
i 763	 835 	 826 
i 744	 521 	 427 
i 583	 335 	 348 
i 320	 690 	 627 
i 188	 200 	 182 
i 321	 388 	 487 
i 795	 676 	 697 
i 567	 444 	 521 
i 50	 558 	 529 
i 235	 128 	 178 
i 50	 817 	 819 
i 511	 336 	 287 
i 763	 367 	 435 
i 415	 870 	 802 
i 515	 148 	 117 
i 827	 514 	 547 
i 464	 513 	 506 
i 839	 163 	 69 
i 342	 953 	 869 
i 362	 384 	 347 
i 156	 162 	 135 
i 410	 618 	 693 
i 698	 848 	 875 
i 552	 706 	 616 
i 594	 850 	 863 
i 49	 271 	 250 
i 501	 867 	 939 
i 560	 391 	 430 
i 508	 419 	 327 
i 815	 491 	 471 
i 873	 772 	 783 
i 445	 208 	 301 
i 274	 987 	 1020 
i 944	 667 	 610 
i 776	 716 	 778 
i 956	 333 	 405 
i 807	 686 	 658 
i 123	 563 	 647 
i 470	 296 	 282 
i 898	 333 	 282 
i 642	 692 	 616 
i 751	 300 	 313 
i 737	 273 	 340 
i 364	 866 	 922 
i 45	 172 	 183 
i 295	 895 	 898 
i 942	 773 	 737 
i 452	 207 	 196 
i 660	 139 	 222 
i 911	 523 	 585 
i 565	 743 	 734 
i 778	 850 	 791 
i 961	 464 	 553 
i 812	 322 	 283 
i 881	 130 	 100 
i 763	 628 	 657 
i 509	 198 	 216 
i 617	 486 	 394 
i 648	 882 	 922 
i 113	 808 	 830 
i 823	 642 	 577 
i 655	 158 	 249 
i 54	 343 	 426 
i 291	 294 	 340 
i 313	 568 	 590 
i 894	 882 	 857 
i 992	 570 	 646 
i 415	 206 	 206 
i 283	 244 	 173 
i 67	 869 	 821 
i 665	 526 	 443 
i 719	 686 	 734 
i 979	 648 	 706 
i 186	 577 	 494 
i 701	 338 	 317 
i 569	 883 	 841 
i 87	 328 	 285 
i 194	 226 	 266 
i 345	 671 	 767 
i 199	 805 	 715 
i 666	 149 	 192 
i 313	 225 	 211 
i 918	 883 	 865 
i 443	 701 	 721 
i 699	 777 	 737 
i 568	 242 	 316 
i 813	 503 	 594 
i 942	 758 	 688 
i 574	 492 	 491 
i 355	 477 	 515 
i 398	 522 	 493 
i 526	 269 	 303 
i 396	 655 	 673 
i 60	 134 	 40 
i 809	 668 	 714 
i 957	 935 	 895 
i 400	 821 	 744 
i 128	 782 	 693 
i 556	 917 	 943 
i 968	 468 	 565 
i 432	 196 	 172 
i 610	 516 	 597 
i 223	 225 	 186 
i 249	 751 	 723 
i 875	 782 	 716 
i 803	 545 	 471 
i 602	 814 	 820 
i 358	 917 	 948 
i 265	 968 	 911 
i 667	 641 	 577 
i 763	 629 	 652 
i 219	 970 	 915 
i 348	 890 	 879 
i 68	 272 	 311 
i 822	 597 	 611 
i 312	 752 	 727 
i 103	 869 	 964 
i 10	 453 	 420 
i 974	 149 	 169 
i 571	 340 	 293 
i 155	 504 	 410 
i 121	 162 	 111 
i 997	 362 	 381 
i 180	 760 	 792 
i 727	 490 	 487 
i 449	 999 	 1058 
i 302	 443 	 523 
i 687	 423 	 505 
i 730	 721 	 798 
i 989	 366 	 357 
i 432	 604 	 626 
i 489	 630 	 676 
i 772	 852 	 897 
i 503	 493 	 574 
i 930	 194 	 221 
i 930	 627 	 544 
i 305	 448 	 425 
i 656	 360 	 274 
i 344	 281 	 342 
i 631	 179 	 237 
i 186	 585 	 530 
i 770	 239 	 282 
i 604	 890 	 887 
i 35	 650 	 748 
i 129	 570 	 654 
i 709	 247 	 317 
i 89	 324 	 255 
i 369	 669 	 731 
i 560	 735 	 666 
i 637	 562 	 619 
i 172	 379 	 473 
i 316	 580 	 628 
i 193	 326 	 295 
i 800	 760 	 736 
i 317	 752 	 754 
i 471	 683 	 627 
i 711	 551 	 512 
i 339	 691 	 726 
i 42	 524 	 471 
i 549	 663 	 738 
i 851	 474 	 383 
i 379	 450 	 422 
i 622	 222 	 233 
i 353	 532 	 503 
i 75	 872 	 906 
i 718	 437 	 365 
i 214	 633 	 703 
i 866	 907 	 845 
i 332	 620 	 567 
i 953	 831 	 887 
i 362	 720 	 747 
i 744	 762 	 664 
i 869	 196 	 223 
i 344	 690 	 787 
i 201	 117 	 29 
i 568	 716 	 772 
i 156	 844 	 943 
i 52	 715 	 787 
i 624	 887 	 825 
i 435	 207 	 136 
i 122	 904 	 905 
i 854	 580 	 530 
i 949	 593 	 517 
i 601	 269 	 262 
i 609	 260 	 293 
i 290	 316 	 263 
i 115	 122 	 100 
i 794	 118 	 106 
i 667	 885 	 798 
i 775	 169 	 169 
i 668	 300 	 324 
i 196	 753 	 748 
i 738	 978 	 963 
i 916	 199 	 104 
i 85	 614 	 641 
i 316	 319 	 404 
i 329	 528 	 436 
i 337	 875 	 942 
i 208	 378 	 378 
i 273	 437 	 393 
i 486	 883 	 972 
i 209	 548 	 476 
i 185	 972 	 1048 
i 285	 463 	 522 
i 851	 488 	 564 
i 86	 167 	 106 
i 555	 992 	 997 
i 414	 141 	 213 
i 715	 885 	 799 
i 83	 445 	 414 
i 951	 694 	 760 
i 444	 648 	 556 
i 413	 776 	 721 
i 809	 672 	 673 
i 234	 493 	 465 
i 298	 389 	 378 
i 289	 566 	 466 
i 323	 146 	 129 
i 195	 915 	 841 
i 571	 979 	 921 
i 228	 397 	 330 
i 833	 248 	 269 
i 582	 284 	 188 
i 214	 484 	 550 
i 643	 937 	 850 
i 957	 368 	 340 
i 470	 765 	 795 
i 510	 766 	 860 
i 414	 246 	 179 
i 391	 362 	 410 
i 713	 552 	 645 
i 868	 700 	 760 
i 63	 352 	 328 
i 482	 372 	 391 
i 412	 221 	 169 
i 701	 279 	 218 
i 438	 602 	 635 
i 176	 292 	 227 
i 328	 269 	 287 
i 611	 419 	 515 
i 109	 188 	 227 
i 771	 160 	 172 
i 43	 873 	 898 
i 337	 325 	 246 
i 461	 855 	 859 
i 651	 180 	 124 
i 204	 355 	 386 
i 408	 948 	 1015 
i 586	 216 	 148 
i 933	 742 	 796 
i 21	 726 	 802 
i 77	 455 	 485 
i 933	 956 	 995 
i 175	 624 	 530 
i 13	 721 	 719 
i 91	 294 	 223 
i 366	 492 	 461 
i 308	 189 	 240 
i 427	 932 	 900 
i 137	 188 	 143 
i 828	 876 	 835 
i 217	 772 	 746 
i 168	 464 	 425 
i 745	 194 	 190 
i 432	 223 	 221 
i 638	 662 	 678 
i 68	 791 	 880 
i 156	 212 	 163 
i 80	 884 	 920 
i 166	 300 	 363 
i 28	 544 	 573 
i 770	 807 	 879 
i 168	 249 	 155 
i 262	 521 	 576 
i 388	 948 	 889 
i 8	 497 	 566 
i 772	 126 	 208 
i 886	 969 	 883 
i 757	 307 	 236 
i 970	 914 	 877 
i 458	 753 	 721 
i 242	 440 	 362 
i 398	 319 	 275 
i 860	 348 	 356 
i 802	 150 	 236 
i 238	 336 	 423 
i 255	 200 	 242 
i 220	 125 	 144 
i 441	 188 	 158 
i 344	 321 	 285 
i 68	 602 	 658 
i 438	 907 	 811 
i 673	 119 	 103 
i 939	 370 	 326 
i 983	 852 	 769 
i 237	 790 	 754 
i 338	 735 	 750 
i 355	 478 	 537 
i 441	 120 	 67 
i 678	 435 	 451 
i 231	 723 	 752 
i 127	 530 	 447 
i 137	 552 	 604 
i 428	 929 	 968 
i 262	 292 	 328 
i 27	 368 	 452 
i 729	 655 	 606 
i 143	 280 	 302 
i 153	 989 	 899 
i 518	 312 	 358 
i 207	 830 	 922 
i 679	 518 	 435 
i 177	 596 	 541 
i 97	 383 	 413 
i 301	 116 	 199 
i 590	 723 	 811 
i 204	 652 	 686 
i 394	 882 	 945 
i 382	 538 	 631 
i 609	 586 	 583 
i 418	 348 	 386 
i 876	 315 	 289 
i 422	 394 	 403 
i 728	 595 	 624 
i 734	 287 	 376 
i 423	 212 	 219 
i 33	 161 	 208 
i 900	 759 	 685 
i 382	 594 	 597 
i 916	 566 	 490 
i 184	 998 	 1006 
i 414	 725 	 708 
i 733	 167 	 235 
i 278	 654 	 667 
i 476	 339 	 299 
i 590	 291 	 336 
i 647	 768 	 819 
i 376	 536 	 568 
i 919	 655 	 563 
i 432	 224 	 315 
i 430	 335 	 263 
i 121	 817 	 828 
i 184	 300 	 257 
i 795	 159 	 172 
i 53	 665 	 573 
i 255	 935 	 961 
i 994	 692 	 647 
i 473	 479 	 510 
i 85	 176 	 191 
i 213	 213 	 114 
i 465	 177 	 164 
i 260	 303 	 314 
i 473	 798 	 846 
i 528	 166 	 173 
i 153	 671 	 688 
i 81	 709 	 777 
i 734	 383 	 450 
i 149	 631 	 593 
i 223	 325 	 304 
i 339	 837 	 858 
i 413	 843 	 757 
i 630	 342 	 308 
i 403	 837 	 898 
i 466	 607 	 573 
i 97	 194 	 191 
i 769	 717 	 730 
i 76	 577 	 537 
i 662	 433 	 423 
i 903	 709 	 743 
i 720	 171 	 73 
i 544	 712 	 696 
i 804	 777 	 687 
i 622	 184 	 175 
i 180	 901 	 985 
i 274	 309 	 212 
i 955	 742 	 799 
i 481	 357 	 429 
i 843	 625 	 630 
i 516	 137 	 122 
i 584	 735 	 664 
i 261	 745 	 783 
i 10	 234 	 233 
i 92	 282 	 205 
i 980	 688 	 647 
i 204	 620 	 634 
i 914	 637 	 642 
i 192	 450 	 351 
i 770	 330 	 400 
i 800	 798 	 771 
i 503	 290 	 380 
i 217	 423 	 365 
i 356	 151 	 95 
i 548	 593 	 556 
i 198	 699 	 658 
i 770	 965 	 965 
i 364	 586 	 568 
i 745	 167 	 188 
i 991	 176 	 151 
i 764	 934 	 869 
i 967	 374 	 409 
i 319	 333 	 412 
i 364	 523 	 473 
i 907	 722 	 782 
i 569	 114 	 213 
i 530	 378 	 431 
i 65	 822 	 748 
i 129	 302 	 377 
i 202	 840 	 913 
i 129	 286 	 312 
i 425	 444 	 464 
i 675	 159 	 242 
i 139	 957 	 913 
i 827	 292 	 230 
i 831	 115 	 166 
i 132	 113 	 71 
i 932	 796 	 766 
i 148	 914 	 910 
i 968	 805 	 841 
i 167	 689 	 751 
i 541	 363 	 310 
i 596	 897 	 979 
i 548	 826 	 736 
i 752	 189 	 264 
i 756	 359 	 401 
i 759	 146 	 214 
i 531	 404 	 458 
i 435	 719 	 803 
i 217	 260 	 338 
i 867	 868 	 779 
i 152	 702 	 721 
i 37	 913 	 852 
i 841	 835 	 883 
i 930	 881 	 880 
i 210	 774 	 724 
i 250	 516 	 418 
i 580	 376 	 384 
i 265	 176 	 271 
i 433	 996 	 934 
i 285	 899 	 811 
i 950	 951 	 893 
i 853	 595 	 544 
i 669	 769 	 687 
i 536	 541 	 445 
i 282	 981 	 927 
i 738	 315 	 311 
i 37	 325 	 237 
i 110	 807 	 771 
i 106	 787 	 838 
i 993	 959 	 867 
i 938	 123 	 221 
i 484	 312 	 381 
i 224	 533 	 536 
i 708	 613 	 523 
i 686	 631 	 597 
i 917	 836 	 750 
i 159	 374 	 295 
i 942	 427 	 370 
i 703	 716 	 680 
i 657	 500 	 463 
i 671	 538 	 488 
i 897	 532 	 579 
i 372	 396 	 488 
i 937	 854 	 887 
i 522	 900 	 871 
i 338	 307 	 261 
i 634	 370 	 356 
i 989	 465 	 439 
i 671	 658 	 573 
i 110	 944 	 990 
i 591	 336 	 316 
i 66	 562 	 522 
i 386	 328 	 362 
i 223	 294 	 316 
i 111	 889 	 815 
i 332	 317 	 311 
i 623	 559 	 480 
i 22	 943 	 862 
i 637	 386 	 439 
i 575	 454 	 529 
i 829	 217 	 210 
i 337	 577 	 583 
i 581	 845 	 928 
i 788	 556 	 484 
i 664	 210 	 160 
i 895	 329 	 345 
i 400	 748 	 689 
i 337	 842 	 787 
i 647	 927 	 999 
i 34	 719 	 707 
i 154	 609 	 562 
i 678	 134 	 155 
i 505	 607 	 544 
i 6	 534 	 628 
i 118	 658 	 685 
i 363	 881 	 887 
i 81	 510 	 596 
i 903	 692 	 646 
i 822	 894 	 977 
i 506	 774 	 864 
i 67	 276 	 197 
i 94	 515 	 571 
i 652	 165 	 122 
i 128	 331 	 289 
i 744	 308 	 290 
i 611	 876 	 931 
i 61	 462 	 533 
i 715	 404 	 455 
i 597	 645 	 661 
i 343	 573 	 490 
i 530	 530 	 460 
i 984	 624 	 573 
i 46	 432 	 512 
i 294	 689 	 594 
i 516	 951 	 1005 
i 377	 428 	 404 
i 772	 228 	 216 
i 103	 989 	 920 
i 704	 775 	 826 
i 225	 403 	 322 
i 697	 481 	 506 
i 275	 618 	 640 
i 636	 839 	 870 
i 288	 750 	 840 
i 233	 775 	 768 
i 589	 572 	 641 
i 721	 913 	 936 
i 709	 418 	 462 
i 457	 559 	 544 
i 785	 341 	 371 
i 202	 429 	 398 
i 772	 987 	 1011 
i 591	 643 	 594 
i 311	 340 	 349 
i 58	 297 	 352 
i 577	 713 	 686 
i 479	 575 	 492 
i 825	 235 	 294 
i 330	 876 	 826 
i 589	 365 	 273 
i 947	 943 	 891 
i 933	 362 	 264 
i 533	 915 	 936 
i 790	 256 	 339 
i 1	 740 	 834 
i 678	 543 	 553 
i 201	 870 	 776 
i 342	 949 	 1020 
i 203	 769 	 705 
i 489	 996 	 1050 
i 426	 143 	 187 
i 709	 357 	 387 
i 614	 370 	 307 
i 777	 908 	 1003 
i 486	 834 	 929 
i 972	 811 	 842 
i 826	 412 	 483 
i 769	 439 	 378 
i 510	 311 	 291 
i 506	 475 	 553 
i 542	 274 	 237 
i 819	 915 	 820 
i 112	 608 	 635 
i 9	 775 	 758 
i 822	 756 	 836 
i 611	 737 	 811 
i 949	 432 	 472 
i 320	 305 	 298 
i 544	 483 	 578 
i 954	 840 	 837 
i 138	 744 	 649 
i 44	 137 	 206 
i 603	 160 	 251 
i 351	 729 	 822 
i 77	 211 	 268 
i 781	 124 	 103 
i 143	 902 	 871 
i 362	 636 	 669 
i 780	 164 	 106 
i 601	 146 	 79 
i 314	 577 	 538 
i 344	 601 	 570 
i 399	 464 	 554 
i 96	 427 	 387 
i 208	 397 	 373 
i 224	 209 	 141 
i 114	 565 	 525 
i 704	 875 	 908 
i 765	 581 	 570 
i 804	 770 	 679 
i 330	 919 	 890 
i 881	 302 	 342 
i 280	 612 	 532 
i 635	 569 	 508 
i 957	 839 	 820 
i 69	 288 	 313 
i 579	 431 	 479 
i 440	 701 	 690 
i 969	 403 	 345 
i 711	 799 	 702 
i 621	 840 	 809 
i 836	 271 	 216 
i 400	 896 	 897 
i 916	 987 	 915 
i 735	 274 	 194 
i 934	 634 	 567 
i 296	 305 	 354 
i 959	 966 	 903 
i 290	 475 	 406 
i 64	 664 	 737 
i 884	 679 	 677 
i 65	 988 	 953 
i 948	 302 	 347 
i 934	 753 	 781 
i 118	 881 	 856 
i 707	 970 	 932 
i 925	 231 	 252 
i 887	 897 	 910 
i 297	 175 	 246 
i 919	 316 	 400 
i 559	 199 	 260 
i 546	 635 	 709 
i 761	 926 	 990 
i 485	 683 	 734 
i 351	 366 	 440 
i 318	 703 	 718 
i 453	 983 	 984 
i 338	 635 	 613 
i 411	 252 	 289 
i 641	 127 	 148 
i 741	 947 	 880 
i 331	 776 	 818 
i 249	 662 	 657 
i 892	 503 	 595 
i 181	 285 	 247 
i 847	 172 	 197 
i 828	 687 	 603 
i 419	 247 	 230 
i 578	 596 	 662 
i 596	 320 	 314 
i 537	 862 	 804 
i 285	 122 	 130 
i 905	 757 	 815 
i 347	 291 	 328 
i 543	 256 	 329 
i 612	 533 	 575 
i 261	 203 	 211 
i 415	 275 	 366 
i 961	 648 	 655 
i 197	 498 	 424 
i 43	 917 	 951 
i 56	 217 	 308 
i 783	 701 	 773 
i 986	 517 	 458 
i 150	 237 	 287 
i 625	 117 	 89 
i 728	 751 	 776 
i 913	 343 	 250 
i 519	 307 	 207 
i 954	 785 	 724 
i 861	 904 	 852 
i 982	 611 	 570 
i 647	 573 	 488 
i 104	 450 	 363 
i 246	 636 	 579 
i 254	 415 	 483 
i 974	 739 	 752 
i 236	 406 	 402 
i 457	 441 	 341 
i 215	 442 	 533 
i 108	 618 	 681 
i 671	 831 	 890 
i 191	 205 	 194 
i 572	 275 	 285 
i 163	 333 	 392 
i 506	 524 	 434 
i 213	 382 	 286 
i 545	 887 	 839 
i 916	 427 	 470 
i 289	 428 	 514 
i 859	 389 	 296 
i 670	 226 	 267 
i 776	 937 	 1017 
i 961	 445 	 439 
i 211	 934 	 961 
i 676	 753 	 681 
i 980	 798 	 768 
i 854	 820 	 899 
i 210	 162 	 225 
i 567	 799 	 720 
i 880	 739 	 832 
i 11	 773 	 800 
i 940	 515 	 497 
i 317	 427 	 401 
i 243	 847 	 863 
i 965	 523 	 474 
i 738	 648 	 596 
i 536	 963 	 881 
i 594	 874 	 834 
i 369	 710 	 784 
i 76	 804 	 854 
i 821	 773 	 825 
i 277	 449 	 489 
i 632	 815 	 718 
i 461	 257 	 209 
i 924	 776 	 721 
i 529	 118 	 211 
i 489	 331 	 331 
i 348	 416 	 335 
i 23	 687 	 680 
i 802	 573 	 581 
i 547	 352 	 324 
i 927	 141 	 168 
i 720	 766 	 720 
i 884	 783 	 829 
i 633	 127 	 158 
i 641	 330 	 267 
i 889	 300 	 335 
i 233	 746 	 650 
i 881	 832 	 740 
i 401	 357 	 426 
i 672	 838 	 816 
i 707	 272 	 236 
i 444	 841 	 749 
i 200	 194 	 279 
i 219	 845 	 856 
i 465	 540 	 480 
i 678	 706 	 623 
i 394	 417 	 381 
i 206	 437 	 377 
i 483	 476 	 496 
i 302	 340 	 295 
i 483	 690 	 786 
i 305	 977 	 962 
i 398	 124 	 149 
i 225	 948 	 1017 
i 708	 556 	 518 
i 378	 734 	 832 
i 722	 814 	 790 
i 90	 212 	 229 
i 501	 393 	 307 
i 759	 931 	 905 
i 412	 289 	 360 
i 386	 275 	 207 
i 401	 655 	 666 
i 343	 325 	 381 
i 843	 189 	 187 
i 545	 467 	 540 
i 336	 459 	 477 
i 450	 800 	 835 
i 767	 435 	 371 
i 690	 499 	 586 
i 890	 831 	 801 
i 76	 704 	 751 
i 688	 847 	 774 
i 929	 455 	 451 
i 19	 262 	 227 
i 419	 698 	 771 
i 811	 581 	 522 
i 587	 217 	 248 
i 952	 822 	 806 
i 390	 982 	 904 
i 201	 929 	 829 
i 868	 352 	 267 
i 697	 118 	 171 
i 85	 241 	 280 
i 255	 669 	 712 
i 915	 958 	 885 
i 445	 843 	 932 
i 565	 137 	 143 
i 365	 719 	 716 
i 346	 206 	 281 
i 266	 307 	 222 
i 537	 311 	 400 
i 546	 382 	 410 
i 693	 176 	 221 
i 321	 797 	 893 
i 275	 545 	 624 
i 99	 665 	 633 
i 128	 617 	 698 
i 812	 202 	 156 
i 920	 634 	 657 
i 142	 524 	 600 
i 368	 593 	 577 
i 673	 545 	 638 
i 747	 227 	 259 
i 520	 873 	 969 
i 9	 857 	 808 
i 632	 765 	 735 
i 202	 181 	 177 
i 305	 987 	 945 
i 894	 341 	 284 
i 360	 891 	 862 
i 902	 788 	 832 
i 391	 273 	 252 
i 522	 244 	 173 
i 380	 831 	 864 
i 219	 814 	 848 
i 955	 153 	 114 
i 35	 468 	 469 
i 21	 897 	 959 
i 280	 270 	 311 
i 158	 461 	 374 
i 919	 778 	 871 
i 103	 533 	 504 
i 253	 887 	 963 
i 63	 128 	 79 
i 854	 719 	 714 
i 902	 429 	 415 
i 305	 701 	 694 
i 189	 263 	 260 
i 368	 985 	 1038 
i 762	 724 	 809 
i 514	 782 	 851 
i 989	 754 	 843 
i 862	 184 	 124 
i 882	 966 	 919 
i 567	 308 	 231 
i 925	 733 	 637 
i 589	 231 	 196 
i 760	 647 	 650 
i 744	 194 	 270 
i 434	 878 	 907 
i 190	 814 	 746 
i 913	 678 	 607 
i 995	 633 	 535 
i 957	 813 	 891 
i 180	 159 	 151 
i 880	 266 	 243 
i 15	 285 	 380 
i 619	 576 	 623 
i 713	 145 	 140 
i 577	 931 	 1013 
i 368	 617 	 537 
i 7	 760 	 663 
i 594	 893 	 795 
i 384	 904 	 997 
i 439	 811 	 740 
i 613	 332 	 237 
i 809	 675 	 583 
i 333	 654 	 686 
i 372	 419 	 393 
i 295	 845 	 935 
i 864	 768 	 731 
i 595	 859 	 824 
i 475	 873 	 956 
i 369	 883 	 843 
i 157	 855 	 903 
i 405	 986 	 956 
i 41	 122 	 54 
i 652	 160 	 159 
i 998	 748 	 821 
i 825	 192 	 124 
i 564	 149 	 54 
i 407	 432 	 456 
i 265	 722 	 641 
i 134	 650 	 643 
i 971	 920 	 944 
i 957	 690 	 595 
i 969	 117 	 30 
i 26	 262 	 305 
i 742	 704 	 747 
i 834	 586 	 594 
i 877	 730 	 651 
i 239	 754 	 756 
i 926	 418 	 473 
i 534	 504 	 586 
i 444	 917 	 993 
i 97	 581 	 649 
i 103	 605 	 667 
i 274	 665 	 732 
i 940	 416 	 431 
i 476	 165 	 147 
i 173	 648 	 606 
i 896	 743 	 749 
i 242	 311 	 302 
i 684	 115 	 213 
i 592	 927 	 913 
i 122	 824 	 830 
i 677	 683 	 709 
i 302	 515 	 596 
i 645	 370 	 439 
i 707	 886 	 850 
i 312	 365 	 364 
i 24	 623 	 601 
i 250	 206 	 232 
i 255	 612 	 575 
i 173	 603 	 685 
i 975	 989 	 895 
i 619	 572 	 614 
i 75	 246 	 148 
i 367	 163 	 194 
i 239	 917 	 889 
i 525	 316 	 351 
i 102	 757 	 796 
i 209	 217 	 306 
i 772	 781 	 721 
i 327	 176 	 150 
i 315	 986 	 955 
i 833	 126 	 219 
i 985	 757 	 665 
i 45	 768 	 750 
i 952	 463 	 492 
i 183	 786 	 720 
i 909	 498 	 453 
i 30	 230 	 227 
i 784	 183 	 134 
i 857	 363 	 379 
i 842	 697 	 776 
i 859	 119 	 165 
i 586	 980 	 1023 
i 325	 130 	 182 
i 721	 495 	 538 
i 482	 183 	 262 
i 916	 338 	 399 
i 51	 584 	 651 
i 133	 127 	 151 
i 417	 356 	 352 
i 77	 876 	 840 
i 86	 787 	 723 
i 65	 550 	 603 
i 86	 300 	 218 
i 518	 979 	 1041 
i 600	 727 	 686 
i 856	 638 	 580 
i 389	 468 	 420 
i 407	 325 	 304 
i 683	 879 	 941 
i 544	 417 	 495 
i 305	 703 	 798 
i 799	 865 	 773 
i 13	 658 	 583 
i 989	 741 	 769 
i 683	 576 	 525 
i 277	 839 	 759 
i 679	 139 	 137 
i 920	 373 	 452 
i 785	 725 	 741 
i 130	 559 	 484 
i 796	 462 	 448 
i 644	 440 	 386 
i 261	 476 	 424 
i 969	 589 	 535 
i 492	 273 	 356 
i 312	 491 	 429 
i 343	 581 	 655 
i 638	 129 	 187 
i 330	 928 	 943 
i 834	 556 	 597 
i 230	 669 	 669 
i 600	 163 	 92 
i 12	 368 	 349 
i 550	 584 	 559 
i 732	 791 	 865 
i 160	 716 	 652 
i 689	 888 	 892 
i 710	 774 	 706 
i 630	 590 	 588 
i 132	 215 	 180 
i 760	 843 	 854 
i 819	 402 	 333 
i 110	 533 	 466 
i 642	 896 	 939 
i 407	 343 	 333 
i 89	 228 	 250 
i 962	 389 	 349 
i 709	 856 	 758 
i 249	 111 	 139 
i 366	 549 	 603 
i 190	 840 	 846 
i 517	 446 	 416 
i 993	 586 	 578 
i 877	 736 	 656 
i 139	 485 	 486 
i 270	 886 	 905 
i 583	 540 	 552 
i 422	 806 	 759 
i 423	 816 	 819 
i 916	 497 	 573 
i 737	 295 	 209 
i 115	 768 	 786 
i 649	 192 	 208 
i 352	 602 	 594 
i 773	 693 	 712 
i 645	 257 	 330 
i 129	 789 	 779 
i 911	 399 	 473 
i 705	 638 	 597 
i 140	 210 	 152 
i 347	 996 	 1086 
i 87	 172 	 85 
i 178	 698 	 740 
i 730	 328 	 241 
i 385	 738 	 805 
i 550	 382 	 378 
i 314	 266 	 288 
i 638	 669 	 673 
i 232	 558 	 503 
i 344	 822 	 795 
i 340	 123 	 166 
i 409	 968 	 1028 
i 70	 137 	 232 
i 314	 772 	 813 
i 20	 831 	 750 
i 325	 688 	 717 
i 500	 230 	 321 
i 128	 775 	 794 
i 631	 352 	 417 
i 431	 556 	 490 
i 445	 884 	 886 
i 410	 630 	 714 
i 441	 454 	 551 
i 185	 436 	 396 
i 995	 178 	 142 
i 645	 262 	 291 
i 779	 836 	 765 
i 527	 800 	 755 
i 799	 442 	 523 
i 300	 289 	 256 
i 170	 442 	 498 
i 754	 897 	 835 
i 141	 826 	 852 
i 507	 817 	 880 
i 583	 198 	 260 
i 753	 485 	 476 
i 570	 172 	 119 
i 346	 303 	 355 
i 718	 548 	 560 
i 919	 464 	 536 
i 292	 764 	 670 
i 177	 570 	 627 
i 981	 741 	 826 
i 776	 415 	 402 
i 875	 253 	 156 
i 297	 976 	 1030 
i 366	 494 	 462 
i 583	 705 	 742 
i 76	 495 	 476 
i 473	 996 	 960 
i 208	 874 	 897 
i 725	 904 	 962 
i 435	 715 	 770 
i 778	 652 	 662 
i 938	 151 	 136 
i 912	 167 	 211 
i 344	 854 	 772 
i 12	 269 	 303 
i 444	 880 	 929 
i 440	 352 	 296 
i 299	 641 	 627 
i 191	 300 	 231 
i 871	 117 	 135 
i 481	 807 	 780 
i 526	 409 	 370 
i 590	 789 	 732 
i 427	 544 	 556 
i 605	 624 	 638 
i 471	 334 	 237 
i 742	 111 	 102 
i 339	 308 	 359 
i 552	 691 	 780 
i 559	 829 	 892 
i 342	 465 	 424 
i 678	 793 	 858 
i 441	 177 	 160 
i 928	 372 	 440 
i 505	 872 	 861 
i 756	 494 	 577 
i 756	 510 	 542 
i 978	 917 	 1016 
i 632	 701 	 711 
i 440	 654 	 576 
i 839	 493 	 483 
i 607	 760 	 686 
i 682	 605 	 619 
i 976	 976 	 975 
i 833	 837 	 737 
i 265	 346 	 398 
i 714	 274 	 277 
i 622	 862 	 861 
i 286	 862 	 787 
i 897	 463 	 476 
i 329	 561 	 542 
i 59	 963 	 866 
i 616	 190 	 229 
i 589	 698 	 732 
i 406	 252 	 253 
i 671	 256 	 310 
i 855	 933 	 930 
i 700	 504 	 425 
i 545	 946 	 924 
i 941	 171 	 129 
i 448	 677 	 700 
i 407	 150 	 185 
i 496	 164 	 122 
i 157	 784 	 860 
i 316	 494 	 451 
i 480	 944 	 1035 
i 405	 741 	 803 
i 848	 283 	 286 
i 788	 378 	 290 
i 856	 727 	 627 
i 493	 986 	 976 
i 538	 647 	 718 
i 598	 361 	 331 
i 356	 622 	 623 
i 786	 518 	 583 
i 724	 775 	 736 
i 433	 739 	 781 
i 627	 574 	 585 
i 927	 143 	 112 
i 621	 196 	 136 
i 605	 198 	 237 
i 209	 599 	 546 
i 491	 472 	 538 
i 67	 786 	 724 
i 525	 350 	 445 
i 272	 195 	 235 
i 978	 467 	 393 
i 499	 211 	 263 
i 535	 708 	 745 
i 632	 129 	 91 
i 731	 311 	 394 
i 280	 932 	 856 
i 686	 254 	 277 
i 446	 996 	 1032 
i 715	 276 	 217 
i 810	 256 	 251 
i 212	 880 	 871 
i 325	 111 	 202 
i 997	 787 	 785 
i 18	 511 	 435 
i 244	 787 	 858 
i 168	 712 	 638 
i 329	 823 	 887 
i 325	 481 	 434 
i 511	 199 	 295 
i 675	 383 	 441 
i 541	 809 	 709 
i 541	 327 	 292 
i 303	 288 	 253 
i 753	 726 	 694 
i 513	 836 	 853 
i 190	 708 	 758 
i 990	 828 	 744 
i 407	 668 	 649 
i 506	 905 	 989 
i 812	 888 	 907 
i 598	 703 	 630 
i 841	 706 	 741 
i 42	 998 	 1093 
i 734	 398 	 444 
i 550	 703 	 652 
i 222	 335 	 321 
i 29	 117 	 102 
i 656	 192 	 258 
i 550	 555 	 522 
i 425	 484 	 414 
i 92	 124 	 173 
i 761	 245 	 263 
i 759	 847 	 873 
i 83	 829 	 802 
i 749	 591 	 674 
i 3	 809 	 736 
i 10	 307 	 240 
i 101	 685 	 749 
i 601	 536 	 510 
i 21	 836 	 895 
i 37	 971 	 1048 
i 188	 748 	 778 
i 17	 384 	 366 
i 825	 946 	 944 
i 366	 383 	 331 
i 152	 309 	 257 
i 373	 432 	 382 
i 19	 581 	 552 
i 497	 424 	 515 
i 314	 756 	 851 
i 281	 576 	 478 
i 997	 478 	 418 
i 306	 167 	 110 
i 246	 532 	 440 
i 552	 971 	 952 
i 774	 298 	 310 
i 137	 515 	 601 
i 665	 741 	 831 
i 18	 168 	 157 
i 744	 129 	 181 
i 268	 998 	 906 
i 681	 121 	 29 
i 745	 300 	 269 
i 220	 494 	 512 
i 188	 532 	 460 
i 398	 895 	 978 
i 853	 505 	 415 
i 562	 445 	 488 
i 627	 402 	 449 
i 647	 801 	 797 
i 645	 590 	 639 
i 656	 628 	 614 
i 869	 664 	 599 
i 301	 972 	 950 
i 774	 610 	 626 
i 657	 738 	 834 
i 101	 665 	 731 
i 477	 713 	 692 
i 804	 464 	 368 
i 581	 231 	 264 
i 121	 659 	 621 
i 702	 437 	 531 
i 326	 819 	 887 
i 295	 975 	 903 
i 856	 437 	 520 
i 562	 955 	 969 
i 186	 937 	 971 
i 864	 789 	 718 
i 262	 252 	 342 
i 398	 271 	 278 
i 16	 866 	 897 
i 382	 257 	 228 
i 180	 231 	 267 
i 153	 979 	 1074 
i 520	 215 	 282 
i 470	 140 	 119 
i 400	 649 	 665 
i 163	 358 	 347 
i 322	 491 	 533 
i 502	 451 	 372 
i 353	 927 	 851 
i 517	 622 	 623 
i 653	 941 	 978 
i 629	 661 	 728 
i 747	 643 	 614 
i 779	 498 	 563 
i 385	 852 	 797 
i 663	 483 	 461 
i 91	 882 	 924 
i 474	 625 	 567 
i 392	 721 	 734 
i 967	 832 	 748 
i 902	 393 	 440 
i 521	 114 	 87 
i 121	 860 	 782 
i 556	 289 	 367 
i 391	 135 	 90 
i 809	 337 	 425 
i 677	 684 	 590 
i 256	 428 	 429 
i 942	 619 	 698 
i 754	 234 	 307 
i 73	 309 	 362 
i 77	 964 	 921 
i 919	 401 	 382 
i 120	 502 	 594 
i 148	 407 	 377 
i 403	 654 	 586 
i 49	 601 	 669 
i 405	 630 	 549 
i 976	 190 	 97 
i 116	 988 	 1046 
i 338	 868 	 941 
i 299	 661 	 749 
i 625	 917 	 989 
i 66	 391 	 487 
i 399	 359 	 284 
i 11	 674 	 680 
i 562	 820 	 836 
i 147	 679 	 776 
i 236	 765 	 857 
i 223	 801 	 716 
i 75	 618 	 601 
i 693	 499 	 541 
i 600	 448 	 416 
i 915	 326 	 307 
i 195	 310 	 370 
i 828	 426 	 489 
i 627	 899 	 874 
i 267	 526 	 530 
i 3	 514 	 565 
i 779	 481 	 577 
i 350	 551 	 462 
i 786	 921 	 971 
i 167	 668 	 638 
i 409	 970 	 923 
i 633	 442 	 434 
i 987	 269 	 226 
i 874	 994 	 1077 
i 343	 441 	 377 
i 796	 907 	 844 
i 214	 693 	 785 
i 709	 678 	 640 
i 621	 728 	 648 
i 248	 506 	 459 
i 216	 818 	 853 
i 588	 165 	 126 
i 766	 574 	 533 
i 759	 831 	 765 
i 131	 756 	 758 
i 27	 919 	 881 
i 682	 195 	 199 
i 320	 163 	 109 
i 16	 443 	 513 
i 460	 532 	 452 
i 256	 769 	 732 
i 317	 481 	 561 
i 838	 756 	 790 
i 648	 130 	 116 
i 375	 282 	 294 
i 285	 739 	 756 
i 379	 126 	 80 
i 439	 591 	 609 
i 812	 798 	 819 
i 287	 667 	 580 
i 28	 757 	 721 
i 444	 150 	 177 
i 170	 954 	 949 
i 193	 661 	 585 
i 386	 155 	 154 
i 93	 655 	 711 
i 110	 288 	 220 
i 650	 528 	 548 
i 423	 164 	 146 
i 50	 702 	 741 
i 777	 760 	 805 
i 821	 156 	 90 
i 769	 723 	 691 
i 390	 256 	 262 
i 440	 366 	 449 
i 52	 810 	 712 
i 252	 617 	 541 
i 722	 761 	 815 
i 782	 406 	 345 
i 448	 774 	 723 
i 179	 507 	 411 
i 230	 264 	 332 
i 918	 416 	 438 
i 83	 720 	 620 
i 370	 306 	 294 
i 157	 234 	 232 
i 726	 245 	 294 
i 459	 353 	 346 
i 791	 150 	 100 
i 537	 324 	 363 
i 983	 542 	 617 
i 156	 562 	 483 
i 500	 423 	 327 
i 186	 967 	 888 
i 405	 970 	 965 
i 544	 474 	 500 
i 695	 914 	 885 
i 967	 688 	 751 
i 13	 216 	 238 
i 253	 439 	 368 
i 738	 172 	 98 
i 247	 951 	 908 
i 597	 157 	 214 
i 561	 179 	 273 
i 528	 274 	 249 
i 936	 698 	 782 
i 840	 372 	 395 
i 490	 692 	 708 
i 609	 531 	 550 
i 979	 184 	 253 
i 48	 315 	 332 
i 993	 432 	 498 
i 47	 686 	 672 
i 124	 496 	 594 
i 307	 471 	 475 
i 967	 806 	 797 
i 262	 735 	 694 
i 915	 394 	 451 
i 389	 913 	 892 
i 471	 554 	 529 
i 702	 420 	 404 
i 63	 943 	 926 
i 710	 796 	 788 
i 144	 291 	 308 
i 549	 285 	 363 
i 332	 749 	 821 
i 35	 267 	 191 
i 353	 532 	 439 
i 256	 343 	 328 
i 754	 696 	 775 
i 103	 142 	 162 
i 39	 519 	 551 
i 810	 890 	 864 
i 14	 413 	 416 
i 210	 935 	 848 
i 927	 841 	 820 
i 104	 718 	 704 
i 577	 828 	 885 
i 839	 864 	 772 
i 498	 355 	 414 
i 533	 266 	 345 
i 992	 801 	 888 
i 869	 502 	 551 
i 210	 836 	 888 
i 138	 408 	 502 
i 959	 469 	 548 
i 643	 825 	 725 
i 450	 322 	 338 
i 298	 133 	 117 
i 573	 171 	 254 
i 747	 879 	 869 
i 524	 790 	 778 
i 965	 735 	 697 
i 781	 512 	 516 
i 116	 300 	 332 
i 519	 275 	 298 
i 323	 185 	 137 
i 560	 188 	 230 
i 585	 704 	 606 
i 653	 189 	 205 
i 518	 117 	 83 
i 282	 518 	 588 
i 985	 914 	 977 
i 436	 304 	 324 
i 649	 769 	 812 
i 833	 468 	 415 
i 917	 130 	 141 
i 6	 363 	 286 
i 673	 997 	 1037 
i 761	 117 	 88 
i 768	 635 	 709 
i 228	 929 	 860 
i 131	 800 	 728 
i 348	 640 	 655 
i 89	 285 	 230 
i 490	 922 	 833 
i 512	 243 	 338 
i 796	 739 	 835 
i 793	 844 	 875 
i 800	 580 	 563 
i 391	 896 	 833 
i 312	 784 	 766 
i 88	 922 	 930 
i 683	 158 	 236 
i 879	 671 	 767 
i 792	 872 	 866 
i 941	 925 	 1021 
i 648	 906 	 961 
i 474	 891 	 905 
i 2	 585 	 559 
i 885	 957 	 1009 
i 643	 233 	 148 
i 556	 601 	 533 
i 609	 196 	 265 
i 240	 989 	 1033 
i 97	 972 	 975 
i 14	 503 	 494 
i 907	 488 	 409 
i 785	 292 	 308 
i 319	 801 	 817 
i 271	 244 	 237 
i 409	 923 	 845 
i 960	 990 	 1023 
i 57	 246 	 201 
i 45	 997 	 1000 
i 15	 753 	 775 
i 455	 323 	 348 
i 880	 731 	 737 
i 85	 826 	 789 
i 861	 453 	 480 
i 12	 971 	 1052 
i 925	 498 	 461 
i 914	 597 	 552 
i 67	 300 	 266 
i 64	 545 	 520 
i 786	 115 	 93 
i 26	 659 	 728 
i 723	 325 	 370 
i 528	 799 	 860 
i 914	 192 	 226 
i 882	 758 	 794 
i 319	 675 	 696 
i 865	 956 	 960 
i 79	 312 	 329 
i 568	 606 	 636 
i 573	 941 	 928 
i 190	 399 	 391 
i 431	 261 	 198 
i 206	 906 	 949 
i 297	 737 	 762 
i 26	 444 	 446 
i 660	 161 	 227 
i 611	 700 	 739 
i 837	 275 	 329 
i 395	 797 	 765 
i 329	 487 	 570 
i 653	 877 	 797 
i 822	 399 	 406 
i 717	 565 	 613 
i 422	 312 	 219 
i 797	 871 	 783 
i 853	 437 	 481 
i 517	 286 	 253 
i 701	 905 	 839 
i 474	 704 	 717 
i 898	 120 	 199 
i 759	 933 	 943 
i 85	 137 	 111 
i 596	 613 	 531 
i 823	 383 	 385 
i 679	 417 	 378 
i 47	 473 	 405 
i 244	 228 	 264 
i 137	 526 	 502 
i 804	 679 	 750 
i 814	 295 	 345 
i 740	 203 	 205 
i 770	 692 	 711 
i 336	 135 	 73 
i 642	 215 	 118 
i 986	 671 	 710 
i 394	 946 	 994 
i 526	 203 	 300 
i 992	 808 	 732 
i 633	 258 	 343 
i 840	 130 	 178 
i 944	 801 	 797 
i 599	 368 	 318 
i 626	 900 	 917 
i 744	 184 	 129 
i 375	 199 	 142 
i 315	 818 	 839 
i 418	 588 	 515 
i 203	 576 	 501 
i 369	 685 	 737 
i 391	 620 	 640 
i 167	 391 	 400 
i 457	 820 	 748 
i 345	 155 	 209 
i 427	 678 	 681 
i 526	 882 	 960 
i 322	 184 	 124 
i 859	 726 	 750 
i 383	 846 	 911 
i 29	 960 	 898 
i 602	 747 	 763 
i 917	 392 	 442 
i 715	 877 	 818 
i 765	 117 	 127 
i 403	 803 	 899 
i 271	 372 	 373 
i 353	 275 	 340 
i 46	 457 	 494 
i 873	 122 	 36 
i 829	 856 	 775 
i 545	 139 	 179 
i 862	 659 	 682 
i 725	 438 	 404 
i 732	 624 	 543 
i 512	 227 	 227 
i 806	 210 	 264 
i 990	 660 	 584 
i 380	 508 	 442 
i 393	 231 	 139 
i 231	 293 	 367 
i 263	 381 	 364 
i 879	 115 	 70 
i 249	 664 	 564 
i 826	 960 	 1007 
i 957	 158 	 107 
i 70	 603 	 514 
i 688	 399 	 308 
i 136	 510 	 495 
i 271	 661 	 724 
i 477	 699 	 608 
i 781	 586 	 548 
i 786	 957 	 895 
i 409	 317 	 305 
i 365	 321 	 274 
i 418	 977 	 921 
i 972	 309 	 267 
i 297	 358 	 454 
i 745	 399 	 322 
i 365	 777 	 754 
i 28	 615 	 687 
i 562	 659 	 688 
i 514	 936 	 922 
i 746	 217 	 285 
i 983	 609 	 550 
i 957	 846 	 870 
i 181	 156 	 175 
i 460	 417 	 495 
i 783	 401 	 428 
i 533	 505 	 405 
i 102	 850 	 755 
i 718	 729 	 747 
i 647	 414 	 335 
i 766	 797 	 867 
i 327	 656 	 723 
i 155	 838 	 896 
i 206	 504 	 598 
i 551	 144 	 130 
i 877	 937 	 880 
i 322	 615 	 665 
i 153	 618 	 688 
i 848	 644 	 658 
i 190	 281 	 224 
i 962	 375 	 471 
i 576	 243 	 205 
i 395	 986 	 979 
i 836	 802 	 836 
i 874	 780 	 724 
i 804	 276 	 195 
i 372	 470 	 454 
i 942	 249 	 263 
i 542	 118 	 102 
i 734	 625 	 647 
i 32	 819 	 834 
i 181	 805 	 735 
i 166	 193 	 202 
i 944	 607 	 583 
i 697	 314 	 265 
i 883	 512 	 424 
i 288	 601 	 587 
i 443	 975 	 950 
i 451	 597 	 680 
i 31	 973 	 1003 
i 827	 629 	 665 
i 608	 252 	 324 
i 700	 387 	 292 
i 258	 873 	 967 
i 487	 325 	 359 
i 938	 553 	 563 
i 490	 608 	 676 
i 463	 994 	 951 
i 10	 439 	 486 
i 980	 366 	 419 
i 564	 945 	 963 
i 723	 664 	 604 
i 35	 543 	 623 
i 892	 569 	 500 
i 133	 546 	 575 
i 631	 254 	 271 
i 191	 746 	 661 
i 185	 606 	 613 
i 553	 859 	 868 
i 840	 625 	 630 
i 779	 417 	 335 
i 402	 945 	 1008 
i 887	 235 	 305 
i 404	 147 	 195 
i 893	 289 	 364 
i 55	 864 	 865 
i 769	 496 	 535 
i 327	 563 	 639 
i 169	 153 	 140 
i 747	 641 	 596 
i 93	 222 	 133 
i 31	 304 	 295 
i 170	 141 	 110 
i 211	 898 	 947 
i 411	 669 	 697 
i 259	 560 	 599 
i 692	 122 	 115 
i 201	 743 	 801 
i 249	 639 	 731 
i 845	 138 	 179 
i 970	 385 	 445 
i 189	 435 	 501 
i 223	 842 	 742 
i 109	 261 	 203 
i 737	 927 	 951 
i 242	 609 	 685 
i 255	 339 	 353 
i 966	 754 	 809 
i 561	 570 	 474 
i 593	 536 	 609 
i 901	 277 	 345 
i 267	 989 	 894 
i 90	 840 	 790 
i 259	 841 	 812 
i 177	 141 	 60 
i 736	 695 	 662 
i 994	 590 	 608 
i 718	 212 	 224 
i 235	 901 	 825 
i 713	 923 	 965 
i 900	 807 	 830 
i 889	 665 	 741 
i 709	 690 	 784 
i 531	 914 	 860 
i 565	 344 	 325 
i 222	 430 	 358 
i 762	 731 	 658 
i 875	 370 	 441 
i 765	 868 	 786 
i 679	 976 	 1036 
i 462	 722 	 762 
i 86	 381 	 399 
i 737	 277 	 237 
i 641	 252 	 318 
i 903	 457 	 436 
i 264	 819 	 843 
i 961	 946 	 922 
i 253	 179 	 130 
i 105	 940 	 844 
i 79	 131 	 171 
i 767	 845 	 777 
i 72	 582 	 532 
i 259	 221 	 318 
i 418	 490 	 515 
i 808	 343 	 349 
i 605	 697 	 756 
i 545	 360 	 411 
i 622	 700 	 602 
i 555	 930 	 853 
i 578	 951 	 889 
i 405	 687 	 779 
i 935	 833 	 739 
i 60	 167 	 125 
i 487	 156 	 198 
i 747	 715 	 718 
i 408	 300 	 224 
i 688	 118 	 151 
i 352	 792 	 750 
i 274	 801 	 870 
i 220	 904 	 888 
i 868	 188 	 253 
i 681	 153 	 205 
i 745	 183 	 247 
i 796	 443 	 405 
i 477	 185 	 96 
i 689	 646 	 639 
i 698	 756 	 686 
i 465	 460 	 461 
i 242	 718 	 774 
i 135	 581 	 481 
i 221	 958 	 1031 
i 270	 806 	 816 
i 351	 596 	 555 
i 725	 440 	 358 
i 809	 716 	 729 
i 412	 768 	 719 
i 138	 293 	 384 
i 531	 430 	 414 
i 215	 881 	 913 
i 743	 686 	 745 
i 697	 686 	 589 
i 479	 570 	 527 
i 26	 170 	 197 
i 396	 433 	 405 
i 77	 515 	 449 
i 816	 131 	 147 
i 22	 361 	 405 
i 381	 322 	 272 
i 248	 697 	 690 
i 894	 398 	 340 
i 543	 218 	 299 
i 60	 235 	 212 
i 127	 492 	 474 
i 490	 172 	 233 
i 944	 496 	 572 
i 967	 650 	 690 
i 249	 281 	 325 
i 487	 923 	 843 
i 147	 258 	 228 
i 470	 674 	 623 
i 591	 861 	 918 
i 732	 779 	 848 
i 161	 234 	 328 
i 230	 600 	 592 
i 662	 429 	 410 
i 269	 326 	 301 
i 461	 949 	 973 
i 375	 702 	 624 
i 541	 794 	 745 
i 175	 217 	 262 
i 19	 435 	 398 
i 771	 247 	 157 
i 909	 111 	 53 
i 460	 978 	 966 
i 818	 502 	 422 
i 62	 865 	 839 
i 5	 310 	 376 
i 670	 865 	 806 
i 438	 964 	 1013 
i 557	 304 	 388 
i 922	 950 	 1038 
i 76	 344 	 386 
i 77	 389 	 413 
i 52	 577 	 493 
i 492	 968 	 1048 
i 341	 171 	 263 
i 565	 502 	 595 
i 415	 354 	 381 
i 375	 538 	 453 
i 592	 315 	 341 
i 536	 246 	 257 
i 799	 194 	 220 
i 113	 828 	 869 
i 637	 492 	 543 
i 602	 566 	 516 
i 670	 479 	 497 
i 111	 445 	 376 
i 384	 416 	 430 
i 865	 983 	 1072 
i 95	 161 	 168 
i 247	 723 	 638 
i 341	 328 	 402 
i 149	 888 	 985 
i 578	 628 	 653 
i 91	 413 	 358 
i 504	 637 	 716 
i 881	 274 	 175 
i 225	 414 	 392 
i 207	 923 	 874 
i 263	 875 	 845 
i 951	 465 	 484 
i 196	 532 	 619 
i 71	 421 	 338 
i 652	 410 	 443 
i 992	 965 	 1016 
i 585	 278 	 230 
i 768	 187 	 115 
i 110	 194 	 167 
i 24	 542 	 556 
i 883	 770 	 837 
i 283	 193 	 250 
i 756	 724 	 820 
i 105	 669 	 579 
i 441	 747 	 787 
i 403	 449 	 488 
i 591	 232 	 188 
i 677	 463 	 373 
i 770	 589 	 521 
i 256	 914 	 850 
i 997	 534 	 447 
i 90	 388 	 358 
i 779	 198 	 119 
i 408	 183 	 125 
i 124	 230 	 260 
i 505	 856 	 767 
i 641	 588 	 617 
i 38	 839 	 803 
i 576	 884 	 803 
i 480	 139 	 109 
i 956	 303 	 272 
i 269	 363 	 350 
i 367	 675 	 618 
i 448	 770 	 795 
i 582	 958 	 1007 
i 421	 649 	 599 
i 957	 699 	 778 
i 776	 385 	 471 
i 647	 674 	 675 
i 679	 759 	 856 
i 895	 182 	 271 
i 180	 491 	 433 
i 814	 880 	 896 
i 555	 185 	 90 
i 508	 740 	 762 
i 115	 518 	 424 
i 776	 744 	 841 
i 86	 651 	 704 
i 719	 592 	 574 
i 448	 155 	 73 
i 528	 145 	 242 
i 956	 986 	 919 
i 822	 286 	 381 
i 906	 802 	 809 
i 615	 827 	 735 
i 73	 481 	 412 
i 784	 508 	 594 
i 393	 498 	 402 
i 933	 289 	 336 
i 984	 655 	 592 
i 24	 736 	 779 
i 8	 724 	 758 
i 206	 871 	 870 
i 983	 853 	 833 
i 790	 440 	 343 
i 207	 479 	 396 
i 654	 619 	 693 
i 90	 561 	 514 
i 291	 579 	 518 
i 903	 348 	 284 
i 608	 515 	 456 
i 298	 262 	 204 
i 155	 860 	 844 
i 989	 411 	 391 
i 361	 768 	 706 
i 775	 783 	 763 
i 348	 861 	 772 
i 854	 749 	 678 
i 382	 985 	 972 
i 649	 273 	 241 
i 104	 436 	 525 
i 274	 620 	 569 
i 117	 811 	 791 
i 456	 296 	 274 
i 196	 655 	 705 
i 951	 828 	 833 
i 796	 296 	 370 
i 514	 346 	 391 
i 497	 476 	 398 
i 680	 864 	 915 
i 47	 278 	 350 
i 620	 232 	 159 
i 408	 451 	 401 
i 617	 807 	 848 
i 230	 265 	 345 
i 38	 933 	 1004 
i 247	 512 	 542 
i 512	 399 	 332 
i 922	 158 	 190 
i 770	 256 	 224 
i 958	 931 	 908 
i 95	 809 	 710 
i 477	 930 	 913 
i 261	 267 	 173 
i 435	 897 	 849 
i 360	 812 	 772 
i 811	 684 	 693 
i 137	 374 	 285 
i 190	 521 	 617 
i 354	 221 	 271 
i 277	 525 	 567 
i 63	 871 	 932 
i 984	 878 	 834 
i 161	 360 	 368 
i 45	 390 	 485 
i 834	 625 	 592 
i 479	 893 	 822 
i 775	 491 	 448 
i 237	 544 	 539 
i 361	 528 	 593 
i 827	 308 	 229 
i 682	 940 	 873 
i 546	 767 	 697 
i 827	 129 	 91 
i 142	 613 	 584 
i 720	 593 	 531 
i 600	 894 	 928 
i 29	 138 	 127 
i 516	 392 	 428 
i 985	 814 	 722 
i 208	 662 	 736 
i 141	 756 	 766 
i 879	 905 	 825 
i 900	 152 	 237 
i 466	 430 	 343 
i 9	 748 	 806 
i 890	 918 	 896 
i 921	 626 	 609 
i 238	 133 	 219 
i 30	 741 	 824 
i 650	 781 	 706 
i 376	 667 	 620 
i 270	 272 	 201 
i 316	 362 	 271 
i 675	 298 	 300 
i 392	 360 	 364 
i 300	 173 	 155 
i 879	 520 	 486 
i 905	 892 	 906 
i 614	 833 	 853 
i 369	 761 	 711 
i 995	 874 	 899 
i 177	 224 	 303 
i 459	 355 	 297 
i 670	 398 	 475 
i 950	 855 	 811 
i 21	 431 	 447 
i 482	 798 	 790 
i 360	 206 	 179 
i 173	 714 	 809 
i 905	 359 	 328 
i 764	 582 	 550 
i 892	 251 	 255 
i 168	 160 	 255 
i 491	 350 	 379 
i 329	 251 	 270 
i 689	 500 	 524 
i 463	 127 	 47 
i 570	 536 	 528 
i 248	 861 	 888 
i 528	 843 	 851 
i 59	 264 	 224 
i 217	 569 	 508 
i 273	 143 	 115 
i 542	 125 	 196 
i 699	 702 	 638 
i 138	 347 	 421 
i 156	 898 	 865 
i 634	 989 	 1070 
i 478	 511 	 441 
i 302	 187 	 223 
i 474	 668 	 716 
i 990	 939 	 1030 
i 28	 225 	 171 
i 44	 549 	 603 
i 709	 421 	 415 
i 974	 585 	 607 
i 860	 473 	 526 
i 849	 772 	 752 
i 300	 689 	 764 
i 387	 827 	 763 
i 14	 544 	 575 
i 946	 314 	 343 
i 76	 277 	 311 
i 569	 483 	 526 
i 917	 281 	 266 
i 452	 701 	 680 
i 859	 354 	 306 
i 604	 147 	 68 
i 255	 503 	 485 
i 61	 396 	 455 
i 549	 557 	 619 
i 778	 250 	 301 
i 965	 824 	 890 
i 384	 533 	 513 
i 575	 281 	 244 
i 240	 659 	 713 
i 514	 125 	 150 
i 554	 357 	 303 
i 995	 455 	 452 
i 317	 820 	 829 
i 818	 639 	 558 
i 975	 471 	 546 
i 778	 255 	 323 
i 255	 995 	 940 
i 446	 462 	 522 
i 63	 746 	 654 
i 80	 542 	 552 
i 357	 212 	 133 
i 744	 420 	 340 
i 542	 855 	 839 
i 138	 454 	 401 
i 543	 541 	 484 
i 705	 431 	 529 
i 700	 289 	 238 
i 97	 490 	 528 
i 811	 313 	 364 
i 296	 348 	 415 
i 410	 841 	 779 
i 758	 937 	 1024 
i 595	 141 	 137 
i 981	 515 	 538 
i 466	 729 	 661 
i 826	 920 	 993 
i 28	 915 	 928 
i 454	 247 	 279 
i 681	 864 	 858 
i 948	 648 	 702 
i 770	 504 	 440 
i 700	 677 	 764 
i 734	 623 	 629 
i 190	 162 	 165 
i 885	 712 	 808 
i 796	 856 	 917 
i 700	 738 	 804 
i 854	 353 	 310 
i 701	 943 	 1036 
i 307	 477 	 560 
i 749	 272 	 309 
i 386	 433 	 410 
i 961	 379 	 303 
i 20	 854 	 816 
i 696	 424 	 363 
i 534	 407 	 505 
i 239	 236 	 275 
i 512	 979 	 988 
i 449	 346 	 296 
i 861	 320 	 331 
i 44	 247 	 208 
i 406	 860 	 898 
i 708	 317 	 347 
i 544	 427 	 461 
i 896	 706 	 679 
i 230	 882 	 962 
i 372	 878 	 806 
i 349	 607 	 637 
i 614	 206 	 126 
i 849	 429 	 521 
i 4	 925 	 826 
i 846	 308 	 290 
i 79	 923 	 847 
i 434	 614 	 646 
i 104	 323 	 335 
i 971	 650 	 708 
i 835	 563 	 495 
i 394	 689 	 691 
i 501	 381 	 306 
i 859	 472 	 566 
i 775	 440 	 535 
i 997	 447 	 511 
i 911	 814 	 894 
i 478	 921 	 888 
i 717	 623 	 610 
i 324	 233 	 215 
i 833	 936 	 885 
i 484	 192 	 219 
i 789	 647 	 575 
i 196	 758 	 658 
i 567	 736 	 791 
i 945	 716 	 770 
i 736	 558 	 594 
i 648	 471 	 403 
i 225	 769 	 844 
i 363	 270 	 210 
i 292	 635 	 542 
i 384	 854 	 858 
i 987	 533 	 494 
i 716	 658 	 659 
i 420	 658 	 572 
i 101	 458 	 361 
i 604	 256 	 306 
i 10	 865 	 845 
i 750	 119 	 144 
i 930	 900 	 997 
i 520	 192 	 148 
i 356	 224 	 257 
i 831	 687 	 717 
i 447	 962 	 936 
i 62	 523 	 581 
i 453	 587 	 665 
i 617	 603 	 602 
i 466	 384 	 384 
i 476	 741 	 692 
i 364	 410 	 347 
i 455	 400 	 441 
i 583	 651 	 563 
i 231	 354 	 432 
i 190	 935 	 902 
i 653	 375 	 355 
i 190	 189 	 260 
i 743	 981 	 975 
i 51	 532 	 619 
i 760	 980 	 962 
i 97	 318 	 373 
i 423	 483 	 429 
i 31	 221 	 284 
i 305	 277 	 186 
i 233	 182 	 129 
i 530	 484 	 561 
i 618	 842 	 757 
i 597	 713 	 777 
i 71	 244 	 318 
i 50	 189 	 215 
i 283	 557 	 602 
i 702	 359 	 289 
i 827	 566 	 502 
i 15	 402 	 399 
i 95	 444 	 488 
i 515	 654 	 604 
i 337	 555 	 628 
i 15	 624 	 617 
i 165	 466 	 473 
i 253	 352 	 369 
i 754	 915 	 988 
i 35	 675 	 689 
i 546	 810 	 789 
i 874	 973 	 955 
i 250	 519 	 520 
i 860	 270 	 174 
i 361	 493 	 464 
i 938	 376 	 350 
i 338	 791 	 798 
i 610	 379 	 437 
i 515	 900 	 909 
i 150	 784 	 799 
i 936	 404 	 329 
i 907	 759 	 659 
i 366	 237 	 186 
i 546	 689 	 611 
i 976	 708 	 702 
i 276	 139 	 120 
i 41	 471 	 520 
i 343	 950 	 921 
i 231	 764 	 838 
i 988	 359 	 263 
i 319	 874 	 965 
i 48	 986 	 1059 
i 191	 986 	 932 
i 840	 319 	 374 
i 513	 418 	 468 
i 545	 836 	 741 
i 950	 311 	 225 
i 894	 975 	 957 
i 629	 404 	 432 
i 908	 291 	 317 
i 767	 311 	 401 
i 752	 274 	 373 
i 737	 155 	 92 
i 972	 361 	 266 
i 318	 164 	 172 
i 135	 834 	 751 
i 360	 861 	 768 
i 333	 923 	 1009 
i 663	 401 	 413 
i 866	 973 	 967 
i 92	 646 	 593 
i 276	 602 	 700 
i 326	 601 	 646 
i 608	 768 	 808 
i 668	 794 	 697 
i 482	 388 	 318 
i 326	 465 	 467 
i 240	 499 	 567 
i 566	 439 	 440 
i 536	 938 	 912 
i 138	 467 	 460 
i 690	 679 	 727 
i 242	 670 	 583 
i 982	 429 	 464 
i 751	 162 	 130 
i 64	 179 	 244 
i 462	 315 	 245 
i 899	 770 	 748 
i 269	 632 	 723 
i 200	 195 	 193 
i 601	 528 	 554 
i 240	 943 	 907 
i 870	 715 	 727 
i 228	 775 	 784 
i 287	 488 	 447 
i 364	 793 	 765 
i 593	 639 	 703 
i 335	 774 	 818 
i 922	 233 	 331 
i 18	 195 	 133 
i 487	 634 	 692 
i 424	 307 	 213 
i 104	 593 	 673 
i 852	 206 	 131 
i 276	 692 	 675 
i 45	 956 	 1011 
i 638	 388 	 362 
i 385	 231 	 272 
i 522	 873 	 898 
i 618	 865 	 894 
i 208	 145 	 71 
i 428	 849 	 860 
i 971	 877 	 909 
i 79	 790 	 792 
i 733	 905 	 963 
i 684	 386 	 452 
i 996	 190 	 184 
i 133	 521 	 592 
i 990	 261 	 237 
i 839	 820 	 919 
i 878	 507 	 448 
i 709	 626 	 652 
i 571	 233 	 254 
i 336	 822 	 858 
i 229	 391 	 374 
i 538	 204 	 124 
i 627	 946 	 865 
i 89	 478 	 424 
i 258	 351 	 295 
i 57	 689 	 601 
i 502	 688 	 775 
i 82	 871 	 900 
i 220	 545 	 488 
i 21	 194 	 204 
i 336	 803 	 859 
i 441	 285 	 249 
i 382	 376 	 465 
i 794	 463 	 370 
i 66	 668 	 627 
i 717	 865 	 835 
i 366	 919 	 990 
i 221	 864 	 951 
i 710	 551 	 482 
i 804	 747 	 682 
i 584	 351 	 353 
i 780	 159 	 250 
i 79	 445 	 412 
i 475	 401 	 327 
i 103	 435 	 374 
i 951	 699 	 781 
i 860	 124 	 80 
i 708	 885 	 885 
i 204	 829 	 771 
i 919	 969 	 872 
i 190	 238 	 257 
i 244	 695 	 670 
i 620	 656 	 647 
i 946	 955 	 1041 
i 312	 183 	 90 
i 973	 359 	 456 
i 988	 282 	 351 
i 859	 531 	 541 
i 667	 977 	 1028 
i 632	 276 	 311 
i 776	 290 	 363 
i 434	 823 	 744 
i 48	 272 	 317 
i 997	 679 	 714 
i 80	 620 	 717 
i 359	 651 	 743 
i 552	 639 	 728 
i 25	 502 	 563 
i 999	 994 	 988 
i 186	 779 	 700 
i 387	 491 	 567 
i 189	 372 	 335 
i 371	 470 	 443 
i 11	 230 	 202 
i 583	 831 	 819 
i 191	 820 	 880 
i 785	 785 	 755 
i 225	 739 	 714 
i 220	 569 	 544 
i 971	 991 	 1003 
i 400	 197 	 286 
i 694	 983 	 910 
i 99	 376 	 377 
i 233	 701 	 704 
i 44	 135 	 55 
i 841	 528 	 486 
i 600	 351 	 266 
i 308	 665 	 625 
i 822	 112 	 116 
i 813	 447 	 445 
i 911	 947 	 1025 
i 892	 902 	 919 
i 192	 136 	 173 
i 855	 588 	 671 
i 882	 161 	 253 
i 352	 252 	 312 
i 623	 512 	 492 
i 247	 581 	 623 
i 249	 850 	 856 
i 627	 425 	 394 
i 568	 864 	 815 
i 458	 769 	 699 
i 486	 402 	 370 
i 24	 123 	 62 
i 80	 940 	 855 
i 239	 907 	 893 
i 690	 733 	 643 
i 220	 204 	 164 
i 52	 837 	 847 
i 406	 423 	 358 
i 253	 732 	 781 
i 993	 961 	 901 
i 321	 206 	 243 
i 335	 510 	 552 
i 269	 686 	 744 
i 165	 757 	 663 
i 865	 251 	 295 
i 970	 300 	 388 
i 787	 569 	 667 
i 139	 169 	 148 
i 837	 327 	 357 
i 794	 990 	 1018 
i 901	 281 	 374 
i 352	 894 	 854 
i 998	 638 	 651 
i 725	 453 	 499 
i 884	 481 	 500 
i 98	 234 	 248 
i 612	 181 	 152 
i 678	 175 	 174 
i 921	 529 	 495 
i 910	 219 	 144 
i 103	 792 	 697 
i 983	 762 	 738 
i 576	 141 	 116 
i 962	 647 	 567 
i 379	 411 	 508 
i 518	 945 	 862 
i 597	 563 	 602 
i 669	 881 	 856 
i 141	 433 	 392 
i 263	 728 	 669 
i 30	 841 	 803 
i 762	 867 	 825 
i 796	 316 	 390 
i 400	 652 	 718 
i 738	 745 	 687 
i 676	 735 	 780 
i 185	 811 	 776 
i 52	 543 	 642 
i 414	 878 	 805 
i 109	 254 	 233 
i 930	 439 	 424 
i 781	 716 	 654 
i 12	 978 	 1075 
i 621	 863 	 840 
i 336	 714 	 638 
i 39	 902 	 962 
i 826	 661 	 758 
i 313	 951 	 858 
i 176	 948 	 938 
i 337	 180 	 192 
i 707	 534 	 532 
i 388	 915 	 869 
i 364	 195 	 151 
i 210	 183 	 264 
i 887	 527 	 475 
i 778	 638 	 593 
i 397	 461 	 382 
i 343	 449 	 432 
i 285	 483 	 501 
i 362	 884 	 970 
i 839	 493 	 520 
i 743	 929 	 834 
i 838	 282 	 259 
i 919	 535 	 554 
i 388	 451 	 448 
i 980	 665 	 617 
i 375	 914 	 946 
i 756	 118 	 18 
i 175	 490 	 447 
i 45	 129 	 159 
i 474	 956 	 953 
i 395	 633 	 579 
i 588	 655 	 569 
i 66	 112 	 210 
i 448	 643 	 618 
i 72	 186 	 157 
i 975	 420 	 466 
i 984	 119 	 116 
i 411	 122 	 154 
i 431	 378 	 419 
i 382	 957 	 893 
i 969	 503 	 518 
i 582	 710 	 643 
i 584	 773 	 719 
i 183	 764 	 799 
i 268	 211 	 261 
i 616	 530 	 575 
i 625	 293 	 335 
i 638	 728 	 652 
i 939	 430 	 440 
i 891	 170 	 256 
i 333	 332 	 412 
i 7	 846 	 843 
i 751	 994 	 907 
i 486	 310 	 260 
i 599	 914 	 918 
i 71	 693 	 620 
i 277	 450 	 502 
i 971	 193 	 172 
i 331	 301 	 268 
i 398	 792 	 737 
i 647	 733 	 745 
i 475	 648 	 661 
i 468	 191 	 154 
i 693	 254 	 315 
i 597	 478 	 459 
i 252	 941 	 936 
i 634	 172 	 222 
i 726	 849 	 893 
i 940	 315 	 225 
i 706	 616 	 606 
i 407	 820 	 739 
i 13	 431 	 445 
i 104	 937 	 845 
i 264	 332 	 378 
i 678	 160 	 126 
i 611	 520 	 536 
i 681	 944 	 887 
i 512	 724 	 812 
i 741	 478 	 554 
i 310	 527 	 545 
i 109	 929 	 1028 
i 469	 128 	 30 
i 399	 638 	 560 
i 648	 676 	 651 
i 703	 440 	 351 
i 165	 735 	 768 
i 102	 365 	 334 
i 791	 559 	 631 
i 205	 510 	 530 
i 673	 407 	 489 
i 593	 933 	 836 
i 613	 932 	 929 
i 207	 942 	 1019 
i 841	 155 	 162 
i 213	 492 	 439 
i 914	 542 	 522 
i 201	 247 	 247 
i 705	 557 	 516 
i 154	 433 	 433 
i 488	 968 	 902 
i 414	 890 	 943 
i 338	 907 	 883 
i 274	 453 	 470 
i 324	 353 	 338 
i 752	 829 	 857 
i 238	 152 	 163 
i 391	 511 	 562 
i 892	 960 	 952 
i 256	 334 	 357 
i 221	 780 	 700 
i 97	 934 	 937 
i 993	 728 	 799 
i 378	 177 	 102 
i 651	 698 	 688 
i 459	 190 	 131 
i 505	 760 	 748 
i 955	 364 	 430 
i 911	 147 	 192 
i 163	 557 	 653 
i 915	 215 	 155 
i 842	 306 	 265 
i 536	 766 	 724 
i 611	 637 	 671 
i 273	 752 	 716 
i 362	 266 	 322 
i 93	 449 	 406 
i 378	 843 	 791 
i 420	 696 	 626 
i 921	 453 	 416 
i 40	 438 	 384 
i 260	 618 	 532 
i 997	 884 	 905 
i 589	 255 	 198 
i 311	 852 	 850 
i 486	 249 	 319 
i 866	 942 	 1031 
i 691	 307 	 272 
i 349	 522 	 570 
i 735	 658 	 691 
i 103	 938 	 979 
i 673	 254 	 347 
i 544	 318 	 410 
i 707	 859 	 869 
i 541	 165 	 237 
i 696	 603 	 572 
i 632	 473 	 416 
i 853	 426 	 507 
i 317	 715 	 666 
i 932	 488 	 586 
i 863	 192 	 110 
i 25	 819 	 872 
i 259	 789 	 751 
i 101	 755 	 658 
i 163	 357 	 368 
i 716	 235 	 185 
i 125	 545 	 622 
i 480	 737 	 784 
i 160	 653 	 564 
i 585	 880 	 977 
i 676	 871 	 941 
i 473	 954 	 1029 
i 236	 746 	 673 
i 961	 133 	 80 
i 239	 149 	 128 
i 379	 645 	 568 
i 868	 871 	 818 
i 572	 770 	 813 
i 183	 539 	 614 
i 49	 589 	 581 
i 904	 579 	 506 
i 853	 449 	 471 
i 569	 340 	 409 
i 594	 461 	 523 
i 637	 671 	 580 
i 239	 137 	 122 
i 95	 239 	 198 
i 836	 452 	 525 
i 318	 203 	 113 
i 855	 984 	 904 
i 383	 508 	 408 
i 763	 632 	 703 
i 22	 288 	 273 
i 415	 154 	 58 
i 46	 875 	 906 
i 76	 918 	 997 
i 220	 410 	 508 
i 604	 674 	 739 
i 708	 557 	 485 
i 691	 603 	 503 
i 139	 691 	 667 
i 725	 696 	 625 
i 925	 569 	 502 
i 974	 948 	 964 
i 833	 967 	 992 
i 742	 664 	 704 
i 80	 572 	 656 
i 713	 565 	 570 
i 215	 411 	 358 
i 768	 540 	 625 
i 422	 540 	 453 
i 80	 881 	 939 
i 596	 123 	 166 
i 538	 273 	 311 
i 502	 792 	 796 
i 124	 462 	 415 
i 643	 200 	 169 
i 155	 132 	 43 
i 493	 603 	 557 
i 975	 813 	 721 
i 459	 750 	 742 
i 327	 810 	 818 
i 341	 625 	 553 
i 524	 373 	 408 
i 290	 988 	 924 
i 685	 565 	 525 
i 785	 803 	 892 
i 810	 222 	 142 
i 364	 275 	 294 
i 155	 519 	 533 
i 873	 557 	 463 
i 660	 970 	 941 
i 239	 565 	 604 
i 534	 690 	 634 
i 521	 404 	 406 
i 33	 565 	 504 
i 811	 835 	 931 
i 936	 789 	 847 
i 122	 880 	 811 
i 582	 520 	 482 
i 85	 138 	 74 
i 53	 165 	 233 
i 564	 482 	 398 
i 216	 214 	 237 
i 546	 410 	 337 
i 57	 865 	 799 
i 872	 150 	 246 
i 635	 135 	 218 
i 500	 839 	 747 
i 961	 978 	 1002 
i 992	 366 	 407 
i 55	 530 	 581 
i 473	 392 	 356 
i 588	 466 	 473 
i 925	 125 	 41 
i 774	 248 	 176 
i 818	 400 	 302 
i 845	 383 	 412 
i 665	 310 	 239 
i 642	 346 	 268 
i 929	 899 	 819 
i 401	 639 	 570 
i 717	 425 	 450 
i 117	 712 	 655 
i 134	 302 	 230 
i 288	 377 	 460 
i 613	 503 	 550 
i 919	 515 	 531 
i 145	 203 	 152 
i 410	 335 	 412 
i 297	 433 	 496 
i 891	 524 	 467 
i 246	 664 	 751 
i 922	 334 	 244 
i 138	 528 	 465 
i 438	 655 	 649 
i 879	 582 	 499 
i 335	 347 	 248 
i 439	 864 	 794 
i 691	 195 	 206 
i 55	 986 	 1057 
i 520	 824 	 873 
i 142	 129 	 227 
i 393	 961 	 1044 
i 862	 118 	 28 
i 475	 283 	 281 
i 6	 703 	 677 
i 272	 780 	 821 
i 120	 785 	 713 
i 215	 919 	 986 
i 199	 528 	 605 
i 1	 401 	 382 
i 23	 177 	 187 
i 978	 172 	 260 
i 987	 986 	 1047 
i 182	 145 	 101 
i 848	 582 	 539 
i 602	 911 	 922 
i 361	 649 	 684 
i 271	 777 	 855 
i 740	 631 	 549 
i 67	 532 	 450 
i 142	 896 	 818 
i 211	 496 	 414 
i 196	 446 	 362 
i 234	 274 	 226 
i 764	 524 	 446 
i 664	 779 	 821 
i 271	 387 	 301 
i 21	 990 	 958 
i 605	 894 	 810 
i 80	 975 	 905 
i 962	 167 	 125 
i 397	 268 	 268 
i 774	 351 	 390 
i 957	 422 	 508 
i 423	 655 	 694 
i 176	 753 	 725 
i 487	 497 	 523 
i 476	 562 	 592 
i 357	 867 	 818 
i 329	 942 	 909 
i 393	 186 	 146 
i 570	 445 	 484 
i 840	 892 	 886 
i 191	 624 	 609 
i 803	 563 	 633 
i 526	 293 	 198 
i 960	 614 	 616 
i 469	 286 	 383 
i 320	 866 	 835 
i 255	 206 	 240 
i 340	 506 	 419 
i 716	 773 	 800 
i 595	 503 	 498 
i 173	 921 	 954 
i 682	 413 	 407 
i 887	 280 	 379 
i 453	 304 	 395 
i 651	 760 	 745 
i 501	 750 	 799 
i 608	 168 	 68 
i 53	 767 	 735 
i 797	 826 	 737 
i 239	 502 	 532 
i 151	 926 	 991 
i 491	 631 	 632 
i 682	 161 	 139 
i 899	 159 	 228 
i 630	 123 	 122 
i 349	 502 	 601 
i 413	 277 	 298 
i 152	 279 	 311 
i 955	 582 	 573 
i 397	 633 	 672 
i 315	 324 	 393 
i 900	 168 	 135 
i 957	 619 	 523 
i 13	 970 	 1054 
i 27	 834 	 844 
i 467	 389 	 469 
i 655	 388 	 350 
i 843	 928 	 921 
i 374	 626 	 610 
i 961	 143 	 206 
i 201	 763 	 689 
i 266	 627 	 533 
i 838	 929 	 1026 
i 804	 948 	 848 
i 618	 878 	 783 
i 931	 479 	 478 
i 244	 391 	 321 
i 163	 670 	 768 
i 742	 195 	 168 
i 779	 569 	 534 
i 513	 407 	 413 
i 95	 525 	 584 
i 16	 553 	 579 
i 956	 544 	 531 
i 820	 546 	 457 
i 235	 572 	 669 
i 549	 123 	 69 
i 179	 257 	 236 
i 274	 252 	 179 
i 789	 579 	 662 
i 123	 872 	 858 
i 588	 454 	 459 
i 87	 273 	 281 
i 574	 837 	 836 
i 65	 338 	 301 
i 583	 389 	 399 
i 597	 379 	 299 
i 762	 586 	 542 
i 921	 937 	 947 
i 448	 171 	 139 
i 305	 987 	 980 
i 691	 481 	 391 
i 873	 949 	 877 
i 690	 541 	 583 
i 946	 984 	 1039 
i 260	 377 	 349 
i 561	 869 	 960 
i 96	 959 	 1003 
i 26	 320 	 348 
i 94	 812 	 730 
i 80	 228 	 207 
i 496	 642 	 559 
i 439	 690 	 782 
i 922	 815 	 845 
i 905	 561 	 580 
i 206	 364 	 435 
i 58	 686 	 669 
i 13	 650 	 652 
i 248	 402 	 409 
i 37	 974 	 1000 
i 169	 166 	 208 
i 766	 518 	 459 
i 418	 596 	 625 
i 211	 561 	 574 
i 717	 250 	 244 
i 3	 781 	 816 
i 649	 654 	 701 
i 256	 136 	 186 
i 584	 593 	 692 
i 556	 184 	 90 
i 618	 746 	 686 
i 77	 490 	 583 
i 622	 675 	 652 
i 129	 361 	 380 
i 286	 868 	 830 
i 41	 401 	 364 
i 651	 116 	 209 
i 680	 772 	 716 
i 223	 550 	 611 
i 305	 548 	 520 
i 20	 578 	 674 
i 447	 759 	 670 
i 83	 731 	 766 
i 365	 187 	 248 
i 217	 718 	 636 
i 543	 998 	 924 
i 549	 391 	 448 
i 293	 361 	 354 
i 786	 559 	 596 
i 278	 388 	 486 
i 804	 710 	 612 
i 533	 693 	 685 
i 232	 744 	 752 
i 318	 460 	 541 
i 2	 289 	 214 
i 999	 374 	 407 
i 315	 493 	 436 
i 596	 303 	 304 
i 101	 717 	 676 
i 412	 440 	 454 
i 87	 434 	 409 
i 742	 446 	 528 
i 455	 856 	 784 
i 847	 450 	 442 
i 49	 368 	 360 
i 345	 479 	 471 
i 775	 184 	 239 
i 991	 377 	 351 
i 674	 830 	 824 
i 46	 204 	 281 
i 410	 715 	 809 
i 787	 162 	 205 
i 625	 973 	 906 
i 8	 212 	 115 
i 297	 623 	 536 
i 712	 145 	 127 
i 795	 557 	 494 
i 95	 359 	 294 
i 904	 692 	 762 
i 10	 225 	 304 
i 690	 124 	 85 
i 748	 990 	 908 
i 718	 737 	 780 
i 832	 888 	 933 
i 409	 903 	 807 
i 448	 962 	 1009 
i 950	 438 	 444 
i 230	 602 	 627 
i 884	 760 	 766 
i 13	 628 	 636 
i 29	 537 	 483 
i 18	 810 	 905 
i 722	 893 	 932 
i 597	 644 	 649 
i 489	 401 	 488 
i 447	 423 	 400 
i 814	 188 	 155 
i 368	 660 	 673 
i 99	 328 	 318 
i 681	 800 	 792 
i 161	 392 	 390 
i 946	 597 	 598 
i 827	 578 	 524 
i 428	 308 	 373 
i 755	 779 	 742 
i 107	 724 	 776 
i 194	 178 	 193 
i 812	 477 	 566 
i 58	 980 	 888 
i 833	 491 	 536 
i 150	 903 	 980 
i 696	 451 	 517 
i 222	 904 	 935 
i 444	 221 	 138 
i 196	 957 	 1025 
i 885	 350 	 439 
i 961	 140 	 68 
i 374	 654 	 744 
i 352	 606 	 508 
i 780	 645 	 714 
i 671	 401 	 499 
i 55	 299 	 337 
i 946	 149 	 231 
i 71	 736 	 707 
i 24	 813 	 823 
i 293	 673 	 660 
i 326	 627 	 607 
i 936	 754 	 808 
i 494	 713 	 638 
i 96	 724 	 805 
i 422	 587 	 602 
i 633	 582 	 608 
i 677	 307 	 322 
i 380	 229 	 258 
i 171	 547 	 581 
i 802	 149 	 241 
i 384	 539 	 497 
i 108	 895 	 840 
i 785	 694 	 738 
i 476	 805 	 868 
i 12	 721 	 668 
i 541	 345 	 419 
i 762	 906 	 915 
i 896	 530 	 615 
i 387	 218 	 137 
i 431	 815 	 895 
i 912	 784 	 741 
i 795	 152 	 130 
i 452	 354 	 289 
i 234	 995 	 1025 
i 920	 832 	 865 
i 184	 154 	 95 
i 78	 929 	 1022 
i 550	 528 	 601 
i 671	 464 	 414 
i 464	 552 	 588 
i 221	 465 	 484 
i 268	 719 	 697 
i 542	 179 	 247 
i 537	 338 	 253 
i 349	 919 	 1018 
i 398	 621 	 557 
i 319	 805 	 756 
i 788	 778 	 839 
i 187	 658 	 653 
i 683	 882 	 970 
i 82	 600 	 532 
i 766	 241 	 227 
i 843	 588 	 683 
i 99	 448 	 450 
i 9	 516 	 588 
i 583	 513 	 465 
i 364	 673 	 688 
i 115	 903 	 876 
i 730	 732 	 742 
i 599	 270 	 217 
i 150	 220 	 183 
i 296	 367 	 283 
i 833	 752 	 837 
i 213	 730 	 635 
i 668	 297 	 204 
i 122	 174 	 197 
i 754	 406 	 502 
i 645	 920 	 839 
i 345	 358 	 423 
i 524	 850 	 835 
i 647	 172 	 187 
i 935	 455 	 529 
i 657	 531 	 571 
i 354	 467 	 550 
i 564	 492 	 509 
i 635	 523 	 564 
i 967	 185 	 177 
i 878	 170 	 91 
i 157	 257 	 247 
i 989	 993 	 1087 
i 58	 484 	 508 
i 446	 996 	 1007 
i 918	 882 	 824 
i 319	 620 	 633 
i 747	 547 	 473 
i 212	 179 	 232 
i 296	 808 	 855 
i 362	 329 	 351 
i 526	 423 	 477 
i 519	 824 	 875 
i 938	 802 	 865 
i 935	 466 	 418 
i 803	 962 	 898 
i 377	 264 	 264 
i 867	 770 	 719 
i 944	 887 	 879 
i 729	 681 	 732 
i 974	 446 	 369 
i 327	 991 	 1019 
i 130	 787 	 719 
i 907	 574 	 494 
i 308	 412 	 319 
i 266	 646 	 714 
i 439	 807 	 750 
i 181	 363 	 279 
i 55	 583 	 488 
i 696	 992 	 1043 
i 74	 775 	 821 
i 65	 880 	 791 
i 826	 564 	 501 
i 347	 709 	 628 
i 686	 800 	 780 
c
c
W 986294
c end of file