c Instance Type c
c
n 4000
c w	 v1	 v2
i 15	 975 	 1060 
i 719	 846 	 903 
i 951	 930 	 865 
i 126	 945 	 857 
i 895	 771 	 751 
i 217	 683 	 669 
i 810	 629 	 645 
i 327	 825 	 890 
i 122	 705 	 686 
i 137	 539 	 573 
i 110	 407 	 444 
i 937	 340 	 320 
i 858	 152 	 123 
i 797	 308 	 304 
i 540	 366 	 341 
i 185	 723 	 741 
i 767	 219 	 199 
i 572	 734 	 780 
i 240	 583 	 653 
i 722	 944 	 1041 
i 56	 651 	 570 
i 314	 371 	 278 
i 361	 730 	 809 
i 583	 158 	 196 
i 870	 586 	 532 
i 559	 921 	 904 
i 680	 559 	 495 
i 383	 918 	 969 
i 913	 679 	 778 
i 851	 548 	 591 
i 459	 539 	 593 
i 752	 628 	 545 
i 450	 661 	 650 
i 503	 568 	 474 
i 38	 295 	 375 
i 949	 502 	 494 
i 454	 873 	 801 
i 363	 149 	 153 
i 3	 821 	 808 
i 495	 818 	 775 
i 977	 568 	 617 
i 560	 367 	 367 
i 179	 446 	 536 
i 693	 846 	 836 
i 901	 875 	 873 
i 342	 788 	 775 
i 200	 310 	 388 
i 243	 436 	 387 
i 43	 903 	 854 
i 838	 404 	 454 
i 354	 662 	 708 
i 642	 438 	 396 
i 20	 884 	 877 
i 847	 839 	 771 
i 706	 353 	 265 
i 469	 790 	 771 
i 693	 292 	 313 
i 60	 197 	 266 
i 951	 425 	 503 
i 282	 655 	 700 
i 901	 436 	 352 
i 271	 198 	 243 
i 141	 456 	 505 
i 960	 874 	 892 
i 234	 130 	 89 
i 997	 187 	 240 
i 201	 548 	 540 
i 299	 197 	 200 
i 652	 951 	 945 
i 265	 854 	 904 
i 632	 614 	 644 
i 729	 687 	 771 
i 119	 443 	 355 
i 977	 217 	 122 
i 998	 743 	 694 
i 85	 120 	 71 
i 576	 802 	 793 
i 674	 322 	 373 
i 619	 784 	 765 
i 456	 314 	 348 
i 23	 983 	 943 
i 671	 675 	 581 
i 46	 608 	 538 
i 165	 666 	 591 
i 876	 688 	 613 
i 887	 918 	 860 
i 665	 256 	 313 
i 903	 662 	 654 
i 661	 445 	 361 
i 890	 808 	 815 
i 871	 517 	 529 
i 506	 788 	 734 
i 66	 818 	 773 
i 690	 954 	 942 
i 340	 181 	 144 
i 248	 295 	 236 
i 412	 485 	 559 
i 33	 298 	 353 
i 409	 709 	 696 
i 194	 783 	 748 
i 650	 373 	 312 
i 412	 872 	 912 
i 209	 189 	 242 
i 158	 436 	 428 
i 238	 829 	 888 
i 445	 224 	 133 
i 866	 407 	 398 
i 77	 293 	 291 
i 750	 983 	 1063 
i 507	 482 	 400 
i 802	 772 	 820 
i 658	 948 	 879 
i 746	 685 	 658 
i 112	 481 	 485 
i 920	 890 	 942 
i 48	 712 	 653 
i 382	 754 	 668 
i 587	 274 	 203 
i 568	 711 	 791 
i 985	 624 	 605 
i 730	 708 	 649 
i 673	 481 	 554 
i 319	 620 	 642 
i 736	 946 	 991 
i 612	 522 	 551 
i 289	 310 	 348 
i 14	 493 	 407 
i 197	 558 	 590 
i 872	 691 	 636 
i 450	 602 	 545 
i 122	 964 	 1053 
i 538	 261 	 284 
i 112	 143 	 230 
i 51	 689 	 723 
i 514	 444 	 401 
i 738	 129 	 143 
i 169	 745 	 762 
i 671	 811 	 867 
i 325	 510 	 541 
i 877	 714 	 635 
i 838	 906 	 851 
i 8	 858 	 911 
i 45	 519 	 594 
i 695	 463 	 548 
i 71	 173 	 161 
i 92	 427 	 362 
i 805	 939 	 908 
i 594	 572 	 475 
i 44	 381 	 349 
i 723	 965 	 909 
i 618	 170 	 81 
i 459	 373 	 286 
i 917	 164 	 86 
i 315	 944 	 1005 
i 386	 879 	 954 
i 742	 382 	 475 
i 673	 541 	 596 
i 193	 849 	 822 
i 497	 866 	 848 
i 458	 282 	 209 
i 525	 478 	 528 
i 820	 530 	 472 
i 880	 590 	 516 
i 817	 689 	 678 
i 682	 518 	 584 
i 987	 409 	 423 
i 471	 382 	 331 
i 302	 182 	 169 
i 152	 510 	 597 
i 344	 877 	 855 
i 757	 997 	 1080 
i 230	 778 	 825 
i 768	 967 	 990 
i 420	 193 	 180 
i 877	 589 	 512 
i 213	 438 	 359 
i 518	 947 	 962 
i 598	 277 	 352 
i 47	 668 	 574 
i 908	 610 	 584 
i 905	 960 	 886 
i 657	 887 	 859 
i 620	 654 	 579 
i 713	 315 	 324 
i 251	 703 	 688 
i 620	 807 	 835 
i 561	 901 	 832 
i 749	 524 	 575 
i 376	 416 	 476 
i 938	 443 	 485 
i 893	 776 	 799 
i 767	 893 	 847 
i 379	 325 	 403 
i 609	 440 	 461 
i 275	 929 	 1000 
i 60	 420 	 415 
i 948	 989 	 896 
i 414	 240 	 297 
i 757	 912 	 844 
i 131	 737 	 657 
i 879	 480 	 578 
i 759	 140 	 192 
i 1	 383 	 311 
i 371	 288 	 337 
i 292	 827 	 732 
i 639	 700 	 616 
i 627	 236 	 142 
i 773	 270 	 259 
i 675	 970 	 910 
i 380	 226 	 192 
i 795	 315 	 257 
i 828	 310 	 404 
i 135	 988 	 1082 
i 334	 224 	 192 
i 141	 891 	 917 
i 804	 913 	 867 
i 944	 988 	 1068 
i 124	 128 	 162 
i 91	 525 	 494 
i 220	 705 	 750 
i 450	 113 	 117 
i 675	 303 	 273 
i 661	 277 	 274 
i 789	 252 	 316 
i 667	 557 	 649 
i 570	 233 	 285 
i 557	 477 	 518 
i 577	 389 	 455 
i 43	 989 	 1073 
i 712	 411 	 339 
i 715	 171 	 189 
i 931	 637 	 590 
i 120	 950 	 1035 
i 279	 494 	 537 
i 781	 334 	 311 
i 919	 299 	 389 
i 331	 979 	 981 
i 645	 721 	 638 
i 633	 572 	 498 
i 971	 504 	 572 
i 40	 631 	 642 
i 631	 269 	 267 
i 576	 507 	 528 
i 7	 444 	 521 
i 258	 193 	 227 
i 471	 535 	 552 
i 448	 495 	 579 
i 135	 950 	 963 
i 654	 140 	 79 
i 97	 257 	 191 
i 682	 118 	 59 
i 861	 615 	 683 
i 307	 163 	 146 
i 681	 705 	 689 
i 774	 606 	 642 
i 252	 313 	 243 
i 684	 837 	 856 
i 628	 767 	 813 
i 661	 381 	 358 
i 826	 557 	 554 
i 834	 708 	 641 
i 402	 894 	 799 
i 461	 753 	 720 
i 130	 233 	 136 
i 686	 609 	 667 
i 914	 325 	 233 
i 732	 460 	 505 
i 471	 993 	 964 
i 774	 757 	 660 
i 277	 213 	 281 
i 949	 644 	 679 
i 831	 794 	 709 
i 554	 819 	 827 
i 692	 228 	 261 
i 253	 243 	 214 
i 495	 946 	 900 
i 887	 983 	 883 
i 880	 740 	 734 
i 607	 167 	 116 
i 722	 182 	 187 
i 323	 931 	 926 
i 91	 644 	 605 
i 888	 715 	 787 
i 21	 306 	 316 
i 171	 901 	 962 
i 110	 329 	 289 
i 92	 569 	 506 
i 800	 572 	 485 
i 864	 993 	 1028 
i 944	 324 	 303 
i 868	 791 	 835 
i 469	 325 	 387 
i 149	 597 	 636 
i 368	 473 	 517 
i 258	 965 	 1043 
i 503	 792 	 692 
i 19	 170 	 88 
i 537	 338 	 416 
i 529	 399 	 450 
i 770	 999 	 1039 
i 536	 464 	 478 
i 776	 216 	 123 
i 324	 937 	 874 
i 732	 670 	 681 
i 693	 422 	 484 
i 460	 325 	 288 
i 527	 325 	 291 
i 782	 408 	 482 
i 107	 313 	 293 
i 107	 986 	 920 
i 505	 722 	 763 
i 623	 340 	 336 
i 553	 375 	 436 
i 182	 541 	 548 
i 532	 146 	 92 
i 773	 869 	 907 
i 15	 261 	 205 
i 349	 558 	 458 
i 577	 444 	 366 
i 562	 801 	 744 
i 250	 953 	 997 
i 508	 692 	 660 
i 805	 233 	 312 
i 290	 950 	 865 
i 330	 541 	 563 
i 183	 748 	 724 
i 352	 476 	 455 
i 855	 672 	 721 
i 231	 675 	 640 
i 7	 773 	 850 
i 954	 965 	 892 
i 608	 718 	 747 
i 745	 135 	 125 
i 690	 933 	 981 
i 175	 115 	 29 
i 892	 659 	 609 
i 303	 112 	 133 
i 934	 468 	 460 
i 569	 244 	 282 
i 314	 534 	 573 
i 276	 434 	 464 
i 958	 557 	 509 
i 986	 242 	 143 
i 912	 643 	 682 
i 917	 413 	 487 
i 535	 476 	 528 
i 537	 702 	 615 
i 938	 352 	 252 
i 90	 762 	 776 
i 566	 488 	 565 
i 930	 220 	 152 
i 432	 801 	 724 
i 580	 144 	 65 
i 180	 150 	 53 
i 519	 769 	 856 
i 930	 655 	 649 
i 595	 446 	 347 
i 866	 506 	 595 
i 599	 507 	 414 
i 24	 126 	 146 
i 148	 913 	 919 
i 923	 167 	 259 
i 960	 273 	 281 
i 5	 367 	 411 
i 746	 384 	 332 
i 359	 328 	 262 
i 735	 747 	 800 
i 180	 755 	 782 
i 626	 708 	 654 
i 644	 741 	 692 
i 547	 387 	 368 
i 610	 861 	 826 
i 792	 829 	 787 
i 82	 424 	 383 
i 389	 179 	 87 
i 634	 395 	 374 
i 350	 549 	 475 
i 75	 344 	 306 
i 747	 909 	 997 
i 456	 229 	 245 
i 767	 459 	 385 
i 611	 820 	 868 
i 420	 224 	 230 
i 773	 482 	 505 
i 849	 745 	 645 
i 170	 781 	 808 
i 663	 247 	 344 
i 925	 367 	 279 
i 824	 647 	 709 
i 956	 595 	 548 
i 349	 226 	 132 
i 147	 343 	 371 
i 275	 113 	 25 
i 692	 588 	 655 
i 406	 247 	 284 
i 161	 251 	 322 
i 315	 819 	 823 
i 604	 809 	 798 
i 208	 865 	 818 
i 752	 696 	 641 
i 882	 933 	 948 
i 144	 963 	 1007 
i 147	 647 	 746 
i 684	 704 	 741 
i 837	 559 	 478 
i 995	 281 	 232 
i 792	 154 	 168 
i 577	 616 	 550 
i 426	 124 	 100 
i 85	 364 	 290 
i 10	 566 	 469 
i 967	 189 	 121 
i 571	 831 	 792 
i 239	 828 	 926 
i 744	 552 	 617 
i 935	 637 	 701 
i 984	 865 	 888 
i 554	 483 	 421 
i 569	 638 	 661 
i 854	 977 	 1017 
i 366	 208 	 250 
i 454	 222 	 258 
i 265	 364 	 314 
i 72	 637 	 635 
i 569	 629 	 575 
i 161	 477 	 411 
i 10	 320 	 251 
i 428	 867 	 908 
i 22	 150 	 105 
i 996	 700 	 626 
i 106	 437 	 436 
i 232	 181 	 271 
i 517	 787 	 730 
i 110	 121 	 78 
i 694	 558 	 629 
i 106	 766 	 669 
i 342	 917 	 822 
i 193	 166 	 157 
i 238	 797 	 792 
i 900	 155 	 149 
i 268	 273 	 289 
i 347	 716 	 778 
i 108	 675 	 641 
i 120	 868 	 856 
i 623	 236 	 162 
i 360	 999 	 946 
i 268	 127 	 143 
i 331	 152 	 206 
i 103	 558 	 460 
i 154	 983 	 1065 
i 336	 516 	 451 
i 18	 144 	 149 
i 652	 866 	 892 
i 504	 271 	 321 
i 646	 662 	 637 
i 645	 781 	 828 
i 664	 994 	 894 
i 710	 622 	 589 
i 214	 421 	 408 
i 195	 431 	 449 
i 651	 353 	 438 
i 688	 513 	 602 
i 538	 981 	 1000 
i 718	 655 	 575 
i 339	 437 	 486 
i 94	 772 	 750 
i 88	 538 	 449 
i 662	 542 	 595 
i 12	 841 	 937 
i 373	 342 	 277 
i 645	 868 	 933 
i 98	 804 	 807 
i 77	 755 	 665 
i 690	 397 	 451 
i 57	 488 	 410 
i 800	 264 	 205 
i 281	 614 	 572 
i 766	 665 	 755 
i 588	 459 	 552 
i 847	 442 	 409 
i 699	 599 	 695 
i 479	 445 	 361 
i 205	 904 	 835 
i 527	 952 	 1021 
i 952	 750 	 831 
i 126	 849 	 890 
i 692	 143 	 240 
i 316	 402 	 452 
i 707	 362 	 330 
i 81	 333 	 270 
i 629	 634 	 711 
i 6	 620 	 593 
i 897	 694 	 708 
i 844	 835 	 754 
i 563	 700 	 610 
i 394	 616 	 551 
i 430	 355 	 428 
i 758	 343 	 279 
i 42	 123 	 201 
i 292	 426 	 520 
i 880	 594 	 614 
i 454	 494 	 515 
i 110	 821 	 821 
i 924	 440 	 409 
i 588	 528 	 610 
i 157	 574 	 534 
i 432	 731 	 777 
i 693	 613 	 611 
i 707	 777 	 783 
i 63	 680 	 745 
i 607	 654 	 695 
i 39	 298 	 229 
i 838	 837 	 790 
i 209	 395 	 333 
i 679	 704 	 760 
i 201	 625 	 712 
i 898	 896 	 870 
i 464	 660 	 572 
i 213	 209 	 263 
i 853	 684 	 750 
i 464	 530 	 518 
i 675	 269 	 265 
i 493	 411 	 374 
i 813	 650 	 655 
i 481	 823 	 764 
i 60	 629 	 610 
i 943	 575 	 536 
i 561	 904 	 957 
i 672	 961 	 1057 
i 317	 758 	 825 
i 788	 612 	 572 
i 966	 115 	 210 
i 304	 542 	 535 
i 911	 825 	 781 
i 712	 405 	 457 
i 296	 589 	 653 
i 817	 951 	 1004 
i 710	 333 	 298 
i 667	 128 	 227 
i 396	 113 	 76 
i 959	 856 	 776 
i 965	 234 	 148 
i 451	 212 	 186 
i 255	 629 	 586 
i 586	 879 	 978 
i 124	 668 	 626 
i 70	 511 	 433 
i 320	 303 	 367 
i 340	 593 	 591 
i 343	 591 	 668 
i 181	 872 	 941 
i 319	 964 	 1026 
i 434	 138 	 90 
i 17	 471 	 474 
i 881	 726 	 646 
i 509	 725 	 670 
i 958	 987 	 945 
i 175	 198 	 220 
i 717	 929 	 1019 
i 258	 476 	 435 
i 115	 375 	 370 
i 75	 239 	 298 
i 106	 960 	 906 
i 512	 304 	 253 
i 205	 763 	 688 
i 895	 853 	 880 
i 882	 165 	 184 
i 980	 427 	 481 
i 901	 974 	 971 
i 313	 934 	 983 
i 610	 309 	 381 
i 754	 734 	 821 
i 710	 554 	 462 
i 927	 759 	 769 
i 661	 978 	 1029 
i 497	 203 	 233 
i 558	 769 	 775 
i 915	 409 	 412 
i 886	 205 	 188 
i 812	 638 	 683 
i 37	 412 	 379 
i 738	 288 	 206 
i 237	 230 	 290 
i 966	 266 	 312 
i 942	 758 	 736 
i 47	 542 	 619 
i 787	 234 	 223 
i 124	 709 	 681 
i 230	 278 	 227 
i 823	 648 	 560 
i 163	 407 	 326 
i 363	 709 	 776 
i 497	 792 	 706 
i 672	 618 	 525 
i 401	 379 	 475 
i 886	 728 	 633 
i 25	 629 	 692 
i 698	 139 	 227 
i 886	 461 	 395 
i 491	 683 	 781 
i 824	 738 	 669 
i 498	 826 	 829 
i 265	 681 	 584 
i 835	 746 	 783 
i 137	 781 	 698 
i 831	 765 	 860 
i 415	 791 	 691 
i 447	 628 	 667 
i 841	 575 	 591 
i 485	 727 	 641 
i 192	 721 	 800 
i 995	 861 	 840 
i 637	 434 	 466 
i 352	 448 	 447 
i 107	 172 	 198 
i 842	 251 	 244 
i 608	 230 	 306 
i 191	 230 	 195 
i 713	 850 	 783 
i 407	 480 	 510 
i 94	 546 	 615 
i 937	 457 	 525 
i 301	 810 	 805 
i 681	 509 	 575 
i 749	 951 	 1038 
i 908	 626 	 681 
i 42	 150 	 127 
i 176	 933 	 948 
i 8	 335 	 293 
i 423	 485 	 524 
i 913	 178 	 236 
i 304	 929 	 974 
i 90	 788 	 694 
i 538	 324 	 366 
i 484	 173 	 165 
i 64	 116 	 89 
i 108	 809 	 791 
i 34	 264 	 281 
i 286	 778 	 796 
i 707	 149 	 52 
i 783	 769 	 855 
i 704	 584 	 530 
i 466	 344 	 309 
i 706	 371 	 443 
i 776	 115 	 84 
i 783	 525 	 507 
i 569	 853 	 856 
i 742	 330 	 340 
i 493	 851 	 918 
i 536	 491 	 500 
i 278	 507 	 472 
i 810	 446 	 352 
i 73	 655 	 654 
i 366	 944 	 884 
i 371	 823 	 919 
i 836	 243 	 295 
i 672	 608 	 574 
i 918	 180 	 95 
i 751	 671 	 684 
i 180	 527 	 448 
i 626	 123 	 99 
i 4	 415 	 353 
i 616	 443 	 396 
i 554	 886 	 912 
i 356	 179 	 79 
i 504	 163 	 230 
i 64	 843 	 845 
i 142	 250 	 235 
i 772	 317 	 253 
i 240	 823 	 795 
i 254	 917 	 1014 
i 596	 367 	 464 
i 970	 539 	 560 
i 843	 775 	 707 
i 920	 447 	 450 
i 979	 449 	 353 
i 802	 306 	 222 
i 959	 760 	 705 
i 193	 252 	 351 
i 994	 413 	 360 
i 901	 733 	 731 
i 190	 721 	 638 
i 671	 712 	 623 
i 419	 362 	 442 
i 797	 504 	 568 
i 179	 963 	 1023 
i 399	 981 	 1001 
i 130	 167 	 179 
i 290	 367 	 418 
i 630	 365 	 414 
i 330	 577 	 607 
i 17	 125 	 193 
i 693	 202 	 204 
i 975	 254 	 340 
i 418	 165 	 210 
i 377	 895 	 976 
i 356	 717 	 678 
i 419	 364 	 351 
i 708	 864 	 909 
i 994	 647 	 618 
i 519	 424 	 461 
i 535	 113 	 153 
i 639	 861 	 840 
i 800	 427 	 401 
i 861	 366 	 423 
i 743	 124 	 57 
i 426	 931 	 935 
i 711	 315 	 403 
i 559	 703 	 732 
i 163	 460 	 488 
i 516	 776 	 708 
i 519	 497 	 536 
i 363	 232 	 199 
i 718	 584 	 511 
i 6	 913 	 1012 
i 21	 725 	 773 
i 944	 872 	 805 
i 175	 446 	 522 
i 841	 394 	 381 
i 234	 971 	 991 
i 982	 654 	 577 
i 418	 799 	 826 
i 555	 531 	 630 
i 87	 831 	 874 
i 989	 953 	 997 
i 680	 952 	 1000 
i 536	 723 	 760 
i 914	 873 	 945 
i 233	 766 	 806 
i 201	 268 	 355 
i 812	 804 	 888 
i 586	 909 	 876 
i 60	 586 	 664 
i 869	 585 	 680 
i 817	 335 	 428 
i 764	 978 	 1007 
i 453	 751 	 688 
i 311	 474 	 393 
i 49	 353 	 319 
i 227	 979 	 985 
i 7	 924 	 892 
i 903	 854 	 940 
i 438	 266 	 363 
i 972	 171 	 242 
i 225	 153 	 188 
i 201	 125 	 113 
i 920	 702 	 780 
i 330	 867 	 808 
i 602	 955 	 905 
i 579	 361 	 357 
i 494	 835 	 832 
i 330	 252 	 230 
i 504	 190 	 255 
i 572	 181 	 241 
i 620	 945 	 850 
i 636	 658 	 603 
i 302	 162 	 91 
i 153	 957 	 952 
i 103	 251 	 167 
i 385	 478 	 509 
i 199	 906 	 836 
i 358	 450 	 446 
i 448	 798 	 895 
i 527	 647 	 658 
i 466	 471 	 406 
i 82	 495 	 557 
i 140	 697 	 620 
i 92	 829 	 782 
i 251	 365 	 339 
i 663	 436 	 487 
i 558	 133 	 223 
i 940	 268 	 230 
i 714	 696 	 748 
i 317	 684 	 641 
i 722	 291 	 341 
i 155	 449 	 515 
i 815	 284 	 378 
i 623	 387 	 300 
i 909	 625 	 588 
i 276	 955 	 1050 
i 301	 738 	 745 
i 478	 698 	 693 
i 138	 975 	 913 
i 782	 762 	 763 
i 985	 128 	 74 
i 366	 797 	 774 
i 561	 650 	 590 
i 871	 627 	 692 
i 451	 685 	 732 
i 401	 966 	 868 
i 107	 947 	 909 
i 767	 536 	 594 
i 740	 962 	 1047 
i 473	 244 	 286 
i 493	 697 	 736 
i 266	 903 	 815 
i 872	 358 	 382 
i 453	 538 	 536 
i 99	 383 	 472 
i 61	 148 	 117 
i 2	 158 	 148 
i 481	 435 	 379 
i 438	 249 	 341 
i 588	 185 	 171 
i 248	 816 	 901 
i 139	 546 	 484 
i 417	 601 	 513 
i 898	 266 	 269 
i 205	 706 	 729 
i 247	 657 	 692 
i 300	 965 	 1000 
i 665	 479 	 410 
i 821	 675 	 694 
i 904	 640 	 576 
i 698	 137 	 123 
i 189	 961 	 975 
i 740	 243 	 340 
i 915	 300 	 377 
i 584	 759 	 677 
i 199	 417 	 384 
i 161	 129 	 156 
i 575	 731 	 691 
i 210	 872 	 796 
i 806	 513 	 418 
i 835	 678 	 723 
i 792	 173 	 255 
i 940	 680 	 710 
i 154	 670 	 683 
i 883	 569 	 499 
i 228	 649 	 619 
i 249	 949 	 951 
i 946	 627 	 544 
i 803	 895 	 854 
i 256	 115 	 36 
i 894	 140 	 228 
i 964	 785 	 831 
i 605	 709 	 743 
i 235	 402 	 467 
i 749	 909 	 951 
i 356	 157 	 244 
i 299	 471 	 408 
i 879	 928 	 854 
i 762	 118 	 205 
i 767	 384 	 322 
i 800	 477 	 394 
i 559	 425 	 335 
i 233	 187 	 218 
i 560	 786 	 864 
i 459	 633 	 661 
i 511	 375 	 474 
i 916	 320 	 279 
i 835	 486 	 420 
i 843	 604 	 691 
i 151	 547 	 587 
i 563	 718 	 718 
i 916	 795 	 707 
i 3	 840 	 799 
i 763	 535 	 606 
i 350	 438 	 400 
i 647	 118 	 183 
i 882	 115 	 163 
i 305	 377 	 392 
i 859	 533 	 517 
i 351	 477 	 491 
i 35	 214 	 141 
i 804	 662 	 572 
i 625	 718 	 629 
i 103	 981 	 1044 
i 471	 853 	 786 
i 480	 244 	 307 
i 485	 978 	 1017 
i 785	 748 	 648 
i 260	 372 	 444 
i 671	 746 	 688 
i 787	 366 	 315 
i 408	 486 	 396 
i 92	 532 	 567 
i 71	 581 	 637 
i 906	 419 	 369 
i 57	 569 	 615 
i 33	 405 	 348 
i 749	 137 	 37 
i 44	 140 	 92 
i 759	 907 	 993 
i 46	 207 	 250 
i 468	 428 	 353 
i 942	 474 	 417 
i 472	 187 	 144 
i 819	 880 	 819 
i 335	 215 	 165 
i 665	 865 	 821 
i 695	 168 	 74 
i 728	 169 	 84 
i 623	 400 	 467 
i 732	 340 	 416 
i 89	 980 	 950 
i 498	 205 	 163 
i 583	 399 	 451 
i 449	 657 	 673 
i 566	 831 	 914 
i 415	 167 	 183 
i 479	 420 	 375 
i 545	 450 	 351 
i 871	 519 	 544 
i 130	 374 	 346 
i 108	 270 	 260 
i 214	 581 	 670 
i 539	 842 	 848 
i 154	 632 	 728 
i 964	 262 	 271 
i 28	 189 	 281 
i 375	 707 	 695 
i 757	 955 	 1052 
i 217	 960 	 1031 
i 514	 631 	 728 
i 693	 953 	 872 
i 223	 465 	 426 
i 46	 420 	 489 
i 632	 893 	 793 
i 803	 876 	 969 
i 891	 474 	 572 
i 563	 441 	 415 
i 513	 834 	 759 
i 469	 823 	 791 
i 55	 697 	 768 
i 3	 686 	 696 
i 402	 771 	 825 
i 750	 158 	 221 
i 630	 912 	 902 
i 492	 915 	 865 
i 901	 886 	 815 
i 273	 881 	 922 
i 88	 321 	 265 
i 888	 435 	 472 
i 548	 741 	 789 
i 196	 615 	 664 
i 938	 217 	 146 
i 991	 905 	 984 
i 893	 744 	 749 
i 798	 256 	 159 
i 670	 483 	 567 
i 537	 612 	 550 
i 774	 353 	 309 
i 140	 549 	 482 
i 848	 273 	 316 
i 417	 934 	 1016 
i 536	 709 	 779 
i 430	 841 	 909 
i 142	 750 	 797 
i 306	 330 	 336 
i 725	 348 	 288 
i 289	 277 	 325 
i 561	 450 	 453 
i 55	 700 	 730 
i 238	 851 	 851 
i 165	 600 	 684 
i 837	 523 	 514 
i 659	 391 	 468 
i 378	 251 	 156 
i 625	 905 	 871 
i 892	 491 	 402 
i 81	 673 	 642 
i 462	 443 	 524 
i 125	 901 	 993 
i 957	 594 	 534 
i 508	 153 	 126 
i 971	 971 	 911 
i 287	 488 	 560 
i 445	 386 	 334 
i 339	 411 	 484 
i 767	 708 	 759 
i 400	 760 	 827 
i 773	 181 	 141 
i 663	 989 	 974 
i 207	 957 	 933 
i 255	 248 	 326 
i 223	 574 	 646 
i 647	 755 	 685 
i 957	 633 	 652 
i 295	 847 	 934 
i 967	 728 	 768 
i 698	 514 	 434 
i 776	 371 	 446 
i 765	 639 	 646 
i 717	 128 	 177 
i 872	 469 	 369 
i 393	 373 	 317 
i 119	 251 	 325 
i 706	 385 	 450 
i 535	 915 	 839 
i 230	 857 	 775 
i 683	 592 	 649 
i 976	 684 	 697 
i 570	 573 	 539 
i 590	 163 	 72 
i 993	 826 	 910 
i 289	 827 	 789 
i 447	 137 	 123 
i 755	 911 	 838 
i 660	 758 	 792 
i 500	 868 	 948 
i 43	 949 	 966 
i 686	 761 	 773 
i 207	 374 	 300 
i 266	 668 	 712 
i 72	 711 	 754 
i 876	 639 	 540 
i 906	 918 	 908 
i 806	 413 	 354 
i 535	 536 	 609 
i 388	 245 	 218 
i 331	 158 	 140 
i 63	 680 	 599 
i 359	 291 	 252 
i 986	 410 	 424 
i 661	 165 	 193 
i 256	 803 	 806 
i 165	 808 	 793 
i 505	 322 	 268 
i 983	 508 	 561 
i 135	 392 	 323 
i 189	 721 	 718 
i 828	 197 	 206 
i 32	 284 	 365 
i 369	 556 	 634 
i 430	 174 	 184 
i 209	 745 	 807 
i 993	 318 	 413 
i 232	 696 	 692 
i 679	 902 	 894 
i 996	 696 	 715 
i 682	 834 	 891 
i 780	 377 	 399 
i 976	 864 	 893 
i 477	 782 	 685 
i 549	 687 	 675 
i 263	 291 	 321 
i 496	 123 	 152 
i 155	 991 	 1066 
i 46	 529 	 540 
i 704	 941 	 951 
i 518	 583 	 530 
i 817	 393 	 296 
i 665	 939 	 1037 
i 420	 625 	 619 
i 69	 638 	 541 
i 273	 145 	 101 
i 287	 726 	 781 
i 277	 412 	 498 
i 747	 304 	 399 
i 681	 800 	 836 
i 213	 404 	 344 
i 530	 614 	 517 
i 463	 630 	 666 
i 42	 624 	 544 
i 635	 153 	 87 
i 674	 169 	 158 
i 366	 420 	 466 
i 705	 222 	 123 
i 922	 163 	 214 
i 698	 144 	 131 
i 28	 752 	 782 
i 595	 931 	 867 
i 179	 947 	 975 
i 756	 666 	 702 
i 804	 759 	 722 
i 870	 913 	 1011 
i 219	 420 	 391 
i 344	 182 	 94 
i 403	 190 	 287 
i 441	 863 	 900 
i 163	 364 	 406 
i 85	 942 	 903 
i 27	 214 	 211 
i 651	 786 	 734 
i 381	 506 	 415 
i 283	 791 	 874 
i 630	 785 	 712 
i 710	 216 	 211 
i 800	 273 	 349 
i 647	 262 	 226 
i 932	 871 	 868 
i 867	 616 	 630 
i 984	 890 	 909 
i 744	 434 	 383 
i 190	 650 	 675 
i 954	 692 	 774 
i 713	 618 	 626 
i 832	 739 	 689 
i 16	 277 	 187 
i 186	 173 	 213 
i 42	 461 	 487 
i 611	 894 	 894 
i 487	 513 	 509 
i 851	 156 	 101 
i 458	 377 	 360 
i 112	 937 	 911 
i 682	 859 	 776 
i 389	 453 	 536 
i 576	 678 	 764 
i 646	 726 	 649 
i 41	 460 	 392 
i 921	 134 	 188 
i 374	 579 	 530 
i 425	 121 	 43 
i 725	 325 	 338 
i 655	 697 	 732 
i 497	 140 	 112 
i 882	 217 	 267 
i 520	 145 	 110 
i 213	 976 	 1070 
i 606	 193 	 95 
i 632	 337 	 423 
i 160	 134 	 95 
i 172	 365 	 411 
i 412	 463 	 454 
i 72	 968 	 890 
i 106	 683 	 704 
i 226	 115 	 113 
i 265	 783 	 685 
i 238	 185 	 129 
i 331	 161 	 227 
i 585	 173 	 165 
i 611	 115 	 139 
i 897	 389 	 447 
i 294	 152 	 93 
i 259	 559 	 514 
i 902	 659 	 635 
i 908	 312 	 333 
i 664	 749 	 823 
i 748	 760 	 682 
i 805	 960 	 948 
i 875	 810 	 715 
i 880	 332 	 359 
i 195	 886 	 893 
i 241	 703 	 769 
i 745	 886 	 803 
i 363	 244 	 342 
i 589	 585 	 664 
i 308	 238 	 250 
i 40	 126 	 88 
i 994	 225 	 148 
i 781	 618 	 716 
i 31	 643 	 717 
i 903	 322 	 235 
i 569	 799 	 760 
i 441	 648 	 559 
i 592	 727 	 710 
i 126	 719 	 620 
i 269	 630 	 593 
i 286	 242 	 212 
i 415	 520 	 489 
i 985	 624 	 550 
i 584	 619 	 551 
i 822	 507 	 419 
i 596	 568 	 594 
i 201	 844 	 759 
i 893	 893 	 926 
i 578	 375 	 433 
i 162	 382 	 294 
i 310	 662 	 631 
i 770	 978 	 1030 
i 348	 400 	 449 
i 919	 516 	 482 
i 366	 660 	 590 
i 880	 717 	 767 
i 705	 392 	 482 
i 585	 459 	 527 
i 883	 163 	 147 
i 189	 868 	 884 
i 809	 923 	 1001 
i 784	 343 	 375 
i 110	 132 	 34 
i 566	 798 	 884 
i 185	 204 	 163 
i 867	 342 	 277 
i 184	 120 	 196 
i 575	 965 	 958 
i 634	 826 	 796 
i 486	 313 	 321 
i 401	 832 	 801 
i 662	 737 	 663 
i 687	 438 	 386 
i 460	 449 	 511 
i 565	 389 	 487 
i 825	 653 	 725 
i 835	 812 	 721 
i 796	 708 	 732 
i 602	 236 	 187 
i 829	 549 	 597 
i 640	 140 	 68 
i 345	 451 	 511 
i 714	 570 	 568 
i 95	 787 	 877 
i 408	 618 	 621 
i 18	 613 	 581 
i 806	 490 	 425 
i 479	 530 	 624 
i 620	 193 	 208 
i 114	 419 	 399 
i 148	 189 	 97 
i 530	 316 	 293 
i 47	 142 	 62 
i 807	 579 	 518 
i 378	 535 	 556 
i 943	 994 	 1018 
i 370	 409 	 395 
i 841	 566 	 647 
i 933	 542 	 547 
i 281	 165 	 193 
i 370	 524 	 582 
i 601	 563 	 527 
i 636	 909 	 882 
i 163	 112 	 47 
i 640	 289 	 299 
i 634	 827 	 826 
i 969	 493 	 566 
i 481	 875 	 916 
i 967	 795 	 823 
i 28	 377 	 461 
i 493	 949 	 907 
i 3	 763 	 841 
i 901	 160 	 165 
i 903	 487 	 525 
i 104	 644 	 610 
i 909	 247 	 340 
i 340	 689 	 775 
i 200	 571 	 554 
i 969	 312 	 288 
i 269	 883 	 865 
i 213	 815 	 895 
i 946	 187 	 268 
i 3	 982 	 1043 
i 427	 564 	 606 
i 27	 290 	 352 
i 180	 585 	 629 
i 831	 554 	 466 
i 349	 496 	 448 
i 576	 866 	 812 
i 445	 317 	 317 
i 238	 683 	 725 
i 323	 597 	 629 
i 303	 514 	 546 
i 813	 343 	 261 
i 15	 975 	 898 
i 548	 810 	 769 
i 48	 565 	 490 
i 481	 622 	 617 
i 331	 856 	 766 
i 563	 174 	 173 
i 207	 621 	 667 
i 755	 367 	 278 
i 209	 955 	 927 
i 471	 657 	 591 
i 443	 737 	 674 
i 230	 841 	 888 
i 741	 215 	 271 
i 316	 329 	 281 
i 155	 753 	 772 
i 227	 800 	 731 
i 800	 353 	 326 
i 90	 118 	 42 
i 40	 170 	 136 
i 654	 491 	 551 
i 359	 646 	 594 
i 181	 814 	 808 
i 298	 580 	 523 
i 544	 388 	 394 
i 267	 623 	 660 
i 43	 264 	 346 
i 316	 405 	 447 
i 324	 731 	 791 
i 391	 839 	 907 
i 818	 243 	 242 
i 421	 955 	 1026 
i 212	 283 	 190 
i 740	 705 	 672 
i 52	 896 	 971 
i 628	 480 	 409 
i 800	 201 	 138 
i 132	 124 	 124 
i 830	 759 	 824 
i 649	 584 	 527 
i 798	 445 	 352 
i 748	 887 	 878 
i 942	 760 	 794 
i 610	 793 	 775 
i 494	 202 	 194 
i 909	 984 	 902 
i 12	 225 	 303 
i 27	 393 	 297 
i 756	 842 	 912 
i 289	 690 	 690 
i 665	 885 	 845 
i 539	 920 	 829 
i 270	 439 	 537 
i 38	 147 	 167 
i 140	 513 	 432 
i 122	 925 	 826 
i 251	 117 	 20 
i 568	 910 	 819 
i 390	 931 	 991 
i 42	 801 	 719 
i 913	 359 	 409 
i 823	 627 	 585 
i 193	 671 	 683 
i 234	 664 	 684 
i 687	 311 	 359 
i 602	 397 	 469 
i 609	 403 	 325 
i 508	 419 	 455 
i 431	 459 	 373 
i 208	 282 	 204 
i 487	 362 	 267 
i 68	 145 	 214 
i 698	 406 	 314 
i 321	 907 	 862 
i 546	 552 	 644 
i 868	 321 	 334 
i 197	 199 	 133 
i 543	 300 	 336 
i 935	 905 	 827 
i 129	 968 	 932 
i 412	 180 	 241 
i 450	 203 	 278 
i 782	 958 	 972 
i 678	 995 	 1074 
i 174	 351 	 339 
i 411	 318 	 279 
i 510	 820 	 821 
i 723	 975 	 884 
i 617	 693 	 789 
i 582	 794 	 716 
i 660	 191 	 195 
i 764	 909 	 1004 
i 717	 799 	 850 
i 712	 422 	 409 
i 982	 329 	 350 
i 216	 722 	 626 
i 15	 997 	 1003 
i 986	 558 	 508 
i 642	 602 	 676 
i 412	 588 	 578 
i 502	 688 	 610 
i 401	 266 	 341 
i 176	 244 	 262 
i 525	 917 	 878 
i 771	 415 	 372 
i 459	 957 	 957 
i 456	 974 	 977 
i 959	 557 	 558 
i 512	 783 	 712 
i 50	 668 	 679 
i 699	 181 	 93 
i 873	 282 	 274 
i 24	 173 	 200 
i 931	 701 	 633 
i 274	 973 	 1059 
i 225	 341 	 319 
i 197	 789 	 858 
i 699	 361 	 422 
i 455	 810 	 774 
i 82	 942 	 915 
i 162	 550 	 463 
i 355	 605 	 693 
i 425	 127 	 220 
i 90	 694 	 773 
i 60	 839 	 773 
i 319	 780 	 759 
i 83	 241 	 259 
i 365	 996 	 954 
i 152	 825 	 874 
i 88	 222 	 287 
i 582	 550 	 648 
i 139	 612 	 581 
i 157	 561 	 615 
i 812	 531 	 602 
i 632	 440 	 523 
i 385	 591 	 538 
i 532	 943 	 907 
i 527	 581 	 618 
i 332	 840 	 907 
i 456	 615 	 699 
i 950	 463 	 464 
i 514	 454 	 482 
i 21	 761 	 821 
i 494	 557 	 579 
i 864	 432 	 381 
i 405	 360 	 386 
i 342	 572 	 504 
i 871	 857 	 895 
i 692	 578 	 482 
i 260	 433 	 428 
i 655	 366 	 351 
i 43	 816 	 904 
i 774	 500 	 592 
i 276	 324 	 315 
i 637	 869 	 833 
i 918	 199 	 244 
i 438	 760 	 673 
i 278	 905 	 992 
i 803	 629 	 655 
i 167	 648 	 726 
i 454	 184 	 193 
i 248	 565 	 582 
i 686	 514 	 486 
i 925	 482 	 509 
i 779	 889 	 844 
i 879	 286 	 224 
i 610	 931 	 957 
i 504	 992 	 1073 
i 88	 938 	 980 
i 692	 609 	 684 
i 775	 512 	 478 
i 286	 997 	 1013 
i 740	 630 	 583 
i 158	 952 	 890 
i 34	 630 	 724 
i 230	 875 	 945 
i 154	 158 	 150 
i 145	 719 	 812 
i 76	 639 	 549 
i 636	 384 	 433 
i 88	 278 	 282 
i 84	 574 	 635 
i 668	 203 	 212 
i 615	 441 	 481 
i 199	 613 	 660 
i 59	 589 	 682 
i 112	 459 	 383 
i 796	 870 	 823 
i 392	 840 	 808 
i 699	 888 	 983 
i 887	 663 	 576 
i 409	 237 	 166 
i 513	 954 	 1017 
i 884	 551 	 537 
i 450	 289 	 315 
i 988	 945 	 982 
i 380	 917 	 977 
i 235	 136 	 155 
i 56	 373 	 470 
i 930	 676 	 713 
i 551	 657 	 672 
i 693	 715 	 812 
i 643	 847 	 846 
i 139	 685 	 661 
i 340	 180 	 246 
i 278	 741 	 805 
i 185	 465 	 405 
i 214	 288 	 274 
i 508	 819 	 817 
i 145	 810 	 794 
i 759	 533 	 627 
i 439	 156 	 189 
i 268	 143 	 104 
i 913	 586 	 575 
i 991	 926 	 983 
i 701	 776 	 688 
i 100	 617 	 566 
i 299	 795 	 787 
i 96	 293 	 387 
i 882	 728 	 651 
i 358	 213 	 288 
i 409	 188 	 150 
i 445	 779 	 795 
i 979	 164 	 163 
i 896	 560 	 557 
i 646	 370 	 307 
i 216	 427 	 384 
i 985	 648 	 665 
i 191	 170 	 206 
i 885	 144 	 156 
i 1	 248 	 332 
i 88	 137 	 103 
i 839	 416 	 471 
i 899	 934 	 984 
i 405	 485 	 515 
i 697	 918 	 877 
i 54	 196 	 198 
i 658	 451 	 450 
i 725	 972 	 1009 
i 763	 689 	 703 
i 917	 301 	 315 
i 947	 231 	 263 
i 292	 524 	 524 
i 218	 325 	 304 
i 639	 996 	 1057 
i 548	 686 	 686 
i 644	 950 	 961 
i 28	 516 	 458 
i 996	 959 	 1046 
i 646	 682 	 722 
i 860	 303 	 327 
i 996	 813 	 826 
i 462	 512 	 583 
i 702	 957 	 872 
i 698	 424 	 467 
i 345	 250 	 203 
i 290	 697 	 778 
i 746	 302 	 389 
i 700	 492 	 578 
i 343	 438 	 454 
i 559	 174 	 162 
i 350	 726 	 713 
i 801	 342 	 421 
i 753	 217 	 237 
i 106	 286 	 245 
i 263	 924 	 953 
i 922	 271 	 357 
i 138	 191 	 227 
i 567	 135 	 111 
i 935	 965 	 1009 
i 7	 592 	 548 
i 698	 984 	 1010 
i 958	 484 	 470 
i 79	 394 	 331 
i 277	 929 	 887 
i 192	 307 	 318 
i 372	 880 	 875 
i 462	 822 	 845 
i 490	 538 	 474 
i 451	 876 	 799 
i 992	 631 	 556 
i 975	 883 	 947 
i 395	 556 	 612 
i 714	 942 	 1014 
i 635	 219 	 146 
i 855	 479 	 444 
i 721	 973 	 1013 
i 521	 509 	 441 
i 2	 167 	 197 
i 862	 330 	 250 
i 448	 436 	 355 
i 317	 547 	 461 
i 818	 391 	 384 
i 753	 198 	 134 
i 875	 964 	 1027 
i 291	 197 	 231 
i 261	 490 	 468 
i 709	 224 	 306 
i 772	 369 	 451 
i 20	 950 	 1005 
i 385	 153 	 97 
i 876	 239 	 247 
i 192	 303 	 274 
i 290	 718 	 640 
i 250	 879 	 976 
i 347	 715 	 670 
i 773	 422 	 429 
i 901	 771 	 720 
i 192	 694 	 598 
i 137	 617 	 525 
i 185	 419 	 404 
i 330	 619 	 579 
i 546	 211 	 209 
i 230	 530 	 586 
i 94	 630 	 536 
i 773	 619 	 595 
i 125	 868 	 798 
i 867	 459 	 370 
i 523	 680 	 629 
i 94	 698 	 674 
i 440	 735 	 748 
i 12	 224 	 303 
i 125	 493 	 481 
i 596	 933 	 967 
i 180	 741 	 794 
i 752	 772 	 780 
i 604	 221 	 254 
i 995	 359 	 365 
i 636	 409 	 320 
i 298	 629 	 558 
i 999	 970 	 988 
i 128	 587 	 607 
i 558	 496 	 541 
i 482	 891 	 855 
i 192	 601 	 601 
i 935	 395 	 346 
i 60	 876 	 947 
i 340	 578 	 649 
i 675	 163 	 161 
i 258	 214 	 271 
i 226	 347 	 404 
i 761	 871 	 954 
i 196	 518 	 512 
i 74	 274 	 365 
i 626	 561 	 490 
i 945	 119 	 35 
i 806	 345 	 273 
i 333	 220 	 216 
i 392	 981 	 912 
i 508	 528 	 510 
i 773	 340 	 368 
i 629	 152 	 132 
i 88	 965 	 984 
i 272	 497 	 531 
i 778	 457 	 416 
i 788	 588 	 536 
i 53	 661 	 570 
i 176	 787 	 763 
i 155	 326 	 380 
i 624	 465 	 421 
i 883	 834 	 744 
i 929	 514 	 550 
i 891	 871 	 925 
i 326	 513 	 421 
i 715	 221 	 285 
i 252	 485 	 506 
i 870	 700 	 732 
i 631	 743 	 810 
i 873	 192 	 290 
i 273	 879 	 902 
i 87	 240 	 239 
i 541	 288 	 273 
i 397	 896 	 859 
i 849	 693 	 722 
i 973	 731 	 703 
i 394	 573 	 595 
i 57	 226 	 222 
i 768	 814 	 736 
i 860	 670 	 767 
i 725	 663 	 614 
i 871	 322 	 291 
i 71	 766 	 843 
i 954	 259 	 215 
i 609	 543 	 469 
i 307	 228 	 149 
i 826	 548 	 547 
i 956	 203 	 214 
i 747	 631 	 596 
i 377	 732 	 669 
i 997	 720 	 802 
i 236	 951 	 1007 
i 973	 370 	 440 
i 140	 270 	 331 
i 626	 523 	 506 
i 758	 641 	 685 
i 250	 735 	 745 
i 354	 291 	 292 
i 939	 786 	 736 
i 639	 186 	 212 
i 325	 351 	 376 
i 271	 272 	 344 
i 563	 968 	 1035 
i 743	 838 	 933 
i 207	 667 	 687 
i 803	 149 	 121 
i 506	 793 	 815 
i 708	 394 	 487 
i 468	 844 	 924 
i 552	 182 	 190 
i 822	 743 	 816 
i 5	 413 	 340 
i 969	 293 	 333 
i 788	 148 	 137 
i 415	 128 	 158 
i 458	 665 	 655 
i 226	 986 	 1078 
i 544	 641 	 674 
i 370	 610 	 537 
i 450	 525 	 562 
i 161	 119 	 121 
i 501	 891 	 894 
i 706	 126 	 123 
i 749	 750 	 704 
i 769	 258 	 295 
i 393	 837 	 766 
i 378	 353 	 327 
i 974	 317 	 400 
i 536	 912 	 869 
i 3	 144 	 190 
i 12	 756 	 835 
i 889	 321 	 300 
i 907	 780 	 700 
i 627	 323 	 393 
i 792	 566 	 590 
i 610	 289 	 191 
i 882	 419 	 397 
i 115	 749 	 722 
i 17	 674 	 754 
i 54	 928 	 1008 
i 779	 692 	 775 
i 17	 599 	 660 
i 769	 952 	 994 
i 8	 155 	 123 
i 520	 913 	 839 
i 720	 576 	 624 
i 68	 588 	 612 
i 786	 937 	 984 
i 421	 374 	 425 
i 340	 287 	 349 
i 994	 202 	 219 
i 545	 127 	 148 
i 492	 843 	 818 
i 542	 588 	 564 
i 444	 891 	 971 
i 967	 120 	 144 
i 505	 780 	 818 
i 435	 446 	 441 
i 731	 215 	 294 
i 929	 887 	 834 
i 32	 718 	 664 
i 51	 353 	 408 
i 874	 892 	 845 
i 412	 336 	 398 
i 290	 677 	 627 
i 300	 590 	 534 
i 53	 255 	 300 
i 431	 870 	 802 
i 548	 405 	 483 
i 422	 315 	 379 
i 106	 527 	 597 
i 379	 734 	 814 
i 258	 537 	 592 
i 512	 776 	 714 
i 149	 608 	 604 
i 688	 835 	 891 
i 851	 144 	 210 
i 705	 791 	 743 
i 38	 935 	 997 
i 267	 841 	 787 
i 735	 683 	 650 
i 437	 554 	 597 
i 916	 469 	 563 
i 665	 273 	 270 
i 225	 442 	 469 
i 40	 870 	 834 
i 77	 674 	 609 
i 841	 526 	 602 
i 769	 761 	 844 
i 590	 593 	 529 
i 235	 801 	 884 
i 732	 213 	 184 
i 136	 850 	 804 
i 318	 828 	 915 
i 691	 372 	 304 
i 545	 937 	 877 
i 180	 336 	 291 
i 647	 491 	 414 
i 379	 385 	 462 
i 921	 312 	 307 
i 698	 476 	 518 
i 813	 404 	 393 
i 645	 721 	 737 
i 453	 964 	 1043 
i 747	 908 	 926 
i 676	 164 	 91 
i 929	 343 	 306 
i 358	 590 	 682 
i 667	 697 	 665 
i 893	 598 	 550 
i 304	 135 	 227 
i 635	 769 	 823 
i 322	 277 	 260 
i 282	 794 	 868 
i 180	 705 	 728 
i 239	 342 	 301 
i 500	 463 	 408 
i 40	 744 	 760 
i 699	 712 	 661 
i 248	 127 	 55 
i 275	 361 	 350 
i 16	 326 	 242 
i 203	 126 	 106 
i 971	 499 	 536 
i 641	 385 	 457 
i 901	 936 	 856 
i 298	 309 	 329 
i 12	 509 	 537 
i 687	 139 	 107 
i 706	 361 	 379 
i 987	 488 	 561 
i 230	 885 	 961 
i 247	 958 	 874 
i 684	 428 	 339 
i 992	 148 	 187 
i 920	 917 	 936 
i 145	 120 	 199 
i 593	 657 	 738 
i 624	 341 	 359 
i 905	 646 	 605 
i 330	 281 	 238 
i 202	 161 	 164 
i 155	 945 	 997 
i 511	 130 	 119 
i 554	 179 	 167 
i 461	 799 	 771 
i 472	 441 	 442 
i 87	 348 	 267 
i 346	 265 	 309 
i 947	 793 	 818 
i 140	 170 	 261 
i 197	 426 	 358 
i 135	 886 	 849 
i 157	 676 	 741 
i 235	 186 	 162 
i 9	 578 	 646 
i 380	 900 	 862 
i 647	 461 	 441 
i 820	 549 	 598 
i 587	 303 	 341 
i 655	 863 	 929 
i 10	 827 	 733 
i 881	 970 	 903 
i 518	 362 	 326 
i 603	 208 	 219 
i 129	 547 	 560 
i 17	 406 	 494 
i 411	 685 	 703 
i 904	 153 	 135 
i 121	 816 	 915 
i 967	 544 	 574 
i 773	 396 	 428 
i 740	 423 	 431 
i 23	 569 	 481 
i 133	 856 	 888 
i 623	 462 	 520 
i 956	 964 	 1026 
i 603	 915 	 859 
i 650	 552 	 477 
i 444	 918 	 867 
i 930	 917 	 859 
i 252	 609 	 706 
i 603	 310 	 355 
i 119	 793 	 843 
i 957	 848 	 924 
i 353	 550 	 551 
i 313	 366 	 358 
i 218	 197 	 109 
i 714	 394 	 436 
i 622	 506 	 437 
i 530	 725 	 642 
i 91	 915 	 883 
i 315	 904 	 992 
i 83	 661 	 573 
i 912	 439 	 342 
i 407	 335 	 309 
i 694	 784 	 820 
i 792	 306 	 386 
i 112	 363 	 386 
i 556	 998 	 945 
i 247	 249 	 302 
i 152	 328 	 399 
i 44	 631 	 565 
i 664	 580 	 531 
i 34	 635 	 568 
i 286	 653 	 668 
i 44	 983 	 937 
i 263	 703 	 615 
i 547	 616 	 551 
i 546	 275 	 321 
i 702	 487 	 582 
i 947	 281 	 206 
i 532	 157 	 91 
i 62	 312 	 379 
i 652	 540 	 614 
i 262	 691 	 622 
i 243	 315 	 254 
i 909	 557 	 549 
i 478	 613 	 514 
i 663	 769 	 780 
i 87	 530 	 481 
i 279	 510 	 450 
i 331	 624 	 671 
i 557	 778 	 837 
i 40	 633 	 622 
i 693	 518 	 560 
i 923	 657 	 747 
i 425	 834 	 906 
i 990	 356 	 324 
i 731	 365 	 265 
i 203	 859 	 777 
i 651	 199 	 172 
i 230	 380 	 420 
i 981	 146 	 97 
i 569	 856 	 815 
i 28	 366 	 463 
i 642	 998 	 1080 
i 456	 958 	 925 
i 732	 837 	 802 
i 20	 251 	 163 
i 861	 255 	 207 
i 959	 336 	 419 
i 264	 664 	 592 
i 304	 397 	 322 
i 142	 626 	 665 
i 429	 889 	 933 
i 428	 880 	 853 
i 381	 803 	 867 
i 198	 215 	 225 
i 356	 508 	 522 
i 518	 562 	 548 
i 771	 797 	 775 
i 394	 721 	 752 
i 717	 850 	 942 
i 296	 962 	 882 
i 172	 691 	 697 
i 38	 444 	 535 
i 817	 769 	 736 
i 935	 610 	 617 
i 383	 214 	 292 
i 891	 723 	 705 
i 663	 220 	 156 
i 350	 570 	 585 
i 183	 265 	 223 
i 140	 230 	 247 
i 792	 321 	 373 
i 169	 794 	 853 
i 909	 757 	 780 
i 471	 171 	 181 
i 587	 648 	 735 
i 277	 553 	 618 
i 400	 919 	 916 
i 916	 193 	 260 
i 91	 706 	 610 
i 226	 967 	 899 
i 463	 602 	 692 
i 232	 391 	 315 
i 959	 213 	 119 
i 27	 762 	 762 
i 632	 364 	 282 
i 131	 306 	 279 
i 40	 152 	 205 
i 133	 587 	 623 
i 802	 445 	 499 
i 765	 464 	 563 
i 319	 608 	 600 
i 634	 568 	 606 
i 749	 678 	 708 
i 482	 706 	 742 
i 767	 265 	 227 
i 987	 345 	 333 
i 34	 672 	 668 
i 570	 464 	 486 
i 945	 183 	 166 
i 344	 871 	 807 
i 903	 871 	 871 
i 419	 393 	 320 
i 57	 121 	 197 
i 726	 702 	 675 
i 900	 418 	 344 
i 164	 695 	 619 
i 795	 199 	 129 
i 193	 628 	 672 
i 274	 285 	 319 
i 129	 656 	 558 
i 984	 818 	 901 
i 302	 375 	 342 
i 314	 495 	 473 
i 979	 393 	 316 
i 325	 719 	 622 
i 982	 838 	 774 
i 83	 945 	 1040 
i 664	 193 	 127 
i 861	 837 	 826 
i 475	 544 	 558 
i 271	 557 	 568 
i 568	 484 	 556 
i 1	 783 	 717 
i 318	 243 	 173 
i 3	 349 	 344 
i 820	 367 	 359 
i 759	 530 	 538 
i 852	 511 	 452 
i 670	 663 	 576 
i 158	 170 	 178 
i 660	 680 	 742 
i 80	 288 	 264 
i 835	 164 	 140 
i 985	 319 	 358 
i 254	 455 	 495 
i 542	 880 	 884 
i 14	 401 	 357 
i 464	 883 	 809 
i 86	 178 	 238 
i 153	 238 	 330 
i 793	 720 	 744 
i 992	 554 	 594 
i 53	 892 	 899 
i 287	 342 	 346 
i 674	 964 	 1019 
i 540	 699 	 662 
i 866	 274 	 240 
i 735	 524 	 583 
i 811	 642 	 718 
i 955	 468 	 374 
i 641	 434 	 499 
i 140	 986 	 1049 
i 20	 720 	 794 
i 280	 308 	 239 
i 240	 772 	 838 
i 901	 572 	 546 
i 85	 855 	 803 
i 550	 261 	 356 
i 148	 968 	 1025 
i 550	 863 	 911 
i 913	 892 	 868 
i 898	 738 	 742 
i 584	 578 	 586 
i 806	 465 	 529 
i 550	 606 	 518 
i 70	 459 	 551 
i 906	 791 	 700 
i 77	 116 	 135 
i 42	 984 	 1033 
i 887	 795 	 754 
i 766	 566 	 507 
i 473	 907 	 828 
i 998	 484 	 522 
i 397	 966 	 965 
i 954	 808 	 717 
i 347	 863 	 786 
i 112	 831 	 735 
i 119	 874 	 793 
i 101	 516 	 444 
i 870	 290 	 195 
i 384	 553 	 611 
i 280	 739 	 692 
i 700	 835 	 788 
i 662	 560 	 592 
i 447	 113 	 136 
i 293	 154 	 246 
i 104	 257 	 172 
i 961	 278 	 216 
i 418	 366 	 325 
i 620	 490 	 423 
i 119	 515 	 524 
i 826	 332 	 397 
i 640	 569 	 574 
i 146	 805 	 743 
i 149	 506 	 533 
i 198	 166 	 252 
i 362	 134 	 40 
i 550	 202 	 301 
i 837	 375 	 357 
i 265	 637 	 544 
i 719	 785 	 715 
i 967	 384 	 479 
i 483	 233 	 256 
i 265	 703 	 756 
i 709	 874 	 956 
i 771	 552 	 474 
i 798	 492 	 486 
i 901	 523 	 427 
i 199	 520 	 592 
i 791	 888 	 813 
i 550	 919 	 987 
i 857	 167 	 229 
i 994	 149 	 107 
i 661	 700 	 711 
i 520	 492 	 445 
i 18	 415 	 323 
i 446	 514 	 581 
i 909	 935 	 983 
i 370	 956 	 1043 
i 245	 832 	 878 
i 155	 943 	 899 
i 218	 805 	 732 
i 262	 637 	 563 
i 924	 899 	 957 
i 354	 507 	 469 
i 697	 746 	 712 
i 151	 782 	 837 
i 79	 638 	 675 
i 30	 407 	 318 
i 841	 353 	 313 
i 778	 114 	 105 
i 559	 363 	 397 
i 152	 485 	 572 
i 39	 602 	 673 
i 485	 419 	 361 
i 200	 698 	 780 
i 954	 993 	 905 
i 549	 795 	 722 
i 882	 516 	 449 
i 156	 567 	 469 
i 160	 835 	 892 
i 443	 350 	 319 
i 864	 949 	 949 
i 417	 892 	 899 
i 764	 767 	 671 
i 425	 957 	 901 
i 417	 877 	 812 
i 187	 932 	 977 
i 644	 167 	 188 
i 157	 317 	 370 
i 971	 327 	 412 
i 242	 140 	 113 
i 185	 450 	 396 
i 64	 895 	 924 
i 802	 486 	 468 
i 755	 507 	 574 
i 617	 706 	 657 
i 541	 865 	 853 
i 604	 623 	 540 
i 837	 276 	 224 
i 81	 956 	 898 
i 114	 890 	 881 
i 496	 328 	 356 
i 379	 534 	 575 
i 800	 223 	 224 
i 247	 590 	 542 
i 917	 446 	 522 
i 766	 674 	 658 
i 342	 178 	 83 
i 528	 255 	 327 
i 479	 471 	 559 
i 356	 662 	 573 
i 601	 179 	 189 
i 78	 749 	 835 
i 204	 487 	 533 
i 743	 938 	 1033 
i 121	 283 	 362 
i 754	 176 	 208 
i 829	 551 	 451 
i 992	 574 	 580 
i 398	 452 	 354 
i 19	 402 	 375 
i 96	 454 	 547 
i 813	 946 	 854 
i 237	 885 	 834 
i 168	 647 	 745 
i 362	 628 	 550 
i 436	 535 	 608 
i 931	 235 	 273 
i 453	 238 	 275 
i 837	 710 	 627 
i 166	 719 	 639 
i 551	 156 	 95 
i 491	 127 	 29 
i 362	 166 	 115 
i 965	 387 	 370 
i 547	 379 	 434 
i 26	 478 	 421 
i 165	 358 	 287 
i 308	 975 	 995 
i 982	 697 	 684 
i 667	 773 	 793 
i 718	 865 	 795 
i 737	 153 	 182 
i 800	 164 	 65 
i 111	 386 	 480 
i 412	 758 	 761 
i 825	 562 	 571 
i 104	 754 	 795 
i 77	 885 	 788 
i 736	 530 	 430 
i 481	 919 	 952 
i 330	 566 	 543 
i 377	 703 	 627 
i 438	 388 	 472 
i 748	 394 	 300 
i 476	 370 	 359 
i 983	 832 	 786 
i 707	 427 	 401 
i 579	 170 	 159 
i 50	 186 	 123 
i 958	 186 	 219 
i 471	 779 	 878 
i 138	 233 	 207 
i 450	 341 	 403 
i 769	 272 	 283 
i 61	 301 	 208 
i 872	 697 	 600 
i 229	 938 	 983 
i 296	 381 	 342 
i 380	 781 	 752 
i 464	 947 	 909 
i 216	 651 	 708 
i 353	 648 	 732 
i 613	 980 	 954 
i 794	 813 	 741 
i 10	 422 	 362 
i 669	 453 	 367 
i 600	 471 	 431 
i 904	 228 	 247 
i 659	 499 	 594 
i 599	 816 	 804 
i 207	 206 	 237 
i 811	 904 	 806 
i 789	 836 	 861 
i 580	 278 	 261 
i 929	 404 	 389 
i 315	 585 	 504 
i 720	 651 	 690 
i 852	 921 	 941 
i 290	 564 	 516 
i 83	 545 	 617 
i 191	 939 	 852 
i 84	 636 	 712 
i 900	 647 	 681 
i 89	 314 	 264 
i 420	 687 	 623 
i 952	 180 	 179 
i 561	 268 	 211 
i 472	 890 	 803 
i 982	 538 	 509 
i 472	 771 	 759 
i 404	 649 	 675 
i 994	 712 	 754 
i 598	 606 	 628 
i 826	 314 	 354 
i 475	 537 	 461 
i 552	 697 	 612 
i 729	 249 	 276 
i 606	 441 	 362 
i 87	 501 	 419 
i 829	 819 	 831 
i 436	 322 	 415 
i 112	 883 	 975 
i 669	 630 	 641 
i 897	 287 	 264 
i 377	 913 	 985 
i 37	 134 	 116 
i 192	 201 	 129 
i 563	 767 	 816 
i 3	 864 	 930 
i 800	 946 	 978 
i 38	 558 	 478 
i 907	 528 	 470 
i 491	 494 	 570 
i 690	 992 	 1047 
i 593	 446 	 377 
i 619	 322 	 260 
i 721	 689 	 666 
i 460	 816 	 905 
i 309	 592 	 682 
i 248	 445 	 495 
i 751	 147 	 205 
i 221	 237 	 276 
i 652	 426 	 363 
i 644	 321 	 396 
i 21	 125 	 119 
i 259	 265 	 183 
i 909	 437 	 499 
i 702	 780 	 734 
i 245	 735 	 751 
i 621	 692 	 757 
i 662	 472 	 488 
i 804	 285 	 345 
i 159	 905 	 895 
i 395	 184 	 103 
i 412	 965 	 888 
i 585	 496 	 471 
i 951	 578 	 535 
i 704	 411 	 508 
i 407	 655 	 601 
i 61	 283 	 353 
i 467	 132 	 135 
i 663	 648 	 612 
i 556	 471 	 467 
i 638	 875 	 950 
i 600	 962 	 919 
i 34	 178 	 252 
i 559	 513 	 577 
i 897	 768 	 773 
i 509	 758 	 844 
i 703	 966 	 1064 
i 727	 837 	 829 
i 331	 408 	 332 
i 737	 694 	 730 
i 597	 232 	 195 
i 555	 121 	 204 
i 631	 376 	 466 
i 84	 261 	 263 
i 823	 993 	 974 
i 552	 573 	 656 
i 514	 515 	 539 
i 332	 510 	 479 
i 666	 920 	 955 
i 322	 141 	 124 
i 458	 746 	 648 
i 470	 140 	 153 
i 767	 957 	 896 
i 937	 914 	 870 
i 930	 479 	 400 
i 451	 842 	 873 
i 905	 768 	 702 
i 355	 431 	 431 
i 266	 739 	 672 
i 301	 453 	 451 
i 16	 823 	 912 
i 49	 834 	 817 
i 2	 450 	 387 
i 905	 626 	 550 
i 320	 877 	 787 
i 143	 971 	 972 
i 882	 666 	 648 
i 242	 819 	 872 
i 949	 377 	 283 
i 335	 528 	 494 
i 137	 965 	 934 
i 951	 920 	 899 
i 333	 403 	 382 
i 913	 569 	 529 
i 775	 679 	 703 
i 742	 728 	 781 
i 367	 288 	 317 
i 164	 653 	 730 
i 464	 446 	 513 
i 933	 474 	 408 
i 894	 770 	 732 
i 804	 190 	 142 
i 134	 543 	 561 
i 649	 897 	 898 
i 289	 277 	 233 
i 983	 831 	 736 
i 183	 622 	 600 
i 793	 308 	 319 
i 171	 210 	 114 
i 580	 955 	 1045 
i 321	 221 	 290 
i 411	 497 	 527 
i 897	 730 	 787 
i 781	 370 	 357 
i 969	 821 	 866 
i 779	 184 	 225 
i 355	 206 	 284 
i 577	 555 	 591 
i 688	 161 	 232 
i 638	 179 	 166 
i 762	 139 	 190 
i 198	 894 	 827 
i 894	 585 	 497 
i 186	 396 	 465 
i 985	 784 	 847 
i 68	 539 	 557 
i 176	 280 	 369 
i 675	 184 	 189 
i 732	 792 	 734 
i 809	 664 	 734 
i 841	 162 	 185 
i 722	 834 	 896 
i 256	 983 	 1024 
i 577	 151 	 229 
i 335	 903 	 978 
i 817	 739 	 828 
i 8	 379 	 303 
i 90	 334 	 393 
i 857	 802 	 807 
i 480	 992 	 959 
i 537	 861 	 796 
i 352	 519 	 599 
i 333	 353 	 284 
i 378	 982 	 1028 
i 270	 887 	 800 
i 977	 779 	 856 
i 280	 731 	 809 
i 531	 839 	 935 
i 308	 659 	 727 
i 300	 240 	 204 
i 145	 540 	 611 
i 604	 699 	 640 
i 877	 611 	 619 
i 857	 750 	 834 
i 731	 514 	 452 
i 483	 575 	 508 
i 181	 473 	 462 
i 2	 378 	 473 
i 618	 364 	 321 
i 763	 222 	 239 
i 246	 507 	 553 
i 907	 381 	 347 
i 470	 567 	 509 
i 190	 160 	 73 
i 643	 978 	 1037 
i 166	 258 	 214 
i 573	 406 	 398 
i 874	 804 	 796 
i 159	 784 	 700 
i 285	 149 	 218 
i 731	 670 	 588 
i 35	 430 	 529 
i 548	 727 	 720 
i 604	 915 	 946 
i 579	 977 	 937 
i 744	 799 	 792 
i 78	 161 	 68 
i 857	 574 	 656 
i 615	 987 	 901 
i 658	 171 	 142 
i 287	 923 	 840 
i 646	 115 	 39 
i 340	 115 	 149 
i 245	 532 	 487 
i 220	 228 	 298 
i 993	 496 	 515 
i 51	 911 	 946 
i 572	 946 	 952 
i 557	 870 	 799 
i 626	 935 	 996 
i 540	 364 	 282 
i 545	 442 	 489 
i 550	 552 	 467 
i 24	 260 	 224 
i 156	 504 	 512 
i 590	 375 	 382 
i 490	 907 	 924 
i 430	 619 	 550 
i 284	 205 	 248 
i 211	 337 	 305 
i 496	 164 	 240 
i 868	 247 	 232 
i 365	 904 	 999 
i 533	 974 	 874 
i 976	 373 	 304 
i 274	 855 	 904 
i 170	 443 	 390 
i 742	 965 	 998 
i 848	 217 	 307 
i 103	 854 	 786 
i 163	 268 	 299 
i 317	 163 	 168 
i 210	 543 	 621 
i 182	 523 	 507 
i 477	 524 	 504 
i 315	 663 	 697 
i 689	 438 	 506 
i 650	 649 	 666 
i 770	 353 	 339 
i 606	 310 	 317 
i 783	 454 	 493 
i 843	 150 	 53 
i 330	 618 	 562 
i 793	 521 	 502 
i 258	 899 	 975 
i 879	 366 	 305 
i 249	 965 	 1042 
i 854	 825 	 832 
i 128	 457 	 418 
i 352	 842 	 924 
i 739	 429 	 468 
i 783	 161 	 168 
i 354	 174 	 247 
i 816	 374 	 406 
i 702	 736 	 819 
i 989	 631 	 690 
i 950	 807 	 716 
i 754	 706 	 786 
i 145	 294 	 199 
i 967	 566 	 542 
i 326	 488 	 412 
i 382	 217 	 297 
i 454	 696 	 647 
i 750	 579 	 493 
i 454	 278 	 333 
i 40	 206 	 259 
i 823	 915 	 958 
i 493	 957 	 951 
i 699	 869 	 892 
i 211	 895 	 911 
i 635	 345 	 426 
i 756	 452 	 410 
i 415	 366 	 414 
i 942	 595 	 593 
i 131	 660 	 749 
i 238	 462 	 559 
i 143	 254 	 316 
i 95	 891 	 851 
i 947	 421 	 321 
i 830	 968 	 910 
i 94	 597 	 666 
i 478	 515 	 536 
i 765	 773 	 677 
i 310	 545 	 637 
i 928	 985 	 903 
i 324	 939 	 905 
i 485	 928 	 922 
i 363	 761 	 774 
i 711	 142 	 145 
i 676	 145 	 114 
i 224	 335 	 323 
i 678	 202 	 285 
i 424	 740 	 776 
i 912	 759 	 857 
i 896	 726 	 810 
i 828	 809 	 758 
i 748	 214 	 259 
i 480	 636 	 554 
i 515	 252 	 312 
i 553	 712 	 707 
i 806	 131 	 171 
i 908	 523 	 499 
i 616	 450 	 510 
i 346	 168 	 211 
i 38	 162 	 184 
i 823	 981 	 969 
i 939	 309 	 247 
i 531	 958 	 992 
i 690	 151 	 88 
i 367	 866 	 913 
i 390	 403 	 411 
i 853	 139 	 129 
i 235	 478 	 391 
i 300	 305 	 287 
i 357	 943 	 933 
i 336	 600 	 555 
i 559	 993 	 936 
i 513	 274 	 323 
i 558	 870 	 857 
i 408	 145 	 205 
i 737	 802 	 740 
i 769	 397 	 306 
i 183	 799 	 755 
i 401	 861 	 876 
i 337	 341 	 428 
i 887	 743 	 697 
i 880	 988 	 1054 
i 64	 290 	 258 
i 918	 954 	 1034 
i 957	 452 	 414 
i 735	 277 	 186 
i 58	 448 	 511 
i 832	 489 	 588 
i 676	 738 	 717 
i 935	 365 	 412 
i 647	 309 	 333 
i 633	 550 	 551 
i 835	 400 	 413 
i 784	 706 	 703 
i 169	 620 	 608 
i 357	 896 	 831 
i 736	 938 	 885 
i 163	 775 	 688 
i 868	 774 	 823 
i 155	 240 	 276 
i 378	 896 	 861 
i 872	 562 	 654 
i 199	 122 	 181 
i 869	 628 	 644 
i 442	 172 	 221 
i 326	 567 	 488 
i 257	 727 	 795 
i 4	 937 	 837 
i 749	 999 	 1073 
i 895	 773 	 678 
i 779	 489 	 470 
i 287	 780 	 735 
i 300	 745 	 740 
i 882	 565 	 534 
i 951	 192 	 249 
i 465	 859 	 781 
i 158	 953 	 927 
i 88	 813 	 787 
i 88	 817 	 741 
i 832	 705 	 608 
i 258	 730 	 789 
i 11	 202 	 119 
i 724	 450 	 427 
i 236	 874 	 827 
i 327	 294 	 237 
i 169	 995 	 1031 
i 117	 207 	 275 
i 906	 537 	 622 
i 701	 870 	 773 
i 370	 980 	 1049 
i 67	 997 	 918 
i 170	 818 	 741 
i 551	 894 	 962 
i 411	 347 	 262 
i 616	 585 	 565 
i 611	 780 	 794 
i 720	 498 	 535 
i 200	 357 	 376 
i 55	 295 	 254 
i 33	 310 	 343 
i 30	 175 	 221 
i 825	 270 	 350 
i 707	 374 	 364 
i 973	 233 	 305 
i 507	 301 	 297 
i 260	 660 	 578 
i 696	 281 	 343 
i 974	 893 	 795 
i 182	 533 	 446 
i 406	 797 	 716 
i 479	 500 	 425 
i 658	 262 	 352 
i 953	 174 	 206 
i 92	 577 	 603 
i 306	 456 	 384 
i 924	 883 	 863 
i 116	 964 	 883 
i 995	 797 	 711 
i 471	 807 	 757 
i 243	 866 	 897 
i 681	 953 	 880 
i 851	 178 	 237 
i 922	 137 	 186 
i 448	 724 	 792 
i 836	 399 	 328 
i 705	 524 	 438 
i 665	 881 	 818 
i 437	 968 	 904 
i 221	 143 	 173 
i 71	 369 	 448 
i 19	 955 	 970 
i 95	 188 	 173 
i 124	 895 	 865 
i 814	 673 	 732 
i 138	 531 	 557 
i 604	 660 	 627 
i 471	 723 	 623 
i 436	 888 	 876 
i 473	 160 	 192 
i 763	 740 	 786 
i 713	 647 	 697 
i 801	 270 	 338 
i 684	 650 	 743 
i 316	 962 	 1018 
i 788	 782 	 866 
i 407	 457 	 461 
i 96	 759 	 857 
i 970	 764 	 750 
i 26	 267 	 347 
i 734	 856 	 889 
i 338	 617 	 593 
i 517	 395 	 331 
i 125	 257 	 330 
i 82	 229 	 165 
i 837	 924 	 1018 
i 228	 853 	 828 
i 957	 430 	 424 
i 692	 425 	 413 
i 868	 808 	 801 
i 707	 722 	 662 
i 277	 426 	 434 
i 597	 765 	 676 
i 762	 926 	 862 
i 894	 806 	 758 
i 809	 967 	 887 
i 645	 941 	 906 
i 5	 388 	 345 
i 359	 808 	 904 
i 144	 314 	 383 
i 832	 731 	 742 
i 188	 912 	 978 
i 923	 504 	 490 
i 840	 555 	 493 
i 623	 717 	 634 
i 587	 952 	 1031 
i 521	 154 	 162 
i 832	 447 	 456 
i 618	 703 	 783 
i 846	 685 	 594 
i 545	 551 	 626 
i 447	 156 	 69 
i 889	 897 	 995 
i 389	 390 	 456 
i 72	 561 	 551 
i 19	 638 	 546 
i 68	 545 	 557 
i 447	 138 	 116 
i 113	 623 	 525 
i 759	 538 	 609 
i 255	 581 	 561 
i 306	 474 	 543 
i 191	 534 	 581 
i 505	 525 	 450 
i 12	 375 	 315 
i 604	 778 	 721 
i 94	 814 	 771 
i 124	 424 	 470 
i 700	 774 	 843 
i 181	 784 	 805 
i 710	 658 	 730 
i 119	 128 	 61 
i 594	 883 	 854 
i 61	 651 	 723 
i 358	 765 	 839 
i 109	 943 	 938 
i 899	 248 	 262 
i 252	 503 	 542 
i 997	 267 	 246 
i 756	 130 	 145 
i 372	 669 	 626 
i 391	 546 	 526 
i 261	 695 	 794 
i 868	 124 	 35 
i 604	 891 	 874 
i 541	 779 	 784 
i 695	 315 	 300 
i 138	 823 	 858 
i 314	 551 	 586 
i 336	 903 	 889 
i 964	 526 	 586 
i 455	 780 	 719 
i 113	 251 	 242 
i 128	 250 	 214 
i 6	 303 	 388 
i 757	 675 	 668 
i 987	 254 	 186 
i 788	 633 	 593 
i 285	 346 	 369 
i 176	 947 	 1037 
i 643	 442 	 525 
i 396	 268 	 242 
i 554	 441 	 437 
i 710	 846 	 868 
i 927	 245 	 268 
i 562	 181 	 155 
i 723	 598 	 570 
i 311	 745 	 674 
i 576	 124 	 110 
i 517	 672 	 693 
i 890	 629 	 579 
i 67	 554 	 583 
i 439	 884 	 824 
i 266	 425 	 507 
i 417	 967 	 1034 
i 497	 626 	 606 
i 46	 958 	 883 
i 758	 390 	 377 
i 774	 523 	 425 
i 406	 908 	 913 
i 988	 561 	 544 
i 488	 785 	 782 
i 358	 472 	 557 
i 711	 652 	 590 
i 675	 574 	 595 
i 256	 432 	 353 
i 209	 789 	 719 
i 523	 900 	 981 
i 987	 399 	 435 
i 884	 409 	 326 
i 391	 879 	 794 
i 150	 363 	 376 
i 556	 796 	 880 
i 165	 729 	 756 
i 686	 899 	 861 
i 47	 551 	 564 
i 810	 645 	 700 
i 698	 779 	 738 
i 23	 698 	 655 
i 358	 417 	 351 
i 223	 497 	 509 
i 507	 566 	 608 
i 278	 181 	 134 
i 973	 114 	 100 
i 860	 679 	 602 
i 356	 956 	 888 
i 957	 571 	 665 
i 709	 372 	 406 
i 371	 638 	 676 
i 715	 893 	 803 
i 150	 156 	 111 
i 662	 656 	 712 
i 741	 399 	 310 
i 745	 637 	 543 
i 385	 131 	 209 
i 337	 235 	 184 
i 855	 381 	 322 
i 150	 358 	 441 
i 743	 956 	 913 
i 624	 685 	 585 
i 676	 731 	 661 
i 290	 976 	 1038 
i 614	 783 	 794 
i 207	 836 	 796 
i 230	 865 	 902 
i 371	 771 	 675 
i 675	 993 	 1068 
i 954	 287 	 192 
i 905	 213 	 267 
i 551	 468 	 447 
i 250	 469 	 383 
i 224	 605 	 577 
i 979	 440 	 535 
i 795	 934 	 870 
i 644	 313 	 295 
i 387	 924 	 980 
i 379	 945 	 936 
i 578	 837 	 819 
i 693	 863 	 826 
i 95	 661 	 734 
i 499	 124 	 47 
i 55	 189 	 157 
i 425	 511 	 475 
i 352	 490 	 413 
i 580	 653 	 705 
i 495	 132 	 61 
i 434	 828 	 833 
i 252	 347 	 268 
i 98	 714 	 773 
i 716	 997 	 1075 
i 732	 881 	 859 
i 820	 986 	 975 
i 271	 401 	 475 
i 698	 687 	 631 
i 309	 791 	 851 
i 333	 579 	 538 
i 140	 711 	 757 
i 406	 290 	 386 
i 86	 384 	 300 
i 83	 206 	 265 
i 949	 112 	 118 
i 934	 461 	 431 
i 262	 858 	 882 
i 910	 745 	 708 
i 675	 944 	 969 
i 203	 769 	 861 
i 877	 146 	 66 
i 80	 797 	 798 
i 388	 783 	 801 
i 495	 856 	 891 
i 497	 677 	 701 
i 890	 259 	 270 
i 732	 570 	 633 
i 446	 233 	 278 
i 383	 517 	 498 
i 124	 186 	 207 
i 164	 151 	 148 
i 936	 241 	 254 
i 693	 691 	 781 
i 532	 329 	 318 
i 169	 929 	 1018 
i 336	 595 	 662 
i 853	 202 	 215 
i 991	 931 	 833 
i 449	 691 	 670 
i 534	 162 	 166 
i 580	 703 	 739 
i 726	 245 	 269 
i 380	 747 	 709 
i 625	 706 	 775 
i 546	 215 	 118 
i 91	 167 	 137 
i 194	 910 	 850 
i 117	 526 	 465 
i 769	 538 	 567 
i 827	 891 	 826 
i 494	 464 	 515 
i 645	 184 	 181 
i 361	 736 	 809 
i 31	 127 	 125 
i 149	 880 	 787 
i 212	 894 	 819 
i 111	 318 	 282 
i 578	 500 	 487 
i 59	 675 	 616 
i 936	 359 	 266 
i 335	 519 	 524 
i 417	 305 	 239 
i 122	 737 	 743 
i 141	 617 	 630 
i 7	 164 	 206 
i 887	 197 	 282 
i 122	 311 	 218 
i 559	 597 	 620 
i 194	 987 	 1021 
i 473	 282 	 304 
i 932	 314 	 402 
i 151	 784 	 756 
i 855	 938 	 934 
i 425	 524 	 548 
i 486	 138 	 163 
i 584	 773 	 776 
i 809	 708 	 735 
i 357	 741 	 680 
i 342	 399 	 377 
i 535	 998 	 1071 
i 763	 651 	 710 
i 521	 602 	 691 
i 451	 924 	 984 
i 916	 465 	 410 
i 947	 130 	 173 
i 693	 689 	 648 
i 365	 260 	 181 
i 74	 828 	 820 
i 398	 115 	 176 
i 396	 463 	 431 
i 5	 343 	 264 
i 558	 163 	 188 
i 473	 117 	 32 
i 871	 832 	 930 
i 893	 147 	 235 
i 544	 783 	 809 
i 712	 159 	 258 
i 519	 255 	 169 
i 524	 668 	 662 
i 920	 496 	 569 
i 182	 800 	 874 
i 241	 894 	 880 
i 248	 561 	 641 
i 59	 630 	 684 
i 100	 625 	 658 
i 855	 573 	 515 
i 910	 248 	 332 
i 74	 248 	 236 
i 701	 313 	 406 
i 136	 732 	 809 
i 911	 615 	 529 
i 792	 501 	 463 
i 300	 883 	 894 
i 884	 797 	 820 
i 462	 597 	 640 
i 982	 302 	 316 
i 138	 490 	 486 
i 292	 423 	 434 
i 520	 818 	 769 
i 220	 790 	 768 
i 787	 691 	 651 
i 227	 753 	 672 
i 96	 140 	 119 
i 868	 636 	 591 
i 416	 296 	 344 
i 631	 933 	 977 
i 58	 553 	 625 
i 409	 982 	 912 
i 205	 587 	 621 
i 969	 816 	 894 
i 622	 276 	 312 
i 345	 546 	 627 
i 378	 631 	 531 
i 969	 982 	 1056 
i 178	 342 	 299 
i 103	 112 	 195 
i 600	 756 	 850 
i 580	 633 	 609 
i 117	 770 	 787 
i 910	 480 	 491 
i 97	 385 	 321 
i 586	 990 	 995 
i 172	 907 	 987 
i 153	 909 	 983 
i 413	 794 	 704 
i 414	 159 	 89 
i 141	 975 	 1025 
i 728	 952 	 918 
i 469	 405 	 395 
i 884	 929 	 901 
i 193	 536 	 527 
i 182	 697 	 605 
i 78	 275 	 218 
i 975	 189 	 162 
i 743	 964 	 1020 
i 798	 120 	 59 
i 770	 257 	 224 
i 717	 927 	 839 
i 49	 335 	 341 
i 968	 735 	 718 
i 448	 167 	 189 
i 108	 574 	 632 
i 292	 613 	 686 
i 380	 805 	 873 
i 340	 243 	 260 
i 351	 937 	 914 
i 516	 221 	 152 
i 434	 520 	 595 
i 686	 576 	 660 
i 389	 160 	 238 
i 453	 531 	 499 
i 974	 185 	 174 
i 540	 889 	 936 
i 321	 773 	 696 
i 470	 635 	 626 
i 400	 268 	 330 
i 524	 612 	 577 
i 984	 752 	 803 
i 508	 641 	 630 
i 564	 573 	 639 
i 38	 478 	 435 
i 122	 780 	 732 
i 996	 289 	 349 
i 742	 946 	 870 
i 332	 163 	 181 
i 509	 572 	 670 
i 74	 403 	 406 
i 795	 693 	 693 
i 392	 480 	 381 
i 912	 876 	 890 
i 325	 728 	 750 
i 79	 984 	 1030 
i 279	 327 	 372 
i 220	 150 	 144 
i 279	 259 	 319 
i 797	 785 	 747 
i 127	 778 	 754 
i 782	 347 	 282 
i 197	 792 	 806 
i 58	 800 	 796 
i 752	 420 	 481 
i 735	 963 	 1040 
i 978	 725 	 658 
i 24	 484 	 460 
i 191	 902 	 934 
i 949	 726 	 718 
i 700	 114 	 131 
i 966	 456 	 429 
i 733	 615 	 628 
i 508	 234 	 258 
i 856	 663 	 638 
i 815	 492 	 414 
i 506	 391 	 308 
i 925	 538 	 460 
i 816	 879 	 839 
i 509	 580 	 530 
i 512	 989 	 1079 
i 900	 621 	 704 
i 469	 949 	 979 
i 607	 562 	 493 
i 229	 227 	 129 
i 658	 561 	 626 
i 974	 659 	 626 
i 455	 738 	 690 
i 320	 838 	 753 
i 847	 218 	 235 
i 835	 442 	 361 
i 410	 399 	 498 
i 353	 326 	 319 
i 860	 904 	 818 
i 991	 156 	 116 
i 498	 170 	 262 
i 116	 907 	 994 
i 822	 317 	 295 
i 640	 549 	 591 
i 761	 617 	 628 
i 135	 249 	 227 
i 459	 336 	 396 
i 702	 335 	 266 
i 595	 750 	 653 
i 647	 817 	 718 
i 713	 198 	 199 
i 610	 164 	 188 
i 842	 996 	 985 
i 335	 455 	 372 
i 905	 199 	 268 
i 62	 696 	 792 
i 315	 157 	 145 
i 567	 872 	 800 
i 288	 123 	 170 
i 82	 139 	 116 
i 180	 147 	 66 
i 240	 598 	 639 
i 236	 263 	 273 
i 624	 660 	 737 
i 723	 736 	 794 
i 381	 601 	 671 
i 434	 586 	 519 
i 291	 979 	 1026 
i 305	 218 	 122 
i 336	 876 	 796 
i 377	 330 	 286 
i 925	 418 	 422 
i 98	 159 	 211 
i 715	 649 	 625 
i 420	 548 	 469 
i 971	 363 	 360 
i 507	 232 	 316 
i 484	 381 	 323 
i 605	 146 	 149 
i 466	 167 	 237 
i 712	 260 	 206 
i 59	 512 	 443 
i 113	 978 	 928 
i 719	 765 	 859 
i 211	 217 	 195 
i 495	 313 	 285 
i 631	 747 	 820 
i 936	 679 	 649 
i 976	 868 	 959 
i 40	 440 	 424 
i 207	 311 	 238 
i 659	 517 	 456 
i 635	 657 	 618 
i 371	 883 	 788 
i 491	 857 	 804 
i 718	 315 	 361 
i 435	 637 	 609 
i 74	 520 	 479 
i 926	 834 	 789 
i 297	 797 	 760 
i 523	 285 	 289 
i 979	 407 	 343 
i 594	 580 	 643 
i 464	 854 	 791 
i 304	 878 	 913 
i 534	 200 	 179 
i 126	 851 	 917 
i 587	 286 	 366 
i 401	 552 	 618 
i 173	 797 	 722 
i 369	 189 	 219 
i 702	 653 	 679 
i 231	 814 	 758 
i 68	 651 	 688 
i 930	 817 	 915 
i 32	 530 	 535 
i 865	 882 	 912 
i 63	 732 	 679 
i 559	 647 	 674 
i 332	 497 	 559 
i 420	 610 	 546 
i 31	 300 	 376 
i 821	 860 	 782 
i 430	 171 	 107 
i 224	 783 	 705 
i 696	 776 	 704 
i 564	 354 	 255 
i 263	 934 	 848 
i 866	 257 	 282 
i 301	 826 	 918 
i 863	 658 	 634 
i 76	 819 	 801 
i 918	 715 	 661 
i 986	 816 	 848 
i 742	 977 	 1054 
i 491	 188 	 204 
i 765	 315 	 244 
i 692	 323 	 304 
i 856	 386 	 341 
i 661	 946 	 961 
i 278	 911 	 898 
i 75	 362 	 365 
i 754	 727 	 713 
i 548	 935 	 919 
i 523	 635 	 567 
i 610	 534 	 564 
i 840	 163 	 146 
i 79	 293 	 215 
i 388	 657 	 750 
i 328	 902 	 927 
i 229	 525 	 606 
i 511	 916 	 1012 
i 205	 485 	 532 
i 132	 871 	 827 
i 722	 356 	 417 
i 198	 501 	 484 
i 257	 194 	 145 
i 462	 567 	 534 
i 77	 666 	 710 
i 966	 638 	 548 
i 433	 308 	 264 
i 339	 225 	 283 
i 759	 208 	 307 
i 615	 862 	 787 
i 890	 226 	 296 
i 330	 943 	 852 
i 424	 425 	 386 
i 937	 654 	 707 
i 562	 953 	 1021 
i 156	 708 	 770 
i 378	 754 	 702 
i 507	 114 	 130 
i 617	 818 	 786 
i 463	 815 	 906 
i 592	 930 	 999 
i 529	 797 	 732 
i 882	 840 	 860 
i 494	 223 	 230 
i 441	 906 	 826 
i 113	 767 	 718 
i 836	 599 	 625 
i 840	 815 	 743 
i 637	 444 	 495 
i 430	 747 	 691 
i 352	 709 	 771 
i 124	 573 	 541 
i 944	 731 	 675 
i 72	 376 	 419 
i 965	 854 	 785 
i 704	 944 	 898 
i 254	 282 	 203 
i 47	 845 	 934 
i 421	 969 	 985 
i 138	 753 	 655 
i 810	 949 	 922 
i 331	 782 	 779 
i 29	 197 	 183 
i 327	 395 	 395 
i 164	 144 	 138 
i 101	 285 	 219 
i 293	 526 	 511 
i 119	 621 	 615 
i 85	 574 	 653 
i 808	 205 	 111 
i 751	 217 	 285 
i 507	 542 	 476 
i 604	 976 	 916 
i 924	 473 	 478 
i 962	 921 	 959 
i 159	 451 	 509 
i 626	 606 	 523 
i 200	 987 	 927 
i 722	 519 	 476 
i 828	 426 	 345 
i 947	 455 	 524 
i 433	 316 	 287 
i 407	 470 	 561 
i 814	 650 	 726 
i 726	 231 	 300 
i 109	 847 	 747 
i 666	 663 	 689 
i 651	 739 	 805 
i 111	 921 	 931 
i 466	 290 	 266 
i 853	 377 	 342 
i 85	 243 	 295 
i 489	 559 	 492 
i 96	 523 	 619 
i 231	 420 	 461 
i 59	 283 	 346 
i 680	 287 	 283 
i 387	 847 	 773 
i 300	 696 	 644 
i 501	 298 	 339 
i 801	 636 	 648 
i 949	 928 	 957 
i 454	 715 	 642 
i 918	 863 	 809 
i 266	 846 	 838 
i 460	 585 	 589 
i 658	 421 	 361 
i 487	 849 	 866 
i 146	 967 	 1044 
i 357	 294 	 271 
i 948	 924 	 861 
i 868	 536 	 463 
i 548	 222 	 240 
i 394	 342 	 344 
i 222	 548 	 603 
i 756	 958 	 905 
i 106	 532 	 611 
i 935	 711 	 687 
i 898	 345 	 350 
i 105	 245 	 322 
i 21	 591 	 658 
i 499	 760 	 800 
i 624	 884 	 834 
i 884	 522 	 551 
i 376	 978 	 1051 
i 330	 780 	 804 
i 804	 992 	 1037 
i 480	 900 	 932 
i 743	 352 	 364 
i 894	 823 	 856 
i 435	 722 	 759 
i 166	 576 	 513 
i 36	 312 	 373 
i 499	 535 	 573 
i 474	 219 	 133 
i 228	 990 	 969 
i 220	 655 	 595 
i 108	 413 	 449 
i 379	 114 	 99 
i 181	 614 	 578 
i 868	 318 	 369 
i 392	 929 	 1013 
i 618	 205 	 296 
i 96	 925 	 916 
i 218	 654 	 739 
i 208	 716 	 647 
i 819	 182 	 157 
i 160	 363 	 359 
i 164	 970 	 1042 
i 729	 460 	 368 
i 962	 745 	 827 
i 883	 529 	 489 
i 989	 459 	 543 
i 906	 421 	 324 
i 517	 826 	 773 
i 198	 763 	 751 
i 279	 903 	 855 
i 562	 349 	 333 
i 529	 779 	 795 
i 922	 657 	 619 
i 637	 697 	 652 
i 107	 619 	 550 
i 499	 889 	 818 
i 848	 820 	 731 
i 652	 836 	 850 
i 387	 156 	 210 
i 278	 549 	 458 
i 546	 782 	 804 
i 298	 268 	 196 
i 912	 788 	 700 
i 572	 178 	 217 
i 144	 424 	 485 
i 20	 565 	 526 
i 817	 698 	 628 
i 633	 747 	 808 
i 684	 367 	 305 
i 178	 162 	 156 
i 933	 206 	 109 
i 112	 749 	 711 
i 873	 874 	 819 
i 949	 930 	 989 
i 302	 664 	 752 
i 813	 492 	 584 
i 474	 764 	 819 
i 190	 901 	 883 
i 478	 728 	 647 
i 536	 900 	 855 
i 643	 429 	 370 
i 362	 444 	 408 
i 222	 723 	 661 
i 144	 925 	 853 
i 766	 746 	 735 
i 195	 695 	 646 
i 930	 661 	 707 
i 818	 466 	 550 
i 514	 833 	 813 
i 402	 920 	 1007 
i 760	 275 	 291 
i 135	 461 	 549 
i 823	 746 	 678 
i 739	 918 	 879 
i 454	 156 	 70 
i 112	 553 	 506 
i 731	 783 	 722 
i 131	 547 	 450 
i 943	 479 	 485 
i 854	 835 	 921 
i 40	 779 	 817 
i 434	 407 	 472 
i 148	 356 	 386 
i 57	 502 	 480 
i 108	 777 	 846 
i 605	 843 	 934 
i 362	 194 	 231 
i 852	 371 	 434 
i 267	 388 	 440 
i 82	 861 	 884 
i 834	 802 	 833 
i 167	 529 	 446 
i 443	 377 	 324 
i 884	 956 	 914 
i 634	 415 	 395 
i 458	 277 	 178 
i 552	 238 	 211 
i 845	 849 	 792 
i 158	 688 	 685 
i 2	 477 	 490 
i 779	 135 	 115 
i 251	 718 	 731 
i 550	 797 	 699 
i 501	 118 	 197 
i 843	 378 	 383 
i 31	 734 	 831 
i 174	 739 	 746 
i 6	 176 	 152 
i 655	 372 	 380 
i 67	 804 	 812 
i 95	 420 	 384 
i 778	 777 	 791 
i 550	 394 	 318 
i 558	 404 	 428 
i 859	 312 	 305 
i 561	 783 	 782 
i 268	 772 	 806 
i 342	 363 	 398 
i 636	 705 	 671 
i 416	 298 	 277 
i 764	 780 	 778 
i 514	 178 	 132 
i 832	 687 	 750 
i 163	 796 	 771 
i 389	 461 	 408 
i 146	 876 	 935 
i 890	 428 	 341 
i 175	 136 	 117 
i 843	 737 	 645 
i 54	 142 	 133 
i 807	 496 	 440 
i 883	 934 	 981 
i 532	 285 	 298 
i 303	 125 	 171 
i 697	 461 	 384 
i 558	 671 	 624 
i 916	 491 	 422 
i 944	 549 	 515 
i 649	 911 	 845 
i 684	 949 	 894 
i 118	 467 	 373 
i 44	 665 	 748 
i 240	 430 	 419 
i 256	 935 	 985 
i 649	 696 	 685 
i 281	 802 	 703 
i 709	 149 	 233 
i 203	 288 	 361 
i 103	 582 	 585 
i 46	 737 	 677 
i 447	 938 	 901 
i 71	 969 	 941 
i 430	 895 	 915 
i 357	 405 	 476 
i 16	 184 	 184 
i 793	 584 	 641 
i 836	 591 	 589 
i 37	 523 	 562 
i 567	 405 	 464 
i 272	 864 	 933 
i 203	 153 	 111 
i 168	 436 	 408 
i 51	 757 	 815 
i 382	 402 	 331 
i 465	 273 	 205 
i 996	 722 	 813 
i 537	 531 	 589 
i 1	 970 	 1036 
i 332	 701 	 680 
i 180	 522 	 556 
i 228	 385 	 459 
i 594	 644 	 552 
i 321	 966 	 884 
i 648	 781 	 775 
i 831	 914 	 1001 
i 519	 172 	 258 
i 992	 134 	 128 
i 959	 841 	 835 
i 624	 691 	 751 
i 87	 156 	 252 
i 396	 752 	 694 
i 996	 639 	 699 
i 958	 676 	 601 
i 713	 757 	 811 
i 617	 288 	 309 
i 686	 232 	 156 
i 712	 174 	 97 
i 534	 593 	 508 
i 187	 123 	 163 
i 239	 837 	 894 
i 960	 822 	 758 
i 555	 120 	 55 
i 191	 835 	 762 
i 917	 947 	 1017 
i 118	 746 	 739 
i 255	 395 	 325 
i 326	 505 	 578 
i 868	 609 	 589 
i 883	 677 	 694 
i 701	 411 	 476 
i 501	 222 	 279 
i 512	 384 	 352 
i 328	 543 	 549 
i 269	 666 	 655 
i 983	 533 	 546 
i 303	 949 	 1013 
i 747	 197 	 126 
i 309	 967 	 870 
i 946	 433 	 512 
i 284	 955 	 975 
i 409	 800 	 720 
i 717	 610 	 632 
i 204	 914 	 1002 
i 828	 498 	 440 
i 304	 897 	 835 
i 247	 513 	 512 
i 343	 354 	 302 
i 307	 485 	 495 
i 670	 500 	 499 
i 620	 411 	 467 
i 396	 944 	 882 
i 958	 146 	 227 
i 861	 692 	 614 
i 297	 640 	 728 
i 183	 827 	 775 
i 635	 999 	 997 
i 908	 551 	 617 
i 330	 767 	 695 
i 768	 369 	 431 
i 106	 812 	 798 
i 44	 618 	 683 
i 84	 788 	 845 
i 737	 706 	 735 
i 333	 806 	 894 
i 139	 754 	 679 
i 138	 971 	 1023 
i 634	 519 	 552 
i 373	 372 	 272 
i 663	 497 	 550 
i 452	 328 	 402 
i 23	 711 	 794 
i 784	 557 	 457 
i 455	 366 	 413 
i 238	 942 	 856 
i 961	 892 	 833 
i 929	 116 	 85 
i 389	 792 	 888 
i 682	 499 	 469 
i 117	 499 	 402 
i 362	 293 	 286 
i 38	 181 	 179 
i 540	 997 	 952 
i 827	 998 	 1044 
i 762	 765 	 858 
i 642	 828 	 914 
i 648	 126 	 198 
i 415	 435 	 384 
i 851	 419 	 505 
i 289	 734 	 643 
i 494	 749 	 731 
i 573	 278 	 267 
i 570	 716 	 813 
i 568	 962 	 1025 
i 304	 724 	 739 
i 111	 697 	 641 
i 128	 636 	 709 
i 493	 512 	 468 
i 839	 734 	 661 
i 540	 674 	 658 
i 259	 718 	 801 
i 448	 195 	 193 
i 129	 594 	 506 
i 87	 585 	 611 
i 777	 422 	 508 
i 438	 937 	 845 
i 29	 245 	 179 
i 481	 129 	 162 
i 183	 381 	 381 
i 817	 502 	 410 
i 501	 880 	 840 
i 596	 807 	 857 
i 140	 356 	 431 
i 673	 411 	 504 
i 24	 971 	 1019 
i 953	 912 	 848 
i 106	 952 	 894 
i 126	 217 	 255 
i 431	 808 	 882 
i 871	 367 	 405 
i 736	 407 	 345 
i 521	 677 	 734 
i 796	 456 	 541 
i 135	 349 	 369 
i 103	 320 	 344 
i 6	 981 	 996 
i 952	 254 	 290 
i 72	 441 	 502 
i 855	 166 	 114 
i 145	 944 	 866 
i 478	 669 	 738 
i 116	 839 	 812 
i 505	 650 	 583 
i 773	 586 	 546 
i 10	 231 	 211 
i 988	 786 	 767 
i 150	 410 	 382 
i 521	 129 	 115 
i 584	 849 	 806 
i 521	 173 	 159 
i 150	 273 	 355 
i 969	 138 	 43 
i 576	 466 	 472 
i 111	 613 	 573 
i 246	 881 	 843 
i 6	 350 	 310 
i 343	 713 	 703 
i 364	 145 	 239 
i 194	 529 	 540 
i 265	 784 	 699 
i 447	 280 	 225 
i 478	 200 	 139 
i 878	 223 	 277 
i 444	 696 	 773 
i 310	 966 	 892 
i 580	 356 	 283 
i 258	 625 	 620 
i 297	 138 	 206 
i 767	 115 	 22 
i 526	 611 	 571 
i 716	 681 	 730 
i 816	 885 	 830 
i 943	 172 	 93 
i 601	 861 	 870 
i 564	 759 	 830 
i 840	 876 	 863 
i 420	 997 	 1036 
i 451	 535 	 633 
i 456	 395 	 447 
i 19	 428 	 385 
i 661	 696 	 596 
i 532	 473 	 536 
i 601	 674 	 726 
i 445	 768 	 740 
i 174	 367 	 452 
i 35	 242 	 295 
i 33	 632 	 569 
i 509	 363 	 390 
i 829	 357 	 275 
i 187	 145 	 67 
i 845	 400 	 454 
i 253	 402 	 363 
i 886	 241 	 322 
i 626	 919 	 889 
i 915	 353 	 358 
i 63	 288 	 300 
i 649	 971 	 989 
i 933	 249 	 169 
i 211	 817 	 903 
i 250	 902 	 825 
i 575	 114 	 206 
i 903	 802 	 745 
i 51	 186 	 106 
i 960	 992 	 1037 
i 233	 416 	 444 
i 433	 883 	 924 
i 401	 492 	 463 
i 557	 131 	 89 
i 352	 222 	 222 
i 242	 161 	 211 
i 246	 267 	 232 
i 25	 234 	 179 
i 109	 427 	 383 
i 101	 518 	 466 
i 444	 278 	 272 
i 313	 851 	 932 
i 742	 591 	 552 
i 765	 908 	 981 
i 890	 277 	 220 
i 947	 722 	 714 
i 123	 500 	 541 
i 262	 790 	 836 
i 618	 994 	 1061 
i 77	 354 	 441 
i 265	 568 	 544 
i 98	 990 	 1029 
i 638	 907 	 894 
i 535	 292 	 232 
i 721	 173 	 91 
i 410	 367 	 275 
i 847	 776 	 708 
i 612	 514 	 498 
i 605	 275 	 183 
i 879	 131 	 54 
i 394	 966 	 942 
i 383	 418 	 414 
i 279	 147 	 71 
i 483	 537 	 568 
i 553	 717 	 692 
i 841	 800 	 857 
i 590	 836 	 862 
i 45	 980 	 929 
i 229	 469 	 539 
i 253	 507 	 553 
i 215	 613 	 537 
i 560	 955 	 956 
i 601	 495 	 552 
i 81	 602 	 555 
i 763	 295 	 359 
i 539	 630 	 662 
i 355	 440 	 390 
i 333	 115 	 74 
i 736	 333 	 338 
i 183	 201 	 256 
i 747	 850 	 948 
i 697	 960 	 970 
i 130	 522 	 453 
i 682	 331 	 278 
i 889	 570 	 470 
i 474	 411 	 418 
i 845	 112 	 190 
i 850	 337 	 282 
i 101	 602 	 694 
i 203	 181 	 110 
i 34	 874 	 952 
i 989	 868 	 886 
i 452	 472 	 516 
i 700	 611 	 591 
i 217	 821 	 779 
i 555	 821 	 874 
i 556	 412 	 434 
i 811	 318 	 310 
i 364	 520 	 532 
i 444	 487 	 540 
i 302	 617 	 677 
i 155	 522 	 579 
i 561	 159 	 107 
i 124	 800 	 888 
i 923	 269 	 200 
i 723	 529 	 571 
i 62	 322 	 275 
i 295	 867 	 783 
i 755	 390 	 379 
i 179	 891 	 968 
i 748	 683 	 621 
i 212	 505 	 474 
i 266	 318 	 399 
i 42	 533 	 439 
i 220	 482 	 572 
i 691	 623 	 658 
i 929	 368 	 415 
i 780	 608 	 514 
i 95	 680 	 737 
i 971	 187 	 280 
i 615	 977 	 1020 
i 60	 258 	 343 
i 293	 565 	 503 
i 768	 483 	 430 
i 186	 510 	 501 
i 762	 469 	 398 
i 52	 182 	 97 
i 611	 839 	 910 
i 252	 869 	 959 
i 338	 681 	 765 
i 312	 652 	 659 
i 478	 399 	 418 
i 989	 335 	 412 
i 408	 507 	 538 
i 857	 716 	 784 
i 261	 232 	 253 
i 342	 362 	 393 
i 162	 429 	 382 
i 15	 301 	 305 
i 655	 257 	 328 
i 265	 187 	 121 
i 589	 665 	 694 
i 841	 307 	 334 
i 288	 209 	 118 
i 969	 794 	 874 
i 106	 656 	 588 
i 389	 306 	 307 
i 747	 891 	 924 
i 961	 242 	 278 
i 126	 706 	 673 
i 213	 580 	 600 
i 836	 732 	 670 
i 58	 420 	 326 
i 168	 987 	 950 
i 936	 139 	 96 
i 550	 942 	 920 
i 769	 200 	 256 
i 648	 650 	 656 
i 796	 355 	 353 
i 465	 961 	 984 
i 993	 373 	 439 
i 692	 908 	 941 
i 40	 188 	 232 
i 26	 217 	 295 
i 58	 501 	 566 
i 993	 757 	 732 
i 94	 218 	 147 
i 700	 914 	 973 
i 975	 497 	 515 
i 932	 934 	 845 
i 227	 594 	 504 
i 124	 444 	 492 
i 212	 148 	 204 
i 331	 791 	 852 
i 769	 695 	 768 
i 497	 543 	 614 
i 618	 879 	 969 
i 522	 122 	 152 
i 957	 829 	 854 
i 883	 466 	 478 
i 428	 517 	 574 
i 803	 561 	 643 
i 844	 332 	 256 
i 610	 138 	 128 
i 268	 857 	 801 
i 754	 737 	 781 
i 619	 612 	 579 
i 631	 569 	 641 
i 440	 260 	 323 
i 839	 818 	 858 
i 296	 428 	 353 
i 803	 239 	 325 
i 53	 160 	 215 
i 84	 269 	 246 
i 923	 673 	 704 
i 628	 871 	 853 
i 192	 622 	 527 
i 708	 923 	 955 
i 876	 800 	 719 
i 672	 638 	 725 
i 30	 373 	 320 
i 174	 488 	 395 
i 229	 428 	 346 
i 408	 230 	 164 
i 40	 574 	 493 
i 895	 268 	 313 
i 471	 633 	 716 
i 385	 659 	 684 
i 161	 357 	 357 
i 753	 446 	 380 
i 49	 392 	 332 
i 473	 601 	 576 
i 830	 635 	 655 
i 964	 715 	 617 
i 486	 870 	 780 
i 664	 957 	 1046 
i 252	 712 	 695 
i 868	 639 	 699 
i 146	 306 	 398 
i 522	 751 	 794 
i 838	 906 	 959 
i 390	 197 	 144 
i 980	 531 	 444 
i 660	 180 	 86 
i 515	 191 	 194 
i 467	 237 	 173 
i 144	 191 	 177 
i 738	 562 	 522 
i 957	 388 	 377 
i 678	 356 	 450 
i 573	 994 	 1055 
i 670	 786 	 725 
i 144	 998 	 933 
i 222	 170 	 238 
i 313	 200 	 171 
i 455	 662 	 726 
i 545	 825 	 918 
i 54	 323 	 363 
i 366	 592 	 624 
i 641	 991 	 958 
i 635	 965 	 1047 
i 394	 796 	 812 
i 393	 973 	 1018 
i 460	 244 	 333 
i 561	 991 	 943 
i 182	 417 	 460 
i 985	 259 	 211 
i 225	 228 	 190 
i 766	 854 	 890 
i 757	 553 	 517 
i 719	 854 	 945 
i 490	 777 	 747 
i 461	 406 	 454 
i 611	 162 	 102 
i 601	 116 	 168 
i 946	 348 	 437 
i 114	 984 	 1070 
i 246	 327 	 257 
i 82	 607 	 691 
i 579	 323 	 358 
i 416	 609 	 588 
i 166	 570 	 647 
i 497	 881 	 850 
i 555	 653 	 744 
i 561	 833 	 844 
i 828	 623 	 624 
i 810	 574 	 597 
i 55	 512 	 584 
i 613	 650 	 739 
i 852	 580 	 585 
i 412	 295 	 383 
i 928	 648 	 569 
i 796	 548 	 568 
i 406	 857 	 788 
i 219	 820 	 864 
i 795	 429 	 438 
i 317	 878 	 850 
i 768	 539 	 521 
i 376	 419 	 324 
i 904	 371 	 446 
i 112	 839 	 797 
i 715	 787 	 731 
i 208	 882 	 785 
i 48	 531 	 515 
i 846	 673 	 701 
i 204	 425 	 412 
i 68	 914 	 964 
i 550	 345 	 349 
i 896	 714 	 793 
i 190	 739 	 799 
i 9	 632 	 714 
i 770	 892 	 917 
i 638	 200 	 267 
i 111	 215 	 291 
i 743	 590 	 635 
i 98	 271 	 357 
i 2	 659 	 559 
i 265	 439 	 448 
i 943	 903 	 892 
i 650	 811 	 838 
i 237	 635 	 664 
i 116	 557 	 540 
i 216	 226 	 136 
i 333	 969 	 901 
i 873	 865 	 946 
i 54	 625 	 526 
i 671	 565 	 466 
i 41	 565 	 519 
i 931	 165 	 108 
i 720	 562 	 635 
i 310	 239 	 159 
i 812	 812 	 755 
i 942	 292 	 278 
i 908	 339 	 392 
i 757	 485 	 513 
i 336	 403 	 441 
i 847	 408 	 381 
i 359	 415 	 396 
i 420	 656 	 623 
i 928	 848 	 759 
i 73	 729 	 702 
i 861	 820 	 756 
i 66	 125 	 49 
i 324	 512 	 418 
i 745	 306 	 363 
i 75	 875 	 799 
i 410	 604 	 698 
i 752	 929 	 894 
i 366	 401 	 450 
i 196	 702 	 737 
i 890	 754 	 804 
i 689	 192 	 214 
i 705	 353 	 388 
i 157	 461 	 361 
i 377	 488 	 537 
i 237	 300 	 364 
i 791	 410 	 356 
i 712	 384 	 480 
i 40	 677 	 646 
i 705	 454 	 462 
i 430	 168 	 154 
i 522	 835 	 759 
i 794	 490 	 555 
i 189	 203 	 300 
i 613	 204 	 176 
i 826	 867 	 886 
i 163	 708 	 686 
i 470	 913 	 833 
i 108	 898 	 826 
i 494	 318 	 387 
i 558	 802 	 757 
i 373	 299 	 358 
i 799	 409 	 427 
i 903	 256 	 312 
i 9	 244 	 223 
i 860	 566 	 510 
i 532	 209 	 186 
i 436	 557 	 628 
i 321	 649 	 741 
i 555	 776 	 767 
i 333	 642 	 545 
i 545	 889 	 866 
i 880	 711 	 648 
i 45	 350 	 268 
i 194	 157 	 76 
i 706	 508 	 599 
i 817	 706 	 704 
i 320	 159 	 244 
i 924	 920 	 869 
i 673	 887 	 947 
i 271	 404 	 331 
i 147	 418 	 454 
i 822	 763 	 775 
i 92	 930 	 951 
i 144	 122 	 181 
i 591	 210 	 211 
i 261	 174 	 138 
i 316	 612 	 640 
i 227	 548 	 561 
i 100	 769 	 717 
i 430	 595 	 597 
i 776	 716 	 747 
i 510	 433 	 429 
i 432	 932 	 946 
i 444	 581 	 624 
i 556	 403 	 364 
i 628	 852 	 865 
i 192	 250 	 326 
i 684	 822 	 743 
i 425	 437 	 378 
i 969	 652 	 679 
i 650	 218 	 200 
i 13	 803 	 888 
i 936	 341 	 312 
i 466	 849 	 909 
i 794	 596 	 567 
i 628	 868 	 964 
i 786	 483 	 418 
i 586	 378 	 450 
i 953	 474 	 431 
i 562	 660 	 611 
i 683	 339 	 420 
i 462	 708 	 791 
i 721	 641 	 711 
i 552	 958 	 922 
i 99	 781 	 703 
i 950	 209 	 257 
i 369	 196 	 201 
i 669	 353 	 276 
i 79	 230 	 143 
i 696	 484 	 510 
i 953	 710 	 672 
i 625	 626 	 681 
i 222	 554 	 553 
i 175	 425 	 334 
i 929	 710 	 639 
i 41	 812 	 731 
i 136	 584 	 577 
i 409	 165 	 92 
i 543	 268 	 211 
i 962	 330 	 412 
i 637	 891 	 964 
i 218	 281 	 278 
i 716	 972 	 1014 
i 70	 525 	 602 
i 744	 569 	 632 
i 533	 700 	 771 
i 66	 788 	 886 
i 128	 314 	 294 
i 305	 435 	 523 
i 551	 626 	 707 
i 429	 548 	 556 
i 621	 428 	 480 
c
c
W 996131
c end of file