c Instance Type c
c
n 4000
c w	 v1	 v2
i 605	 925 	 954 
i 372	 581 	 659 
i 658	 706 	 649 
i 989	 861 	 893 
i 516	 499 	 482 
i 681	 405 	 386 
i 223	 713 	 779 
i 245	 292 	 268 
i 812	 697 	 624 
i 363	 710 	 803 
i 279	 915 	 929 
i 807	 602 	 691 
i 477	 504 	 524 
i 322	 697 	 715 
i 759	 395 	 316 
i 90	 769 	 827 
i 768	 242 	 144 
i 971	 983 	 934 
i 632	 436 	 349 
i 307	 558 	 544 
i 212	 531 	 573 
i 764	 152 	 155 
i 208	 994 	 1092 
i 867	 641 	 604 
i 188	 280 	 195 
i 927	 377 	 310 
i 76	 191 	 277 
i 57	 203 	 284 
i 423	 431 	 438 
i 926	 493 	 561 
i 399	 877 	 788 
i 446	 619 	 683 
i 440	 190 	 95 
i 37	 186 	 264 
i 228	 467 	 383 
i 528	 535 	 436 
i 619	 682 	 598 
i 722	 623 	 551 
i 84	 540 	 552 
i 514	 129 	 127 
i 376	 879 	 956 
i 947	 929 	 896 
i 38	 769 	 824 
i 122	 794 	 856 
i 523	 700 	 608 
i 1	 773 	 786 
i 643	 781 	 718 
i 220	 857 	 938 
i 702	 983 	 1081 
i 723	 595 	 596 
i 588	 142 	 218 
i 509	 932 	 997 
i 250	 342 	 415 
i 20	 142 	 239 
i 682	 865 	 867 
i 428	 900 	 902 
i 183	 517 	 448 
i 22	 683 	 658 
i 4	 602 	 517 
i 548	 595 	 655 
i 583	 156 	 133 
i 508	 940 	 1019 
i 768	 788 	 717 
i 804	 670 	 603 
i 652	 660 	 729 
i 541	 226 	 181 
i 997	 681 	 672 
i 641	 819 	 815 
i 194	 263 	 259 
i 739	 332 	 238 
i 790	 155 	 178 
i 723	 500 	 424 
i 486	 409 	 487 
i 115	 541 	 580 
i 733	 689 	 658 
i 862	 555 	 632 
i 504	 801 	 878 
i 301	 321 	 326 
i 473	 749 	 793 
i 722	 290 	 281 
i 772	 319 	 268 
i 212	 867 	 961 
i 547	 977 	 968 
i 32	 880 	 894 
i 682	 610 	 571 
i 182	 919 	 852 
i 958	 819 	 853 
i 195	 718 	 812 
i 912	 297 	 286 
i 116	 938 	 871 
i 351	 458 	 546 
i 202	 680 	 610 
i 176	 656 	 696 
i 42	 175 	 221 
i 603	 684 	 666 
i 512	 957 	 976 
i 309	 218 	 228 
i 992	 816 	 865 
i 203	 793 	 825 
i 134	 302 	 357 
i 524	 453 	 378 
i 164	 402 	 367 
i 777	 539 	 540 
i 849	 273 	 282 
i 495	 925 	 854 
i 447	 404 	 436 
i 567	 934 	 1028 
i 361	 538 	 630 
i 129	 315 	 248 
i 344	 904 	 863 
i 729	 706 	 770 
i 58	 820 	 917 
i 539	 224 	 276 
i 722	 673 	 695 
i 638	 270 	 191 
i 967	 403 	 413 
i 893	 992 	 916 
i 374	 966 	 962 
i 604	 933 	 955 
i 496	 192 	 282 
i 167	 458 	 494 
i 964	 301 	 349 
i 93	 289 	 244 
i 725	 968 	 868 
i 904	 624 	 651 
i 234	 719 	 740 
i 225	 323 	 323 
i 187	 431 	 506 
i 113	 859 	 854 
i 205	 513 	 608 
i 595	 473 	 401 
i 809	 192 	 113 
i 10	 850 	 789 
i 973	 210 	 294 
i 551	 212 	 277 
i 236	 781 	 693 
i 475	 432 	 389 
i 835	 877 	 871 
i 678	 766 	 783 
i 132	 303 	 361 
i 539	 281 	 258 
i 630	 407 	 345 
i 462	 501 	 441 
i 574	 678 	 613 
i 688	 610 	 655 
i 443	 457 	 550 
i 804	 512 	 500 
i 667	 767 	 722 
i 405	 299 	 389 
i 621	 820 	 737 
i 813	 634 	 658 
i 147	 977 	 927 
i 587	 262 	 305 
i 225	 443 	 401 
i 786	 602 	 697 
i 176	 361 	 345 
i 627	 330 	 275 
i 365	 721 	 799 
i 577	 966 	 925 
i 376	 926 	 1009 
i 964	 113 	 159 
i 940	 668 	 743 
i 111	 894 	 887 
i 485	 642 	 680 
i 38	 901 	 896 
i 319	 883 	 913 
i 565	 370 	 325 
i 252	 571 	 600 
i 215	 476 	 420 
i 132	 741 	 760 
i 134	 669 	 681 
i 760	 432 	 432 
i 641	 325 	 347 
i 240	 739 	 658 
i 129	 465 	 391 
i 997	 889 	 879 
i 289	 580 	 483 
i 807	 829 	 783 
i 219	 514 	 510 
i 928	 712 	 735 
i 557	 354 	 403 
i 918	 855 	 857 
i 160	 413 	 343 
i 867	 958 	 936 
i 266	 156 	 159 
i 142	 276 	 279 
i 670	 679 	 740 
i 478	 696 	 718 
i 932	 936 	 1002 
i 608	 478 	 530 
i 883	 137 	 100 
i 720	 804 	 751 
i 61	 368 	 347 
i 15	 503 	 455 
i 67	 851 	 856 
i 253	 424 	 458 
i 893	 884 	 851 
i 551	 711 	 774 
i 480	 368 	 418 
i 893	 219 	 190 
i 923	 895 	 843 
i 703	 289 	 381 
i 992	 499 	 403 
i 435	 851 	 758 
i 268	 197 	 117 
i 620	 667 	 638 
i 490	 373 	 323 
i 167	 676 	 736 
i 456	 514 	 470 
i 578	 292 	 227 
i 461	 612 	 531 
i 661	 827 	 887 
i 99	 794 	 852 
i 932	 815 	 760 
i 29	 849 	 848 
i 654	 942 	 865 
i 950	 371 	 392 
i 586	 594 	 648 
i 40	 419 	 365 
i 245	 670 	 731 
i 808	 826 	 779 
i 614	 914 	 1000 
i 383	 738 	 643 
i 175	 556 	 648 
i 6	 760 	 858 
i 941	 313 	 342 
i 235	 418 	 437 
i 779	 959 	 895 
i 126	 758 	 702 
i 754	 963 	 956 
i 559	 793 	 747 
i 463	 143 	 220 
i 169	 971 	 925 
i 670	 997 	 986 
i 400	 962 	 952 
i 628	 954 	 932 
i 973	 639 	 664 
i 928	 279 	 260 
i 657	 440 	 446 
i 616	 637 	 594 
i 384	 162 	 231 
i 421	 406 	 367 
i 388	 307 	 302 
i 385	 548 	 477 
i 343	 945 	 954 
i 292	 458 	 393 
i 886	 807 	 737 
i 76	 477 	 392 
i 447	 839 	 886 
i 39	 424 	 394 
i 97	 680 	 727 
i 429	 543 	 474 
i 650	 819 	 827 
i 142	 356 	 441 
i 81	 488 	 442 
i 471	 976 	 988 
i 255	 244 	 234 
i 667	 379 	 384 
i 487	 449 	 543 
i 840	 214 	 116 
i 480	 527 	 448 
i 967	 292 	 299 
i 764	 431 	 368 
i 40	 914 	 880 
i 465	 851 	 833 
i 438	 204 	 280 
i 589	 706 	 633 
i 890	 218 	 278 
i 271	 686 	 644 
i 388	 662 	 588 
i 856	 672 	 694 
i 60	 769 	 784 
i 420	 359 	 327 
i 324	 526 	 502 
i 158	 820 	 889 
i 263	 297 	 254 
i 933	 192 	 266 
i 54	 313 	 365 
i 701	 139 	 46 
i 322	 398 	 382 
i 953	 515 	 470 
i 694	 169 	 136 
i 974	 684 	 735 
i 442	 988 	 904 
i 241	 439 	 387 
i 450	 304 	 304 
i 541	 557 	 544 
i 769	 445 	 443 
i 801	 236 	 174 
i 125	 268 	 270 
i 580	 645 	 638 
i 646	 893 	 825 
i 291	 306 	 233 
i 278	 981 	 996 
i 648	 166 	 229 
i 865	 380 	 333 
i 368	 828 	 889 
i 744	 328 	 343 
i 885	 765 	 741 
i 63	 936 	 937 
i 663	 504 	 421 
i 543	 920 	 966 
i 763	 175 	 79 
i 742	 296 	 255 
i 805	 810 	 899 
i 109	 649 	 711 
i 916	 887 	 822 
i 161	 718 	 802 
i 897	 343 	 404 
i 826	 681 	 755 
i 270	 241 	 247 
i 180	 317 	 232 
i 252	 966 	 1034 
i 461	 985 	 1001 
i 248	 362 	 339 
i 852	 315 	 314 
i 726	 148 	 130 
i 409	 308 	 322 
i 670	 240 	 233 
i 313	 958 	 917 
i 459	 843 	 856 
i 691	 429 	 477 
i 654	 497 	 596 
i 638	 355 	 346 
i 921	 873 	 913 
i 152	 328 	 339 
i 195	 768 	 724 
i 416	 245 	 283 
i 561	 754 	 726 
i 515	 282 	 317 
i 339	 545 	 471 
i 697	 159 	 224 
i 132	 821 	 817 
i 407	 819 	 742 
i 265	 336 	 244 
i 509	 963 	 901 
i 249	 569 	 546 
i 400	 822 	 882 
i 123	 548 	 520 
i 316	 871 	 946 
i 805	 583 	 526 
i 860	 703 	 786 
i 659	 549 	 458 
i 456	 976 	 966 
i 710	 193 	 236 
i 669	 229 	 174 
i 185	 400 	 395 
i 984	 744 	 818 
i 477	 569 	 668 
i 333	 893 	 855 
i 864	 785 	 708 
i 531	 979 	 1074 
i 24	 904 	 931 
i 997	 945 	 863 
i 90	 460 	 520 
i 223	 210 	 204 
i 549	 412 	 443 
i 262	 835 	 863 
i 778	 723 	 647 
i 658	 721 	 711 
i 418	 112 	 75 
i 395	 218 	 287 
i 287	 199 	 273 
i 226	 767 	 841 
i 619	 851 	 942 
i 731	 677 	 613 
i 71	 208 	 254 
i 884	 793 	 891 
i 574	 476 	 530 
i 262	 583 	 569 
i 263	 986 	 1055 
i 383	 380 	 328 
i 483	 246 	 251 
i 221	 133 	 184 
i 54	 907 	 882 
i 691	 871 	 792 
i 800	 145 	 80 
i 569	 796 	 708 
i 980	 790 	 817 
i 512	 588 	 667 
i 497	 971 	 902 
i 800	 836 	 844 
i 952	 163 	 68 
i 978	 634 	 583 
i 873	 417 	 376 
i 729	 751 	 849 
i 768	 845 	 903 
i 539	 113 	 85 
i 303	 167 	 135 
i 840	 732 	 802 
i 808	 640 	 609 
i 624	 782 	 711 
i 684	 375 	 295 
i 274	 398 	 313 
i 618	 617 	 707 
i 338	 883 	 919 
i 165	 875 	 865 
i 168	 690 	 788 
i 232	 121 	 79 
i 930	 424 	 350 
i 527	 293 	 381 
i 283	 603 	 616 
i 580	 736 	 686 
i 903	 826 	 830 
i 472	 897 	 825 
i 342	 856 	 852 
i 202	 575 	 604 
i 853	 976 	 1038 
i 864	 967 	 875 
i 218	 339 	 434 
i 422	 458 	 458 
i 975	 406 	 462 
i 679	 910 	 882 
i 484	 244 	 197 
i 369	 709 	 757 
i 208	 836 	 752 
i 730	 374 	 330 
i 703	 948 	 875 
i 667	 781 	 681 
i 923	 820 	 763 
i 315	 798 	 826 
i 647	 356 	 379 
i 546	 164 	 123 
i 696	 488 	 543 
i 370	 726 	 655 
i 186	 495 	 466 
i 482	 568 	 485 
i 424	 820 	 877 
i 179	 941 	 932 
i 976	 942 	 917 
i 750	 247 	 285 
i 26	 816 	 784 
i 87	 475 	 552 
i 511	 738 	 754 
i 204	 541 	 631 
i 637	 673 	 600 
i 152	 989 	 1013 
i 949	 176 	 84 
i 884	 877 	 821 
i 819	 393 	 333 
i 973	 731 	 821 
i 767	 459 	 554 
i 178	 763 	 675 
i 883	 663 	 677 
i 368	 292 	 347 
i 999	 251 	 233 
i 988	 374 	 387 
i 62	 926 	 928 
i 924	 966 	 945 
i 243	 275 	 218 
i 940	 453 	 391 
i 333	 409 	 500 
i 67	 388 	 315 
i 687	 444 	 347 
i 892	 954 	 931 
i 51	 755 	 732 
i 347	 234 	 208 
i 265	 737 	 724 
i 227	 306 	 278 
i 412	 660 	 680 
i 797	 854 	 862 
i 134	 135 	 210 
i 446	 988 	 1076 
i 821	 220 	 246 
i 769	 237 	 241 
i 495	 580 	 594 
i 634	 924 	 1008 
i 339	 368 	 304 
i 558	 756 	 738 
i 176	 188 	 252 
i 13	 725 	 749 
i 41	 319 	 369 
i 27	 210 	 150 
i 150	 159 	 63 
i 292	 720 	 778 
i 819	 297 	 254 
i 735	 806 	 889 
i 25	 736 	 687 
i 751	 900 	 963 
i 838	 376 	 474 
i 529	 219 	 119 
i 763	 772 	 680 
i 875	 554 	 468 
i 930	 732 	 676 
i 616	 752 	 754 
i 825	 566 	 532 
i 608	 820 	 733 
i 312	 748 	 666 
i 200	 977 	 1045 
i 499	 814 	 850 
i 621	 806 	 748 
i 365	 810 	 904 
i 863	 850 	 919 
i 562	 913 	 968 
i 284	 221 	 200 
i 796	 677 	 621 
i 594	 972 	 1038 
i 311	 143 	 71 
i 287	 225 	 193 
i 78	 974 	 1041 
i 859	 691 	 683 
i 646	 877 	 942 
i 478	 854 	 891 
i 381	 720 	 670 
i 505	 524 	 530 
i 142	 876 	 842 
i 111	 184 	 268 
i 148	 922 	 869 
i 276	 159 	 163 
i 248	 463 	 482 
i 899	 320 	 311 
i 762	 730 	 650 
i 598	 575 	 591 
i 284	 298 	 390 
i 749	 521 	 514 
i 610	 996 	 1017 
i 693	 401 	 444 
i 605	 334 	 407 
i 660	 543 	 471 
i 57	 117 	 95 
i 292	 650 	 607 
i 988	 168 	 78 
i 511	 261 	 291 
i 722	 779 	 865 
i 184	 745 	 781 
i 181	 272 	 230 
i 507	 813 	 910 
i 758	 564 	 582 
i 245	 445 	 395 
i 252	 572 	 533 
i 858	 919 	 939 
i 923	 288 	 305 
i 93	 334 	 254 
i 844	 912 	 976 
i 558	 854 	 755 
i 739	 572 	 509 
i 529	 834 	 872 
i 40	 821 	 811 
i 416	 459 	 498 
i 935	 683 	 772 
i 844	 957 	 1018 
i 44	 602 	 648 
i 295	 237 	 301 
i 197	 326 	 359 
i 34	 168 	 113 
i 553	 173 	 265 
i 366	 339 	 337 
i 166	 956 	 962 
i 558	 468 	 557 
i 202	 198 	 274 
i 154	 152 	 197 
i 706	 869 	 923 
i 848	 629 	 542 
i 91	 472 	 424 
i 156	 176 	 135 
i 226	 376 	 446 
i 483	 344 	 287 
i 434	 784 	 760 
i 836	 368 	 456 
i 934	 323 	 251 
i 981	 220 	 179 
i 834	 867 	 767 
i 418	 665 	 735 
i 824	 725 	 813 
i 898	 961 	 880 
i 197	 337 	 301 
i 460	 204 	 265 
i 217	 397 	 345 
i 507	 738 	 653 
i 746	 685 	 587 
i 868	 812 	 910 
i 720	 186 	 251 
i 344	 189 	 138 
i 36	 946 	 860 
i 991	 894 	 987 
i 246	 981 	 914 
i 351	 380 	 405 
i 674	 209 	 277 
i 380	 423 	 392 
i 27	 492 	 410 
i 815	 503 	 595 
i 900	 497 	 533 
i 987	 344 	 249 
i 927	 563 	 475 
i 809	 626 	 536 
i 788	 598 	 557 
i 92	 745 	 775 
i 202	 412 	 376 
i 554	 271 	 311 
i 982	 581 	 626 
i 424	 666 	 674 
i 859	 633 	 621 
i 122	 351 	 337 
i 630	 375 	 347 
i 210	 430 	 363 
i 757	 477 	 568 
i 471	 743 	 652 
i 810	 432 	 382 
i 990	 720 	 780 
i 520	 457 	 514 
i 145	 217 	 159 
i 732	 701 	 615 
i 4	 208 	 146 
i 301	 593 	 657 
i 660	 913 	 819 
i 73	 174 	 231 
i 783	 136 	 88 
i 146	 179 	 93 
i 831	 402 	 314 
i 221	 228 	 244 
i 341	 928 	 973 
i 6	 228 	 219 
i 116	 290 	 282 
i 658	 461 	 513 
i 560	 303 	 287 
i 632	 331 	 329 
i 660	 144 	 99 
i 738	 376 	 360 
i 67	 439 	 389 
i 199	 493 	 488 
i 119	 121 	 184 
i 251	 766 	 830 
i 453	 285 	 372 
i 847	 695 	 714 
i 64	 483 	 414 
i 312	 858 	 915 
i 350	 409 	 398 
i 649	 656 	 593 
i 19	 143 	 93 
i 449	 369 	 359 
i 460	 792 	 806 
i 198	 629 	 693 
i 394	 472 	 426 
i 52	 417 	 341 
i 471	 946 	 883 
i 312	 196 	 195 
i 647	 897 	 966 
i 261	 407 	 406 
i 298	 573 	 576 
i 589	 798 	 890 
i 356	 310 	 294 
i 939	 818 	 842 
i 346	 660 	 563 
i 690	 904 	 817 
i 630	 123 	 130 
i 726	 288 	 357 
i 611	 730 	 729 
i 944	 595 	 646 
i 465	 148 	 59 
i 238	 606 	 634 
i 463	 573 	 672 
i 259	 950 	 1037 
i 876	 614 	 570 
i 769	 627 	 721 
i 783	 687 	 707 
i 982	 275 	 241 
i 680	 141 	 229 
i 226	 582 	 659 
i 268	 367 	 337 
i 825	 416 	 433 
i 346	 988 	 898 
i 290	 988 	 950 
i 856	 933 	 870 
i 438	 297 	 388 
i 86	 274 	 322 
i 271	 811 	 855 
i 305	 216 	 196 
i 836	 165 	 190 
i 125	 953 	 1032 
i 468	 377 	 421 
i 455	 902 	 815 
i 441	 949 	 920 
i 367	 336 	 278 
i 576	 504 	 534 
i 759	 466 	 513 
i 547	 235 	 136 
i 665	 878 	 840 
i 726	 347 	 276 
i 674	 906 	 860 
i 974	 815 	 863 
i 864	 567 	 506 
i 807	 627 	 654 
i 62	 944 	 844 
i 504	 245 	 260 
i 903	 824 	 791 
i 43	 591 	 668 
i 905	 598 	 608 
i 173	 876 	 831 
i 68	 120 	 210 
i 859	 363 	 448 
i 373	 132 	 189 
i 953	 306 	 325 
i 892	 872 	 903 
i 44	 875 	 807 
i 846	 500 	 412 
i 387	 801 	 722 
i 934	 699 	 601 
i 796	 300 	 237 
i 806	 546 	 496 
i 90	 502 	 424 
i 114	 436 	 433 
i 334	 250 	 237 
i 190	 780 	 746 
i 50	 476 	 451 
i 488	 620 	 564 
i 265	 678 	 699 
i 927	 773 	 781 
i 140	 785 	 752 
i 629	 950 	 879 
i 71	 286 	 233 
i 437	 387 	 356 
i 593	 819 	 855 
i 347	 321 	 395 
i 758	 615 	 699 
i 331	 949 	 931 
i 968	 257 	 292 
i 714	 798 	 818 
i 473	 392 	 440 
i 418	 694 	 668 
i 616	 823 	 811 
i 926	 143 	 218 
i 723	 454 	 448 
i 959	 172 	 235 
i 527	 948 	 963 
i 470	 880 	 961 
i 635	 356 	 431 
i 409	 957 	 975 
i 726	 605 	 517 
i 382	 376 	 372 
i 184	 708 	 627 
i 221	 213 	 117 
i 606	 995 	 1044 
i 675	 526 	 567 
i 618	 366 	 312 
i 483	 880 	 920 
i 759	 798 	 765 
i 712	 689 	 738 
i 268	 327 	 321 
i 567	 384 	 455 
i 239	 813 	 720 
i 354	 901 	 852 
i 349	 923 	 996 
i 817	 698 	 706 
i 105	 437 	 368 
i 969	 645 	 673 
i 743	 381 	 361 
i 394	 683 	 605 
i 637	 459 	 435 
i 945	 881 	 971 
i 736	 753 	 690 
i 625	 788 	 796 
i 538	 130 	 208 
i 200	 900 	 941 
i 567	 493 	 555 
i 168	 635 	 691 
i 472	 318 	 323 
i 117	 676 	 760 
i 509	 778 	 789 
i 375	 229 	 229 
i 98	 185 	 132 
i 859	 353 	 425 
i 881	 836 	 816 
i 769	 741 	 761 
i 199	 482 	 415 
i 789	 317 	 284 
i 23	 124 	 185 
i 658	 592 	 676 
i 409	 521 	 507 
i 543	 128 	 189 
i 626	 575 	 656 
i 899	 788 	 840 
i 716	 667 	 696 
i 425	 135 	 117 
i 843	 670 	 692 
i 75	 820 	 800 
i 90	 230 	 215 
i 630	 949 	 865 
i 93	 882 	 880 
i 112	 378 	 284 
i 635	 208 	 240 
i 397	 124 	 136 
i 23	 804 	 759 
i 51	 489 	 529 
i 680	 858 	 866 
i 479	 515 	 538 
i 613	 873 	 914 
i 556	 361 	 328 
i 424	 435 	 421 
i 725	 873 	 881 
i 835	 904 	 839 
i 850	 603 	 618 
i 631	 213 	 232 
i 57	 459 	 488 
i 897	 193 	 158 
i 352	 677 	 738 
i 210	 339 	 323 
i 492	 969 	 1064 
i 857	 381 	 361 
i 715	 765 	 690 
i 607	 359 	 451 
i 162	 518 	 580 
i 277	 140 	 128 
i 668	 671 	 670 
i 761	 359 	 338 
i 399	 651 	 700 
i 656	 480 	 571 
i 621	 853 	 842 
i 926	 832 	 793 
i 662	 299 	 203 
i 942	 410 	 435 
i 400	 375 	 433 
i 433	 207 	 120 
i 64	 600 	 647 
i 343	 155 	 154 
i 950	 507 	 586 
i 366	 284 	 294 
i 202	 246 	 180 
i 14	 646 	 565 
i 225	 919 	 971 
i 562	 938 	 978 
i 860	 609 	 529 
i 968	 423 	 430 
i 519	 483 	 503 
i 569	 248 	 336 
i 15	 690 	 768 
i 210	 597 	 548 
i 363	 199 	 191 
i 965	 353 	 347 
i 874	 442 	 481 
i 805	 230 	 182 
i 366	 856 	 780 
i 717	 948 	 866 
i 137	 537 	 558 
i 291	 182 	 117 
i 942	 132 	 70 
i 491	 927 	 907 
i 590	 269 	 321 
i 863	 679 	 724 
i 237	 212 	 232 
i 371	 833 	 814 
i 210	 177 	 232 
i 152	 285 	 283 
i 631	 365 	 390 
i 712	 907 	 991 
i 736	 176 	 248 
i 654	 347 	 317 
i 832	 705 	 794 
i 472	 496 	 557 
i 586	 256 	 165 
i 399	 793 	 776 
i 474	 269 	 294 
i 670	 958 	 1013 
i 956	 508 	 489 
i 852	 179 	 103 
i 926	 998 	 1069 
i 193	 877 	 879 
i 861	 303 	 271 
i 296	 255 	 318 
i 459	 974 	 954 
i 227	 125 	 185 
i 405	 495 	 450 
i 359	 162 	 251 
i 805	 854 	 934 
i 882	 328 	 379 
i 881	 436 	 472 
i 743	 309 	 384 
i 960	 765 	 812 
i 123	 182 	 88 
i 94	 908 	 906 
i 111	 377 	 420 
i 543	 201 	 125 
i 601	 447 	 443 
i 437	 399 	 356 
i 682	 313 	 247 
i 49	 986 	 896 
i 273	 703 	 762 
i 9	 592 	 643 
i 89	 359 	 434 
i 985	 388 	 482 
i 286	 825 	 741 
i 388	 576 	 601 
i 766	 686 	 631 
i 92	 226 	 258 
i 320	 482 	 451 
i 304	 634 	 613 
i 970	 681 	 714 
i 513	 500 	 535 
i 792	 283 	 336 
i 104	 176 	 226 
i 908	 152 	 59 
i 431	 226 	 211 
i 79	 783 	 721 
i 208	 985 	 941 
i 626	 687 	 707 
i 216	 996 	 1077 
i 857	 459 	 534 
i 295	 164 	 141 
i 489	 766 	 702 
i 562	 557 	 514 
i 609	 336 	 274 
i 738	 370 	 394 
i 495	 748 	 788 
i 479	 919 	 1001 
i 129	 282 	 289 
i 125	 817 	 867 
i 516	 734 	 756 
i 577	 624 	 705 
i 314	 971 	 949 
i 816	 243 	 334 
i 71	 497 	 510 
i 362	 669 	 629 
i 79	 335 	 394 
i 988	 960 	 915 
i 181	 881 	 862 
i 975	 470 	 476 
i 677	 250 	 159 
i 255	 793 	 817 
i 223	 709 	 796 
i 372	 170 	 220 
i 806	 132 	 196 
i 434	 634 	 571 
i 686	 904 	 856 
i 642	 726 	 676 
i 509	 974 	 960 
i 913	 446 	 427 
i 71	 918 	 835 
i 838	 961 	 929 
i 511	 626 	 638 
i 578	 571 	 658 
i 602	 352 	 400 
i 192	 196 	 131 
i 85	 361 	 433 
i 776	 597 	 597 
i 747	 821 	 723 
i 126	 317 	 402 
i 35	 681 	 780 
i 990	 758 	 824 
i 571	 172 	 141 
i 89	 673 	 757 
i 361	 616 	 621 
i 457	 387 	 430 
i 739	 543 	 603 
i 286	 421 	 436 
i 86	 869 	 834 
i 319	 881 	 871 
i 960	 816 	 813 
i 688	 812 	 807 
i 757	 665 	 574 
i 390	 972 	 899 
i 959	 904 	 903 
i 270	 482 	 572 
i 757	 231 	 269 
i 107	 944 	 1039 
i 959	 569 	 481 
i 826	 859 	 835 
i 620	 371 	 339 
i 409	 802 	 708 
i 34	 336 	 393 
i 3	 377 	 312 
i 894	 498 	 425 
i 313	 939 	 920 
i 448	 898 	 831 
i 385	 625 	 579 
i 900	 607 	 553 
i 742	 664 	 575 
i 35	 116 	 151 
i 812	 422 	 339 
i 67	 450 	 374 
i 367	 262 	 186 
i 802	 421 	 324 
i 734	 543 	 509 
i 620	 906 	 961 
i 199	 164 	 96 
i 757	 406 	 318 
i 381	 611 	 672 
i 387	 663 	 731 
i 736	 377 	 407 
i 118	 455 	 498 
i 288	 562 	 479 
i 637	 671 	 748 
i 124	 686 	 710 
i 20	 980 	 928 
i 80	 782 	 770 
i 412	 928 	 867 
i 975	 984 	 999 
i 597	 812 	 905 
i 896	 670 	 710 
i 284	 362 	 426 
i 791	 113 	 34 
i 421	 189 	 238 
i 69	 979 	 1052 
i 47	 643 	 720 
i 802	 858 	 951 
i 721	 361 	 336 
i 704	 538 	 509 
i 493	 163 	 253 
i 123	 133 	 202 
i 406	 757 	 683 
i 409	 598 	 682 
i 497	 694 	 662 
i 474	 468 	 450 
i 73	 351 	 342 
i 914	 252 	 204 
i 197	 223 	 319 
i 677	 561 	 598 
i 736	 877 	 813 
i 762	 834 	 794 
i 490	 699 	 740 
i 38	 817 	 740 
i 694	 749 	 772 
i 97	 166 	 84 
i 367	 534 	 466 
i 526	 942 	 857 
i 653	 286 	 240 
i 160	 271 	 361 
i 22	 882 	 919 
i 835	 153 	 142 
i 497	 423 	 510 
i 292	 165 	 260 
i 10	 271 	 305 
i 73	 818 	 871 
i 548	 898 	 824 
i 484	 154 	 186 
i 681	 223 	 185 
i 862	 466 	 460 
i 729	 422 	 420 
i 778	 144 	 109 
i 130	 543 	 608 
i 192	 489 	 412 
i 372	 469 	 394 
i 168	 177 	 117 
i 54	 859 	 908 
i 103	 979 	 925 
i 229	 678 	 760 
i 629	 957 	 1012 
i 979	 489 	 490 
i 18	 928 	 884 
i 504	 332 	 314 
i 930	 178 	 199 
i 333	 283 	 378 
i 408	 397 	 326 
i 250	 576 	 515 
i 228	 353 	 313 
i 866	 561 	 567 
i 818	 485 	 416 
i 244	 287 	 214 
i 163	 737 	 668 
i 412	 990 	 1022 
i 487	 470 	 488 
i 681	 119 	 203 
i 5	 989 	 955 
i 528	 229 	 245 
i 801	 406 	 467 
i 309	 674 	 708 
i 730	 257 	 255 
i 928	 399 	 446 
i 633	 523 	 602 
i 623	 662 	 624 
i 27	 360 	 419 
i 37	 885 	 881 
i 25	 817 	 813 
i 158	 222 	 124 
i 490	 739 	 801 
i 124	 569 	 493 
i 289	 280 	 350 
i 614	 718 	 774 
i 79	 484 	 467 
i 699	 395 	 302 
i 979	 672 	 584 
i 851	 493 	 413 
i 646	 920 	 845 
i 771	 462 	 418 
i 478	 474 	 528 
i 994	 310 	 389 
i 185	 419 	 356 
i 868	 289 	 349 
i 289	 984 	 1060 
i 608	 464 	 479 
i 240	 498 	 509 
i 669	 555 	 537 
i 580	 645 	 556 
i 976	 758 	 823 
i 385	 121 	 82 
i 609	 809 	 769 
i 956	 718 	 715 
i 158	 884 	 854 
i 140	 708 	 736 
i 537	 601 	 551 
i 972	 227 	 224 
i 473	 724 	 655 
i 75	 200 	 247 
i 802	 250 	 293 
i 814	 986 	 906 
i 600	 369 	 411 
i 283	 636 	 669 
i 154	 178 	 242 
i 825	 492 	 584 
i 378	 174 	 174 
i 509	 396 	 390 
i 200	 832 	 921 
i 301	 973 	 876 
i 457	 742 	 806 
i 442	 489 	 516 
i 732	 579 	 526 
i 323	 321 	 324 
i 399	 913 	 947 
i 828	 757 	 756 
i 899	 724 	 799 
i 221	 280 	 256 
i 32	 700 	 716 
i 2	 651 	 727 
i 712	 669 	 637 
i 138	 511 	 567 
i 664	 188 	 191 
i 900	 398 	 465 
i 803	 859 	 806 
i 530	 568 	 481 
i 220	 121 	 213 
i 410	 900 	 837 
i 74	 352 	 295 
i 682	 871 	 814 
i 311	 768 	 854 
i 761	 183 	 96 
i 848	 879 	 925 
i 171	 448 	 474 
i 13	 305 	 292 
i 527	 516 	 609 
i 539	 574 	 511 
i 427	 542 	 561 
i 699	 707 	 740 
i 555	 900 	 870 
i 295	 205 	 237 
i 376	 144 	 128 
i 240	 204 	 158 
i 620	 855 	 843 
i 838	 528 	 518 
i 295	 916 	 1012 
i 815	 885 	 889 
i 301	 161 	 250 
i 972	 691 	 720 
i 860	 397 	 337 
i 966	 710 	 708 
i 5	 409 	 483 
i 110	 785 	 707 
i 947	 136 	 182 
i 417	 529 	 542 
i 323	 933 	 1005 
i 194	 916 	 951 
i 252	 489 	 584 
i 904	 442 	 532 
i 227	 127 	 189 
i 901	 306 	 361 
i 237	 746 	 802 
i 995	 630 	 708 
i 25	 728 	 795 
i 495	 489 	 440 
i 420	 994 	 1009 
i 326	 873 	 927 
i 752	 587 	 492 
i 126	 569 	 654 
i 145	 527 	 458 
i 364	 359 	 270 
i 79	 163 	 122 
i 663	 859 	 817 
i 359	 763 	 726 
i 783	 621 	 683 
i 778	 849 	 795 
i 635	 475 	 486 
i 172	 274 	 235 
i 687	 297 	 283 
i 156	 234 	 249 
i 435	 374 	 462 
i 494	 425 	 329 
i 336	 688 	 724 
i 70	 946 	 854 
i 643	 338 	 403 
i 474	 170 	 190 
i 884	 376 	 324 
i 69	 871 	 853 
i 278	 258 	 177 
i 417	 644 	 594 
i 713	 270 	 307 
i 68	 219 	 155 
i 717	 239 	 242 
i 657	 847 	 864 
i 913	 886 	 832 
i 980	 732 	 772 
i 279	 381 	 398 
i 135	 595 	 626 
i 301	 960 	 1046 
i 900	 159 	 129 
i 80	 384 	 297 
i 203	 997 	 923 
i 346	 270 	 339 
i 176	 731 	 732 
i 48	 364 	 348 
i 747	 569 	 549 
i 52	 306 	 341 
i 595	 829 	 891 
i 551	 524 	 447 
i 606	 465 	 368 
i 914	 778 	 697 
i 911	 836 	 795 
i 91	 954 	 982 
i 789	 820 	 883 
i 75	 382 	 455 
i 590	 755 	 777 
i 810	 223 	 255 
i 618	 827 	 778 
i 83	 662 	 724 
i 482	 765 	 748 
i 233	 779 	 745 
i 49	 863 	 811 
i 997	 239 	 205 
i 795	 811 	 735 
i 101	 650 	 589 
i 825	 532 	 589 
i 952	 188 	 207 
i 758	 778 	 721 
i 379	 121 	 80 
i 115	 842 	 897 
i 866	 324 	 226 
i 713	 618 	 530 
i 857	 834 	 745 
i 646	 241 	 311 
i 253	 350 	 440 
i 727	 525 	 580 
i 813	 335 	 381 
i 565	 866 	 864 
i 576	 168 	 241 
i 399	 433 	 529 
i 639	 237 	 307 
i 211	 249 	 261 
i 25	 303 	 287 
i 172	 356 	 269 
i 441	 226 	 190 
i 907	 185 	 94 
i 160	 878 	 950 
i 10	 640 	 625 
i 74	 187 	 87 
i 437	 960 	 940 
i 579	 946 	 854 
i 734	 813 	 763 
i 951	 426 	 381 
i 228	 801 	 790 
i 357	 861 	 938 
i 441	 257 	 316 
i 305	 299 	 390 
i 900	 175 	 268 
i 985	 554 	 461 
i 941	 556 	 551 
i 880	 914 	 824 
i 671	 950 	 1007 
i 26	 285 	 333 
i 801	 530 	 623 
i 645	 928 	 893 
i 810	 829 	 882 
i 22	 647 	 561 
i 95	 608 	 702 
i 593	 577 	 668 
i 95	 611 	 690 
i 998	 145 	 200 
i 942	 194 	 183 
i 139	 896 	 890 
i 610	 666 	 621 
i 530	 639 	 723 
i 338	 928 	 974 
i 941	 721 	 771 
i 501	 784 	 853 
i 26	 759 	 747 
i 588	 720 	 727 
i 627	 630 	 636 
i 722	 433 	 428 
i 606	 832 	 855 
i 231	 366 	 311 
i 825	 611 	 662 
i 745	 542 	 460 
i 432	 303 	 210 
i 190	 973 	 980 
i 918	 837 	 849 
i 605	 340 	 269 
i 189	 817 	 872 
i 552	 403 	 402 
i 364	 827 	 747 
i 650	 486 	 453 
i 214	 687 	 619 
i 699	 471 	 552 
i 915	 554 	 521 
i 886	 586 	 591 
i 703	 174 	 163 
i 962	 673 	 583 
i 756	 806 	 753 
i 86	 608 	 666 
i 891	 163 	 94 
i 314	 256 	 317 
i 963	 554 	 457 
i 368	 697 	 740 
i 867	 613 	 639 
i 403	 914 	 918 
i 474	 493 	 437 
i 107	 890 	 827 
i 888	 935 	 1023 
i 448	 260 	 165 
i 507	 963 	 1046 
i 670	 212 	 158 
i 170	 929 	 868 
i 829	 946 	 959 
i 395	 696 	 682 
i 299	 371 	 438 
i 729	 833 	 794 
i 606	 143 	 126 
i 534	 308 	 268 
i 702	 257 	 307 
i 662	 282 	 234 
i 776	 211 	 297 
i 697	 419 	 339 
i 637	 594 	 680 
i 296	 207 	 172 
i 588	 592 	 616 
i 401	 446 	 416 
i 438	 722 	 814 
i 660	 203 	 201 
i 825	 474 	 413 
i 19	 254 	 325 
i 132	 486 	 513 
i 478	 425 	 391 
i 22	 514 	 607 
i 131	 452 	 404 
i 672	 742 	 812 
i 50	 408 	 358 
i 737	 723 	 761 
i 841	 687 	 657 
i 250	 238 	 173 
i 412	 413 	 352 
i 834	 287 	 252 
i 188	 852 	 912 
i 641	 258 	 323 
i 27	 231 	 322 
i 736	 466 	 491 
i 72	 335 	 370 
i 759	 560 	 543 
i 408	 286 	 237 
i 551	 598 	 599 
i 891	 756 	 839 
i 90	 930 	 980 
i 924	 332 	 419 
i 90	 158 	 174 
i 225	 892 	 913 
i 625	 854 	 822 
i 876	 523 	 506 
i 382	 237 	 172 
i 579	 607 	 623 
i 128	 836 	 762 
i 854	 397 	 302 
i 776	 325 	 248 
i 25	 994 	 902 
i 79	 940 	 866 
i 957	 568 	 539 
i 793	 220 	 316 
i 258	 526 	 597 
i 401	 895 	 842 
i 959	 162 	 225 
i 775	 681 	 770 
i 98	 801 	 860 
i 339	 824 	 839 
i 332	 928 	 948 
i 266	 964 	 999 
i 780	 191 	 218 
i 903	 507 	 493 
i 370	 489 	 526 
i 253	 362 	 279 
i 311	 574 	 483 
i 951	 412 	 476 
i 728	 364 	 448 
i 531	 186 	 138 
i 450	 698 	 716 
i 410	 343 	 414 
i 500	 946 	 973 
i 945	 623 	 631 
i 371	 117 	 199 
i 654	 729 	 662 
i 176	 809 	 804 
i 515	 853 	 838 
i 800	 697 	 628 
i 885	 628 	 665 
i 547	 860 	 787 
i 808	 499 	 508 
i 748	 374 	 283 
i 326	 942 	 1040 
i 333	 536 	 508 
i 30	 458 	 361 
i 814	 605 	 543 
i 650	 139 	 180 
i 309	 519 	 520 
i 891	 657 	 635 
i 734	 379 	 467 
i 172	 500 	 549 
i 468	 986 	 985 
i 404	 138 	 202 
i 882	 130 	 61 
i 273	 453 	 390 
i 829	 467 	 367 
i 861	 638 	 667 
i 321	 377 	 468 
i 936	 828 	 898 
i 238	 289 	 305 
i 676	 235 	 286 
i 661	 901 	 845 
i 692	 454 	 479 
i 714	 297 	 298 
i 100	 435 	 491 
i 501	 600 	 622 
i 95	 600 	 594 
i 394	 289 	 348 
i 202	 252 	 298 
i 402	 119 	 212 
i 543	 639 	 668 
i 432	 423 	 384 
i 818	 622 	 721 
i 28	 291 	 333 
i 393	 744 	 806 
i 943	 552 	 514 
i 494	 207 	 188 
i 695	 629 	 689 
i 854	 447 	 347 
i 864	 208 	 189 
i 459	 180 	 269 
i 810	 754 	 729 
i 385	 137 	 76 
i 588	 136 	 81 
i 302	 769 	 792 
i 797	 603 	 615 
i 906	 882 	 793 
i 489	 355 	 405 
i 867	 179 	 200 
i 976	 182 	 176 
i 55	 543 	 628 
i 778	 497 	 544 
i 808	 835 	 759 
i 836	 122 	 164 
i 578	 322 	 224 
i 132	 872 	 934 
i 998	 482 	 525 
i 274	 532 	 473 
i 351	 311 	 226 
i 432	 850 	 760 
i 918	 379 	 300 
i 354	 316 	 392 
i 169	 974 	 1012 
i 181	 196 	 201 
i 419	 830 	 751 
i 276	 843 	 790 
i 693	 677 	 624 
i 168	 427 	 429 
i 394	 611 	 683 
i 225	 678 	 636 
i 527	 724 	 666 
i 759	 818 	 831 
i 730	 715 	 761 
i 826	 442 	 525 
i 636	 912 	 878 
i 461	 118 	 139 
i 98	 329 	 289 
i 453	 540 	 534 
i 17	 994 	 1066 
i 655	 871 	 788 
i 345	 243 	 266 
i 141	 432 	 407 
i 821	 935 	 856 
i 194	 699 	 785 
i 96	 624 	 637 
i 104	 921 	 826 
i 350	 574 	 499 
i 832	 843 	 859 
i 826	 372 	 391 
i 682	 252 	 202 
i 831	 331 	 350 
i 194	 880 	 927 
i 122	 324 	 335 
i 783	 419 	 469 
i 361	 359 	 428 
i 272	 864 	 954 
i 792	 890 	 850 
i 617	 114 	 40 
i 911	 630 	 721 
i 71	 271 	 299 
i 319	 495 	 489 
i 184	 136 	 169 
i 424	 790 	 847 
i 771	 397 	 411 
i 50	 177 	 263 
i 897	 930 	 870 
i 775	 886 	 985 
i 779	 264 	 286 
i 364	 383 	 387 
i 544	 347 	 365 
i 976	 917 	 999 
i 5	 448 	 367 
i 769	 151 	 155 
i 93	 851 	 809 
i 167	 470 	 438 
i 89	 409 	 356 
i 960	 589 	 491 
i 134	 586 	 644 
i 439	 241 	 172 
i 705	 707 	 747 
i 612	 346 	 381 
i 991	 269 	 305 
i 38	 355 	 345 
i 871	 818 	 827 
i 275	 188 	 230 
i 610	 493 	 553 
i 149	 706 	 758 
i 683	 719 	 797 
i 830	 536 	 502 
i 501	 676 	 583 
i 765	 411 	 441 
i 943	 125 	 153 
i 218	 733 	 768 
i 14	 247 	 257 
i 102	 731 	 796 
i 531	 476 	 463 
i 201	 298 	 314 
i 884	 975 	 928 
i 363	 880 	 799 
i 998	 288 	 307 
i 337	 322 	 294 
i 353	 900 	 861 
i 54	 581 	 586 
i 207	 296 	 303 
i 905	 786 	 814 
i 316	 631 	 565 
i 527	 130 	 104 
i 499	 649 	 600 
i 365	 887 	 911 
i 564	 974 	 997 
i 801	 617 	 708 
i 689	 941 	 902 
i 219	 326 	 298 
i 428	 793 	 806 
i 188	 384 	 378 
i 773	 954 	 1011 
i 794	 218 	 181 
i 401	 550 	 612 
i 275	 779 	 714 
i 247	 442 	 490 
i 816	 992 	 1000 
i 751	 954 	 900 
i 992	 340 	 330 
i 760	 663 	 739 
i 68	 280 	 193 
i 17	 701 	 769 
i 138	 514 	 541 
i 631	 796 	 703 
i 383	 631 	 593 
i 755	 791 	 802 
i 747	 563 	 538 
i 696	 158 	 83 
i 954	 366 	 289 
i 575	 768 	 843 
i 765	 662 	 751 
i 430	 723 	 815 
i 884	 582 	 502 
i 655	 259 	 305 
i 242	 292 	 215 
i 7	 570 	 644 
i 515	 178 	 201 
i 569	 511 	 474 
i 856	 624 	 578 
i 596	 729 	 798 
i 217	 622 	 644 
i 906	 575 	 483 
i 437	 544 	 629 
i 604	 634 	 650 
i 808	 397 	 461 
i 326	 501 	 566 
i 401	 387 	 355 
i 852	 938 	 1020 
i 429	 330 	 384 
i 125	 570 	 543 
i 700	 433 	 449 
i 224	 976 	 974 
i 711	 124 	 209 
i 300	 947 	 953 
i 622	 575 	 542 
i 62	 417 	 450 
i 373	 266 	 179 
i 304	 572 	 655 
i 551	 496 	 465 
i 68	 292 	 286 
i 430	 618 	 552 
i 404	 248 	 227 
i 419	 683 	 604 
i 360	 618 	 599 
i 881	 202 	 107 
i 227	 504 	 422 
i 402	 206 	 198 
i 921	 265 	 318 
i 355	 193 	 156 
i 558	 501 	 478 
i 129	 921 	 984 
i 283	 186 	 129 
i 927	 538 	 565 
i 499	 633 	 732 
i 601	 995 	 1071 
i 44	 132 	 53 
i 152	 213 	 214 
i 326	 625 	 610 
i 419	 418 	 474 
i 858	 700 	 668 
i 770	 154 	 148 
i 854	 879 	 929 
i 335	 186 	 222 
i 923	 753 	 689 
i 917	 752 	 808 
i 941	 645 	 710 
i 57	 740 	 835 
i 635	 303 	 263 
i 980	 685 	 729 
i 643	 494 	 510 
i 692	 799 	 769 
i 557	 329 	 270 
i 641	 111 	 119 
i 364	 717 	 709 
i 86	 878 	 854 
i 687	 685 	 649 
i 396	 531 	 506 
i 612	 511 	 413 
i 259	 782 	 880 
i 690	 536 	 563 
i 464	 163 	 128 
i 710	 475 	 552 
i 710	 658 	 663 
i 393	 249 	 327 
i 257	 661 	 756 
i 902	 111 	 143 
i 375	 398 	 309 
i 826	 735 	 769 
i 581	 748 	 834 
i 60	 743 	 767 
i 119	 421 	 338 
i 529	 714 	 773 
i 145	 613 	 614 
i 300	 193 	 272 
i 919	 986 	 917 
i 919	 965 	 876 
i 243	 667 	 653 
i 945	 720 	 672 
i 662	 428 	 496 
i 374	 367 	 447 
i 722	 920 	 824 
i 402	 996 	 1005 
i 967	 815 	 853 
i 61	 376 	 474 
i 46	 287 	 369 
i 7	 426 	 492 
i 632	 479 	 394 
i 318	 865 	 769 
i 675	 208 	 244 
i 963	 957 	 868 
i 874	 870 	 925 
i 870	 888 	 824 
i 663	 487 	 416 
i 961	 215 	 156 
i 161	 209 	 159 
i 516	 133 	 85 
i 930	 873 	 951 
i 779	 940 	 882 
i 889	 959 	 1036 
i 841	 677 	 747 
i 695	 728 	 772 
i 570	 531 	 549 
i 993	 692 	 643 
i 111	 824 	 767 
i 222	 120 	 95 
i 247	 346 	 424 
i 105	 578 	 643 
i 39	 483 	 503 
i 992	 671 	 669 
i 630	 570 	 537 
i 325	 437 	 343 
i 797	 192 	 212 
i 452	 720 	 738 
i 254	 949 	 989 
i 265	 255 	 340 
i 530	 592 	 526 
i 56	 499 	 454 
i 475	 343 	 306 
i 105	 881 	 842 
i 621	 431 	 518 
i 988	 729 	 681 
i 80	 757 	 669 
i 765	 402 	 404 
i 708	 930 	 983 
i 870	 667 	 573 
i 412	 602 	 614 
i 848	 757 	 780 
i 111	 115 	 33 
i 976	 396 	 335 
i 337	 671 	 734 
i 33	 617 	 678 
i 759	 852 	 929 
i 87	 907 	 937 
i 9	 474 	 446 
i 635	 267 	 213 
i 188	 296 	 324 
i 914	 796 	 794 
i 919	 456 	 476 
i 241	 538 	 553 
i 871	 713 	 795 
i 441	 552 	 641 
i 275	 380 	 421 
i 171	 279 	 337 
i 580	 859 	 919 
i 756	 290 	 277 
i 964	 495 	 519 
i 735	 178 	 185 
i 124	 614 	 605 
i 605	 260 	 299 
i 283	 774 	 788 
i 780	 698 	 600 
i 84	 651 	 608 
i 274	 391 	 382 
i 116	 207 	 114 
i 317	 920 	 978 
i 750	 419 	 470 
i 825	 974 	 972 
i 392	 565 	 588 
i 561	 973 	 917 
i 308	 706 	 707 
i 968	 325 	 282 
i 577	 336 	 309 
i 892	 591 	 619 
i 1	 997 	 1048 
i 910	 141 	 55 
i 258	 846 	 910 
i 230	 631 	 660 
i 740	 180 	 88 
i 711	 729 	 749 
i 381	 926 	 1008 
i 622	 487 	 562 
i 875	 740 	 731 
i 415	 179 	 148 
i 413	 750 	 719 
i 448	 535 	 487 
i 275	 601 	 604 
i 860	 445 	 494 
i 939	 134 	 131 
i 634	 171 	 110 
i 552	 707 	 722 
i 975	 627 	 567 
i 683	 520 	 435 
i 761	 926 	 924 
i 480	 347 	 428 
i 957	 658 	 628 
i 509	 890 	 915 
i 885	 462 	 459 
i 911	 237 	 222 
i 979	 671 	 583 
i 650	 847 	 869 
i 232	 474 	 491 
i 692	 653 	 607 
i 610	 722 	 628 
i 876	 271 	 273 
i 493	 187 	 181 
i 369	 501 	 597 
i 764	 171 	 244 
i 906	 605 	 660 
i 536	 986 	 1037 
i 365	 152 	 133 
i 773	 698 	 725 
i 384	 334 	 300 
i 73	 577 	 665 
i 253	 607 	 670 
i 339	 175 	 136 
i 778	 594 	 629 
i 846	 577 	 565 
i 403	 458 	 427 
i 388	 260 	 337 
i 435	 932 	 882 
i 96	 405 	 309 
i 347	 972 	 953 
i 871	 378 	 374 
i 430	 325 	 371 
i 502	 162 	 76 
i 47	 437 	 507 
i 572	 152 	 191 
i 962	 545 	 465 
i 131	 856 	 853 
i 55	 754 	 838 
i 386	 977 	 880 
i 355	 999 	 972 
i 656	 473 	 420 
i 896	 900 	 933 
i 954	 663 	 596 
i 323	 728 	 671 
i 369	 596 	 653 
i 857	 327 	 377 
i 696	 417 	 493 
i 420	 851 	 938 
i 395	 783 	 747 
i 394	 800 	 835 
i 801	 237 	 203 
i 690	 448 	 393 
i 312	 152 	 88 
i 7	 302 	 303 
i 552	 494 	 569 
i 795	 305 	 351 
i 140	 972 	 957 
i 973	 866 	 935 
i 729	 808 	 756 
i 506	 205 	 232 
i 647	 807 	 794 
i 28	 214 	 139 
i 74	 417 	 405 
i 289	 581 	 570 
i 720	 142 	 241 
i 938	 920 	 978 
i 907	 683 	 769 
i 757	 175 	 256 
i 542	 930 	 957 
i 648	 258 	 186 
i 432	 825 	 883 
i 548	 328 	 391 
i 893	 443 	 521 
i 422	 836 	 771 
i 458	 345 	 424 
i 369	 344 	 411 
i 13	 162 	 210 
i 85	 993 	 993 
i 7	 910 	 818 
i 173	 588 	 626 
i 977	 715 	 639 
i 222	 528 	 562 
i 595	 366 	 379 
i 411	 268 	 365 
i 674	 428 	 417 
i 937	 338 	 400 
i 995	 194 	 259 
i 987	 856 	 938 
i 887	 414 	 497 
i 424	 453 	 371 
i 104	 179 	 92 
i 573	 290 	 248 
i 860	 887 	 964 
i 38	 501 	 460 
i 395	 490 	 584 
i 651	 886 	 967 
i 745	 721 	 801 
i 584	 567 	 645 
i 925	 489 	 544 
i 310	 417 	 357 
i 387	 498 	 458 
i 588	 559 	 634 
i 462	 817 	 864 
i 901	 716 	 771 
i 329	 979 	 913 
i 201	 953 	 1017 
i 888	 872 	 885 
i 402	 786 	 716 
i 827	 689 	 604 
i 172	 491 	 468 
i 608	 670 	 724 
i 113	 941 	 913 
i 908	 833 	 897 
i 589	 600 	 644 
i 566	 400 	 310 
i 514	 552 	 502 
i 370	 393 	 321 
i 129	 897 	 905 
i 779	 142 	 116 
i 208	 210 	 218 
i 837	 553 	 483 
i 771	 350 	 303 
i 584	 671 	 605 
i 135	 514 	 566 
i 461	 270 	 235 
i 957	 317 	 385 
i 276	 544 	 486 
i 161	 671 	 638 
i 197	 266 	 189 
i 308	 597 	 562 
i 805	 192 	 124 
i 76	 327 	 414 
i 706	 562 	 565 
i 160	 716 	 746 
i 339	 505 	 427 
i 571	 796 	 710 
i 59	 655 	 624 
i 688	 842 	 843 
i 863	 255 	 295 
i 410	 361 	 263 
i 501	 651 	 714 
i 745	 797 	 875 
i 253	 739 	 758 
i 934	 312 	 363 
i 378	 893 	 812 
i 149	 994 	 1027 
i 760	 169 	 214 
i 583	 477 	 460 
i 746	 928 	 883 
i 28	 665 	 702 
i 635	 675 	 613 
i 407	 513 	 600 
i 115	 418 	 355 
i 341	 950 	 874 
i 221	 736 	 736 
i 215	 823 	 853 
i 281	 529 	 511 
i 693	 286 	 384 
i 612	 656 	 703 
i 236	 904 	 957 
i 871	 628 	 608 
i 324	 798 	 859 
i 669	 741 	 825 
i 614	 909 	 861 
i 317	 129 	 125 
i 119	 575 	 614 
i 589	 264 	 359 
i 786	 629 	 663 
i 400	 624 	 581 
i 293	 393 	 397 
i 875	 186 	 164 
i 648	 544 	 587 
i 357	 375 	 352 
i 255	 307 	 406 
i 276	 542 	 505 
i 798	 973 	 960 
i 970	 706 	 610 
i 554	 688 	 750 
i 132	 397 	 339 
i 449	 651 	 651 
i 533	 225 	 200 
i 21	 574 	 479 
i 318	 322 	 298 
i 539	 665 	 692 
i 25	 665 	 747 
i 995	 946 	 988 
i 665	 444 	 480 
i 316	 466 	 413 
i 638	 297 	 270 
i 246	 483 	 546 
i 375	 930 	 900 
i 896	 377 	 351 
i 135	 400 	 437 
i 758	 740 	 685 
i 382	 418 	 368 
i 322	 341 	 290 
i 697	 974 	 1056 
i 97	 692 	 637 
i 306	 903 	 976 
i 725	 342 	 264 
i 648	 179 	 176 
i 947	 491 	 467 
i 273	 820 	 823 
i 981	 543 	 498 
i 327	 745 	 776 
i 586	 969 	 1065 
i 558	 300 	 335 
i 212	 222 	 277 
i 104	 425 	 341 
i 363	 307 	 368 
i 440	 407 	 397 
i 868	 840 	 820 
i 666	 293 	 328 
i 153	 754 	 785 
i 867	 112 	 208 
i 833	 698 	 712 
i 47	 681 	 606 
i 172	 395 	 362 
i 526	 196 	 184 
i 747	 268 	 329 
i 81	 985 	 934 
i 901	 500 	 422 
i 107	 858 	 914 
i 830	 570 	 656 
i 832	 265 	 325 
i 493	 250 	 276 
i 136	 757 	 793 
i 456	 871 	 941 
i 552	 284 	 259 
i 728	 678 	 603 
i 712	 506 	 447 
i 151	 725 	 646 
i 992	 827 	 769 
i 509	 633 	 541 
i 682	 574 	 649 
i 839	 398 	 371 
i 567	 961 	 961 
i 422	 677 	 769 
i 617	 546 	 548 
i 256	 883 	 831 
i 700	 995 	 1085 
i 392	 290 	 210 
i 198	 385 	 304 
i 785	 575 	 595 
i 307	 613 	 570 
i 630	 503 	 428 
i 587	 831 	 869 
i 225	 391 	 313 
i 715	 356 	 402 
i 584	 811 	 908 
i 579	 136 	 173 
i 780	 983 	 898 
i 89	 187 	 142 
i 611	 272 	 184 
i 177	 809 	 783 
i 618	 175 	 75 
i 430	 287 	 304 
i 745	 903 	 965 
i 22	 116 	 121 
i 809	 767 	 689 
i 838	 756 	 793 
i 820	 478 	 472 
i 905	 548 	 559 
i 87	 795 	 729 
i 873	 851 	 820 
i 945	 291 	 384 
i 145	 291 	 270 
i 37	 813 	 741 
i 43	 646 	 578 
i 781	 225 	 319 
i 507	 324 	 385 
i 920	 937 	 962 
i 413	 466 	 473 
i 183	 963 	 987 
i 16	 225 	 223 
i 219	 534 	 522 
i 422	 503 	 519 
i 213	 854 	 878 
i 815	 979 	 1011 
i 944	 233 	 222 
i 184	 208 	 298 
i 114	 927 	 1001 
i 513	 598 	 555 
i 472	 184 	 177 
i 601	 737 	 733 
i 78	 288 	 328 
i 519	 680 	 604 
i 356	 311 	 278 
i 332	 863 	 793 
i 470	 564 	 483 
i 580	 960 	 916 
i 498	 917 	 895 
i 47	 804 	 885 
i 130	 168 	 143 
i 834	 584 	 680 
i 35	 125 	 36 
i 675	 750 	 765 
i 901	 861 	 947 
i 748	 272 	 225 
i 259	 408 	 455 
i 214	 494 	 457 
i 122	 743 	 805 
i 901	 204 	 275 
i 966	 122 	 219 
i 499	 459 	 523 
i 516	 442 	 513 
i 236	 494 	 500 
i 81	 118 	 104 
i 263	 947 	 883 
i 597	 294 	 282 
i 29	 948 	 978 
i 739	 339 	 394 
i 844	 173 	 208 
i 857	 937 	 965 
i 249	 926 	 854 
i 622	 769 	 800 
i 54	 642 	 721 
i 63	 227 	 322 
i 4	 612 	 559 
i 210	 774 	 841 
i 152	 276 	 348 
i 409	 857 	 877 
i 479	 658 	 647 
i 408	 371 	 331 
i 326	 943 	 953 
i 67	 181 	 116 
i 664	 767 	 713 
i 795	 674 	 632 
i 360	 653 	 612 
i 106	 865 	 866 
i 292	 719 	 750 
i 132	 598 	 511 
i 748	 245 	 254 
i 41	 643 	 733 
i 977	 914 	 869 
i 57	 518 	 487 
i 795	 675 	 577 
i 430	 879 	 940 
i 40	 250 	 183 
i 888	 514 	 468 
i 573	 964 	 976 
i 121	 660 	 698 
i 272	 720 	 708 
i 871	 316 	 312 
i 775	 275 	 267 
i 234	 524 	 527 
i 868	 832 	 794 
i 733	 841 	 889 
i 890	 668 	 724 
i 344	 815 	 849 
i 304	 167 	 115 
i 922	 667 	 639 
i 607	 396 	 423 
i 838	 790 	 791 
i 24	 330 	 286 
i 488	 740 	 743 
i 300	 311 	 287 
i 121	 590 	 513 
i 748	 361 	 262 
i 541	 169 	 139 
i 604	 766 	 797 
i 231	 983 	 998 
i 552	 418 	 355 
i 316	 984 	 888 
i 563	 547 	 456 
i 271	 798 	 805 
i 496	 368 	 435 
i 35	 709 	 800 
i 317	 814 	 854 
i 383	 821 	 770 
i 120	 245 	 314 
i 101	 828 	 743 
i 447	 454 	 480 
i 430	 619 	 708 
i 920	 640 	 641 
i 693	 682 	 737 
i 982	 270 	 225 
i 656	 123 	 85 
i 447	 973 	 998 
i 246	 710 	 612 
i 397	 928 	 853 
i 204	 794 	 740 
i 590	 865 	 900 
i 162	 537 	 458 
i 757	 490 	 395 
i 401	 943 	 987 
i 580	 747 	 787 
i 594	 992 	 963 
i 564	 379 	 440 
i 239	 938 	 848 
i 159	 947 	 936 
i 927	 173 	 203 
i 776	 378 	 326 
i 256	 981 	 961 
i 682	 187 	 119 
i 619	 211 	 223 
i 335	 852 	 780 
i 326	 588 	 635 
i 629	 908 	 868 
i 559	 736 	 744 
i 500	 782 	 821 
i 570	 292 	 317 
i 871	 872 	 852 
i 850	 199 	 230 
i 936	 558 	 526 
i 50	 702 	 794 
i 883	 313 	 271 
i 421	 440 	 464 
i 318	 206 	 155 
i 22	 474 	 535 
i 776	 955 	 916 
i 980	 688 	 763 
i 837	 356 	 406 
i 936	 714 	 734 
i 441	 411 	 418 
i 107	 714 	 731 
i 335	 679 	 673 
i 705	 941 	 1019 
i 813	 604 	 545 
i 223	 826 	 771 
i 173	 656 	 557 
i 822	 931 	 1028 
i 99	 823 	 887 
i 777	 601 	 653 
i 115	 247 	 187 
i 794	 724 	 685 
i 434	 357 	 385 
i 368	 775 	 744 
i 923	 678 	 610 
i 728	 864 	 840 
i 342	 179 	 190 
i 265	 185 	 160 
i 67	 173 	 168 
i 618	 906 	 856 
i 771	 693 	 666 
i 462	 873 	 805 
i 738	 258 	 277 
i 486	 829 	 922 
i 124	 250 	 327 
i 971	 394 	 417 
i 49	 735 	 826 
i 132	 342 	 286 
i 203	 679 	 637 
i 97	 214 	 295 
i 752	 440 	 476 
i 610	 769 	 697 
i 776	 914 	 990 
i 585	 557 	 530 
i 741	 526 	 524 
i 60	 428 	 420 
i 763	 977 	 979 
i 23	 941 	 969 
i 662	 252 	 321 
i 778	 511 	 599 
i 149	 430 	 468 
i 889	 146 	 107 
i 793	 273 	 189 
i 296	 167 	 200 
i 763	 493 	 474 
i 121	 930 	 923 
i 95	 452 	 398 
i 30	 906 	 856 
i 189	 588 	 670 
i 639	 451 	 489 
i 998	 400 	 468 
i 39	 128 	 174 
i 221	 400 	 404 
i 284	 472 	 536 
i 714	 175 	 191 
i 635	 537 	 577 
i 20	 952 	 1011 
i 913	 268 	 333 
i 451	 493 	 396 
i 834	 417 	 448 
i 160	 144 	 174 
i 180	 892 	 930 
i 505	 653 	 735 
i 911	 231 	 170 
i 984	 960 	 1042 
i 464	 589 	 598 
i 411	 326 	 339 
i 588	 147 	 143 
i 18	 883 	 969 
i 363	 899 	 952 
i 400	 593 	 678 
i 280	 286 	 207 
i 890	 902 	 924 
i 26	 826 	 830 
i 980	 113 	 114 
i 519	 923 	 1017 
i 761	 521 	 497 
i 802	 136 	 229 
i 671	 563 	 660 
i 558	 502 	 471 
i 101	 295 	 344 
i 299	 229 	 134 
i 190	 323 	 406 
i 993	 866 	 954 
i 996	 441 	 525 
i 910	 892 	 880 
i 372	 865 	 806 
i 400	 315 	 216 
i 909	 287 	 322 
i 350	 275 	 222 
i 557	 586 	 553 
i 690	 363 	 390 
i 929	 389 	 453 
i 779	 317 	 380 
i 151	 267 	 329 
i 30	 200 	 245 
i 878	 595 	 514 
i 109	 777 	 776 
i 307	 784 	 765 
i 492	 499 	 550 
i 28	 709 	 671 
i 312	 120 	 20 
i 625	 685 	 771 
i 857	 529 	 571 
i 34	 368 	 440 
i 135	 204 	 282 
i 679	 848 	 902 
i 429	 934 	 1010 
i 188	 487 	 424 
i 624	 848 	 883 
i 297	 632 	 673 
i 308	 910 	 813 
i 953	 914 	 942 
i 425	 855 	 855 
i 714	 599 	 605 
i 819	 477 	 510 
i 649	 382 	 351 
i 576	 180 	 235 
i 999	 962 	 1054 
i 829	 240 	 257 
i 416	 844 	 920 
i 316	 584 	 522 
i 220	 600 	 529 
i 57	 283 	 297 
i 606	 728 	 684 
i 19	 313 	 233 
i 324	 906 	 956 
i 402	 326 	 291 
i 360	 127 	 92 
i 505	 983 	 914 
i 330	 616 	 630 
i 862	 513 	 590 
i 413	 684 	 605 
i 607	 813 	 746 
i 301	 431 	 485 
i 529	 684 	 741 
i 424	 776 	 698 
i 666	 556 	 559 
i 684	 848 	 922 
i 666	 250 	 225 
i 235	 390 	 431 
i 688	 900 	 914 
i 333	 802 	 899 
i 124	 899 	 917 
i 483	 157 	 235 
i 129	 843 	 827 
i 876	 655 	 724 
i 378	 756 	 758 
i 207	 325 	 264 
i 364	 214 	 286 
i 679	 552 	 471 
i 567	 294 	 351 
i 346	 803 	 726 
i 233	 790 	 738 
i 285	 427 	 472 
i 109	 333 	 403 
i 721	 708 	 754 
i 448	 572 	 493 
i 689	 138 	 100 
i 805	 313 	 348 
i 302	 191 	 162 
i 508	 278 	 363 
i 287	 976 	 930 
i 51	 192 	 192 
i 407	 407 	 464 
i 656	 163 	 242 
i 329	 921 	 944 
i 847	 681 	 594 
i 878	 777 	 827 
i 107	 168 	 180 
i 198	 772 	 844 
i 386	 201 	 174 
i 360	 135 	 166 
i 452	 376 	 417 
i 785	 824 	 746 
i 844	 636 	 689 
i 756	 544 	 463 
i 398	 205 	 294 
i 149	 263 	 327 
i 214	 934 	 1020 
i 957	 543 	 468 
i 60	 420 	 422 
i 88	 749 	 823 
i 387	 443 	 407 
i 190	 182 	 103 
i 780	 283 	 373 
i 268	 966 	 1007 
i 374	 164 	 85 
i 545	 115 	 66 
i 472	 848 	 841 
i 958	 786 	 771 
i 307	 899 	 896 
i 26	 467 	 481 
i 400	 354 	 446 
i 481	 642 	 571 
i 674	 739 	 824 
i 636	 698 	 637 
i 697	 440 	 454 
i 702	 536 	 459 
i 531	 763 	 780 
i 291	 292 	 301 
i 179	 671 	 741 
i 579	 214 	 289 
i 852	 724 	 679 
i 450	 689 	 740 
i 158	 822 	 808 
i 818	 760 	 673 
i 189	 936 	 989 
i 666	 555 	 548 
i 401	 660 	 759 
i 604	 294 	 252 
i 235	 780 	 773 
i 352	 650 	 559 
i 43	 542 	 622 
i 693	 790 	 760 
i 494	 576 	 577 
i 225	 961 	 926 
i 154	 133 	 135 
i 654	 815 	 751 
i 272	 342 	 358 
i 478	 342 	 279 
i 232	 600 	 584 
i 838	 128 	 182 
i 324	 171 	 233 
i 89	 972 	 973 
i 611	 394 	 294 
i 568	 845 	 790 
i 593	 246 	 222 
i 385	 702 	 608 
i 646	 862 	 823 
i 906	 490 	 546 
i 457	 655 	 558 
i 477	 139 	 209 
i 545	 826 	 761 
i 514	 662 	 615 
i 833	 224 	 299 
i 659	 227 	 216 
i 811	 429 	 336 
i 477	 767 	 751 
i 323	 798 	 711 
i 750	 182 	 277 
i 362	 879 	 865 
i 395	 893 	 974 
i 200	 764 	 755 
i 819	 923 	 1016 
i 947	 271 	 331 
i 78	 163 	 155 
i 436	 559 	 513 
i 175	 594 	 644 
i 948	 971 	 885 
i 29	 144 	 208 
i 892	 122 	 59 
i 773	 507 	 522 
i 509	 427 	 482 
i 423	 832 	 851 
i 603	 804 	 813 
i 661	 628 	 652 
i 166	 150 	 61 
i 709	 392 	 338 
i 677	 170 	 106 
i 714	 235 	 177 
i 728	 967 	 887 
i 174	 243 	 318 
i 530	 758 	 735 
i 342	 561 	 622 
i 122	 204 	 186 
i 704	 689 	 603 
i 748	 354 	 301 
i 66	 407 	 496 
i 133	 615 	 639 
i 274	 777 	 744 
i 237	 964 	 877 
i 386	 167 	 115 
i 114	 947 	 1001 
i 621	 401 	 323 
i 726	 230 	 176 
i 377	 596 	 683 
i 651	 660 	 697 
i 985	 872 	 922 
i 553	 826 	 903 
i 304	 492 	 423 
i 264	 793 	 772 
i 328	 853 	 909 
i 269	 178 	 257 
i 595	 863 	 866 
i 729	 963 	 911 
i 276	 282 	 306 
i 894	 228 	 182 
i 751	 840 	 791 
i 555	 620 	 682 
i 984	 519 	 441 
i 752	 661 	 636 
i 587	 125 	 166 
i 663	 821 	 915 
i 509	 729 	 742 
i 468	 300 	 259 
i 661	 517 	 532 
i 793	 180 	 173 
i 614	 423 	 366 
i 188	 652 	 707 
i 647	 485 	 536 
i 267	 587 	 589 
i 284	 924 	 843 
i 83	 663 	 715 
i 777	 640 	 594 
i 990	 258 	 305 
i 447	 524 	 504 
i 526	 146 	 84 
i 876	 563 	 624 
i 486	 759 	 858 
i 907	 559 	 587 
i 443	 345 	 426 
i 358	 801 	 739 
i 978	 889 	 844 
i 575	 678 	 588 
i 740	 920 	 828 
i 206	 689 	 687 
i 246	 156 	 59 
i 755	 329 	 407 
i 484	 158 	 133 
i 988	 154 	 111 
i 253	 726 	 771 
i 30	 646 	 563 
i 905	 817 	 730 
i 544	 173 	 201 
i 455	 220 	 196 
i 105	 258 	 275 
i 156	 694 	 760 
i 401	 709 	 726 
i 455	 614 	 528 
i 504	 951 	 862 
i 196	 317 	 279 
i 797	 966 	 934 
i 592	 154 	 103 
i 663	 213 	 271 
i 786	 783 	 732 
i 952	 234 	 204 
i 609	 755 	 756 
i 282	 607 	 688 
i 848	 240 	 212 
i 793	 304 	 377 
i 26	 357 	 269 
i 987	 635 	 706 
i 37	 939 	 929 
i 153	 269 	 191 
i 909	 972 	 1051 
i 48	 302 	 372 
i 773	 613 	 605 
i 332	 174 	 222 
i 477	 981 	 999 
i 694	 414 	 390 
i 971	 295 	 277 
i 561	 349 	 328 
i 493	 223 	 210 
i 671	 624 	 641 
i 641	 725 	 724 
i 855	 635 	 644 
i 421	 503 	 466 
i 493	 913 	 943 
i 473	 684 	 609 
i 814	 320 	 384 
i 21	 662 	 720 
i 289	 138 	 108 
i 416	 492 	 561 
i 993	 879 	 882 
i 684	 513 	 444 
i 275	 955 	 858 
i 717	 550 	 537 
i 620	 834 	 920 
i 265	 522 	 502 
i 501	 635 	 578 
i 122	 477 	 424 
i 153	 293 	 298 
i 582	 608 	 696 
i 447	 473 	 560 
i 899	 934 	 958 
i 848	 187 	 266 
i 344	 201 	 223 
i 157	 589 	 535 
i 620	 527 	 526 
i 211	 885 	 984 
i 623	 189 	 113 
i 828	 400 	 354 
i 388	 868 	 939 
i 795	 817 	 777 
i 722	 760 	 700 
i 808	 423 	 333 
i 910	 331 	 309 
i 449	 876 	 886 
i 917	 194 	 128 
i 788	 636 	 612 
i 876	 635 	 536 
i 202	 741 	 807 
i 54	 984 	 928 
i 848	 856 	 759 
i 579	 236 	 283 
i 931	 416 	 425 
i 179	 461 	 452 
i 40	 811 	 892 
i 134	 412 	 476 
i 724	 565 	 587 
i 314	 905 	 902 
i 24	 910 	 948 
i 7	 762 	 810 
i 845	 959 	 977 
i 986	 975 	 909 
i 330	 743 	 663 
i 724	 341 	 297 
i 512	 748 	 712 
i 851	 664 	 655 
i 363	 507 	 443 
i 256	 162 	 161 
i 156	 596 	 599 
i 888	 321 	 326 
i 842	 982 	 956 
i 814	 620 	 591 
i 526	 774 	 811 
i 785	 866 	 848 
i 502	 228 	 312 
i 125	 515 	 570 
i 571	 920 	 847 
i 629	 192 	 170 
i 176	 632 	 641 
i 412	 204 	 191 
i 393	 672 	 628 
i 966	 113 	 32 
i 712	 431 	 455 
i 562	 153 	 134 
i 694	 520 	 601 
i 149	 452 	 358 
i 60	 253 	 273 
i 151	 376 	 322 
i 737	 727 	 708 
i 843	 327 	 391 
i 474	 716 	 658 
i 477	 965 	 900 
i 837	 161 	 239 
i 885	 713 	 703 
i 346	 186 	 115 
i 730	 993 	 952 
i 890	 133 	 104 
i 189	 670 	 671 
i 881	 876 	 824 
i 125	 350 	 267 
i 806	 190 	 202 
i 767	 380 	 287 
i 824	 540 	 615 
i 502	 444 	 496 
i 587	 848 	 769 
i 579	 979 	 1046 
i 605	 354 	 399 
i 234	 670 	 753 
i 96	 231 	 290 
i 365	 448 	 532 
i 455	 525 	 570 
i 757	 135 	 134 
i 241	 169 	 133 
i 616	 947 	 1011 
i 445	 735 	 716 
i 423	 829 	 926 
i 696	 684 	 702 
i 326	 442 	 507 
i 461	 367 	 451 
i 840	 187 	 144 
i 308	 118 	 166 
i 335	 766 	 766 
i 401	 317 	 365 
i 342	 602 	 573 
i 44	 445 	 505 
i 852	 809 	 754 
i 498	 800 	 884 
i 870	 439 	 388 
i 159	 286 	 327 
i 245	 218 	 227 
i 253	 474 	 545 
i 989	 245 	 183 
i 223	 690 	 708 
i 775	 460 	 546 
i 152	 778 	 873 
i 937	 602 	 668 
i 712	 802 	 767 
i 82	 732 	 671 
i 279	 952 	 923 
i 400	 692 	 712 
i 809	 291 	 362 
i 960	 163 	 231 
i 613	 333 	 246 
i 6	 860 	 928 
i 756	 801 	 899 
i 310	 782 	 868 
i 88	 632 	 660 
i 786	 924 	 969 
i 733	 212 	 112 
i 387	 530 	 510 
i 590	 177 	 119 
i 649	 937 	 871 
i 899	 799 	 856 
i 742	 859 	 917 
i 519	 719 	 728 
i 274	 714 	 785 
i 860	 653 	 742 
i 775	 337 	 383 
i 889	 982 	 975 
i 362	 986 	 1056 
i 436	 457 	 445 
i 366	 647 	 565 
i 141	 802 	 900 
i 982	 612 	 658 
i 667	 428 	 378 
i 347	 917 	 922 
i 957	 791 	 768 
i 212	 743 	 675 
i 192	 505 	 415 
i 177	 919 	 901 
i 567	 788 	 857 
i 170	 292 	 235 
i 947	 373 	 344 
i 512	 365 	 332 
i 870	 127 	 28 
i 776	 350 	 320 
i 542	 818 	 779 
i 254	 272 	 276 
i 697	 415 	 457 
i 607	 460 	 538 
i 369	 827 	 818 
i 573	 693 	 718 
i 868	 884 	 898 
i 155	 312 	 229 
i 173	 613 	 704 
i 443	 618 	 664 
i 238	 932 	 887 
i 420	 318 	 323 
i 762	 782 	 727 
i 156	 527 	 593 
i 961	 429 	 369 
i 616	 835 	 890 
i 487	 503 	 531 
i 713	 125 	 184 
i 278	 202 	 296 
i 849	 164 	 146 
i 773	 816 	 846 
i 7	 172 	 86 
i 761	 643 	 709 
i 229	 844 	 941 
i 587	 696 	 785 
i 402	 876 	 889 
i 844	 676 	 586 
i 860	 359 	 412 
i 963	 179 	 87 
i 24	 153 	 231 
i 817	 520 	 553 
i 887	 210 	 244 
i 486	 273 	 259 
i 312	 124 	 156 
i 970	 114 	 63 
i 831	 958 	 988 
i 468	 572 	 571 
i 747	 619 	 590 
i 825	 411 	 374 
i 873	 451 	 419 
i 334	 356 	 288 
i 446	 949 	 858 
i 629	 658 	 664 
i 644	 154 	 223 
i 648	 743 	 806 
i 601	 965 	 994 
i 120	 656 	 578 
i 692	 208 	 280 
i 31	 525 	 562 
i 414	 809 	 821 
i 690	 226 	 304 
i 632	 369 	 337 
i 248	 411 	 504 
i 297	 886 	 908 
i 9	 748 	 700 
i 969	 584 	 656 
i 583	 271 	 367 
i 692	 373 	 407 
i 159	 251 	 292 
i 944	 862 	 785 
i 75	 471 	 532 
i 365	 378 	 366 
i 703	 680 	 717 
i 576	 653 	 750 
i 293	 310 	 408 
i 826	 542 	 634 
i 7	 420 	 429 
i 302	 405 	 352 
i 459	 116 	 95 
i 305	 743 	 711 
i 710	 849 	 832 
i 11	 679 	 735 
i 652	 183 	 180 
i 262	 796 	 708 
i 486	 783 	 753 
i 972	 778 	 714 
i 321	 747 	 684 
i 651	 344 	 341 
i 657	 557 	 646 
i 369	 911 	 861 
i 200	 327 	 419 
i 838	 698 	 792 
i 919	 504 	 528 
i 690	 935 	 1012 
i 447	 989 	 963 
i 199	 414 	 383 
i 914	 575 	 608 
i 177	 741 	 704 
i 679	 286 	 380 
i 579	 239 	 207 
i 823	 463 	 471 
i 484	 429 	 405 
i 926	 405 	 365 
i 853	 961 	 1059 
i 841	 860 	 847 
i 184	 303 	 330 
i 705	 610 	 620 
i 414	 313 	 358 
i 611	 595 	 576 
i 755	 572 	 669 
i 152	 877 	 938 
i 511	 470 	 428 
i 842	 809 	 752 
i 798	 187 	 101 
i 642	 179 	 261 
i 859	 569 	 488 
i 421	 247 	 307 
i 649	 737 	 680 
i 194	 495 	 560 
i 713	 856 	 872 
i 576	 844 	 891 
i 980	 674 	 623 
i 766	 934 	 851 
i 852	 240 	 317 
i 930	 304 	 309 
i 446	 227 	 204 
i 599	 313 	 374 
i 304	 137 	 128 
i 736	 330 	 360 
i 575	 177 	 150 
i 400	 696 	 784 
i 35	 462 	 546 
i 961	 680 	 717 
i 107	 759 	 767 
i 324	 659 	 653 
i 454	 241 	 324 
i 682	 586 	 589 
i 712	 417 	 481 
i 959	 824 	 835 
i 35	 516 	 442 
i 694	 841 	 847 
i 89	 790 	 803 
i 730	 721 	 726 
i 460	 445 	 471 
i 77	 926 	 1017 
i 223	 457 	 439 
i 757	 384 	 302 
i 102	 845 	 906 
i 904	 686 	 739 
i 361	 293 	 353 
i 183	 411 	 410 
i 946	 885 	 901 
i 633	 500 	 462 
i 10	 970 	 1024 
i 926	 645 	 715 
i 317	 608 	 522 
i 624	 976 	 1042 
i 450	 171 	 257 
i 98	 889 	 956 
i 303	 681 	 620 
i 640	 505 	 481 
i 511	 946 	 911 
i 949	 576 	 668 
i 916	 856 	 950 
i 518	 656 	 735 
i 78	 523 	 465 
i 51	 588 	 655 
i 119	 437 	 394 
i 994	 377 	 353 
i 636	 233 	 270 
i 81	 409 	 374 
i 20	 747 	 814 
i 544	 149 	 206 
i 383	 114 	 154 
i 995	 977 	 921 
i 460	 885 	 844 
i 996	 186 	 156 
i 365	 931 	 924 
i 665	 298 	 290 
i 802	 640 	 560 
i 138	 362 	 298 
i 854	 653 	 593 
i 897	 509 	 557 
i 901	 321 	 246 
i 875	 946 	 870 
i 747	 255 	 271 
i 832	 521 	 536 
i 755	 833 	 921 
i 965	 361 	 382 
i 561	 773 	 755 
i 843	 863 	 872 
i 453	 134 	 114 
i 901	 312 	 271 
i 138	 974 	 914 
i 79	 198 	 113 
i 240	 307 	 371 
i 701	 825 	 856 
i 514	 451 	 433 
i 795	 401 	 376 
i 541	 942 	 1029 
i 388	 418 	 474 
i 414	 905 	 851 
i 641	 374 	 301 
i 613	 641 	 595 
i 711	 820 	 790 
i 933	 888 	 906 
i 737	 732 	 690 
i 120	 426 	 487 
i 447	 792 	 812 
i 382	 239 	 167 
i 727	 183 	 189 
i 621	 877 	 966 
i 917	 196 	 213 
i 514	 317 	 257 
i 312	 560 	 642 
i 187	 872 	 940 
i 885	 509 	 525 
i 241	 769 	 809 
i 8	 597 	 526 
i 152	 244 	 249 
i 234	 372 	 323 
i 97	 844 	 919 
i 193	 796 	 855 
i 425	 429 	 390 
i 929	 607 	 631 
i 786	 528 	 589 
i 234	 390 	 428 
i 974	 907 	 993 
i 522	 642 	 730 
i 673	 774 	 692 
i 966	 356 	 321 
i 792	 584 	 568 
i 564	 475 	 498 
i 922	 294 	 202 
i 481	 569 	 663 
i 950	 232 	 283 
i 266	 951 	 1049 
i 162	 677 	 770 
i 759	 618 	 615 
i 506	 566 	 498 
i 781	 648 	 573 
i 314	 938 	 1022 
i 724	 425 	 421 
i 930	 972 	 953 
i 446	 119 	 196 
i 584	 981 	 1048 
i 529	 765 	 685 
i 167	 756 	 708 
i 737	 726 	 630 
i 250	 270 	 275 
i 854	 413 	 375 
i 785	 527 	 552 
i 139	 456 	 426 
i 108	 886 	 842 
i 118	 358 	 403 
i 97	 258 	 220 
i 832	 114 	 181 
i 559	 205 	 106 
i 252	 441 	 489 
i 431	 463 	 561 
i 772	 934 	 1003 
i 240	 322 	 348 
i 628	 878 	 932 
i 501	 300 	 375 
i 779	 550 	 649 
i 944	 307 	 225 
i 948	 583 	 668 
i 56	 440 	 437 
i 427	 445 	 492 
i 822	 217 	 150 
i 748	 210 	 297 
i 986	 963 	 898 
i 849	 635 	 696 
i 62	 431 	 392 
i 556	 324 	 241 
i 777	 320 	 226 
i 309	 403 	 499 
i 680	 337 	 244 
i 57	 768 	 760 
i 176	 534 	 491 
i 288	 683 	 589 
i 247	 630 	 534 
i 837	 790 	 863 
i 198	 619 	 705 
i 438	 894 	 891 
i 673	 972 	 924 
i 3	 112 	 126 
i 258	 984 	 934 
i 997	 128 	 89 
i 474	 539 	 536 
i 119	 793 	 847 
i 703	 824 	 727 
i 467	 842 	 913 
i 40	 726 	 636 
i 920	 665 	 663 
i 889	 209 	 142 
i 891	 443 	 376 
i 874	 952 	 937 
i 893	 288 	 272 
i 375	 562 	 641 
i 143	 994 	 897 
i 945	 792 	 836 
i 768	 810 	 747 
i 460	 683 	 628 
i 84	 731 	 660 
i 194	 280 	 187 
i 568	 428 	 513 
i 515	 578 	 638 
i 714	 957 	 995 
i 223	 445 	 358 
i 216	 354 	 296 
i 982	 370 	 301 
i 769	 121 	 206 
i 413	 288 	 265 
i 111	 490 	 483 
i 302	 621 	 653 
i 658	 653 	 599 
i 184	 589 	 638 
i 136	 412 	 404 
i 511	 141 	 177 
i 785	 203 	 282 
i 78	 392 	 468 
i 90	 533 	 563 
i 289	 467 	 379 
i 715	 811 	 745 
i 289	 339 	 334 
i 899	 929 	 855 
i 437	 245 	 208 
i 776	 908 	 898 
i 810	 428 	 520 
i 913	 146 	 195 
i 231	 945 	 1010 
i 705	 839 	 922 
i 107	 528 	 468 
i 894	 584 	 667 
i 152	 739 	 680 
i 73	 272 	 193 
i 224	 390 	 398 
i 121	 672 	 635 
i 478	 185 	 110 
i 517	 153 	 61 
i 456	 818 	 772 
i 276	 664 	 759 
i 745	 589 	 506 
i 279	 770 	 866 
i 985	 698 	 624 
i 167	 883 	 824 
i 481	 978 	 963 
i 113	 572 	 581 
i 197	 857 	 762 
i 244	 972 	 980 
i 40	 122 	 22 
i 662	 366 	 321 
i 201	 348 	 252 
i 942	 425 	 385 
i 604	 409 	 366 
i 473	 528 	 518 
i 449	 710 	 796 
i 968	 203 	 112 
i 807	 691 	 639 
i 776	 716 	 713 
i 789	 311 	 316 
i 77	 311 	 248 
i 344	 557 	 534 
i 697	 576 	 542 
i 34	 843 	 929 
i 502	 207 	 188 
i 177	 609 	 680 
i 281	 549 	 613 
i 934	 590 	 616 
i 615	 804 	 785 
i 840	 347 	 286 
i 66	 814 	 768 
i 568	 980 	 1003 
i 91	 436 	 399 
i 914	 731 	 700 
i 24	 672 	 742 
i 584	 146 	 51 
i 78	 907 	 868 
i 617	 751 	 699 
i 397	 423 	 494 
i 663	 787 	 826 
i 454	 963 	 1016 
i 432	 318 	 284 
i 799	 868 	 852 
i 496	 261 	 228 
i 129	 571 	 543 
i 168	 439 	 528 
i 64	 465 	 369 
i 783	 740 	 768 
i 135	 958 	 865 
i 895	 833 	 873 
i 854	 566 	 497 
i 89	 358 	 375 
i 940	 654 	 631 
i 110	 142 	 218 
i 628	 443 	 345 
i 998	 766 	 701 
i 397	 719 	 667 
i 106	 741 	 646 
i 59	 422 	 354 
i 871	 457 	 368 
i 383	 192 	 274 
i 661	 330 	 429 
i 272	 853 	 941 
i 308	 308 	 217 
i 682	 204 	 239 
i 419	 214 	 249 
i 103	 373 	 287 
i 812	 588 	 523 
i 163	 611 	 558 
i 552	 754 	 675 
i 643	 804 	 802 
i 890	 725 	 655 
i 725	 724 	 708 
i 947	 671 	 717 
i 52	 715 	 697 
i 168	 429 	 495 
i 463	 140 	 227 
i 1	 205 	 254 
i 563	 363 	 445 
i 287	 573 	 565 
i 67	 669 	 590 
i 757	 216 	 315 
i 448	 351 	 395 
i 79	 727 	 760 
i 758	 488 	 531 
i 117	 856 	 933 
i 150	 707 	 677 
i 256	 650 	 620 
i 540	 425 	 507 
i 62	 345 	 285 
i 689	 756 	 709 
i 807	 849 	 753 
i 78	 846 	 840 
i 771	 598 	 608 
i 197	 303 	 264 
i 36	 943 	 928 
i 706	 843 	 858 
i 313	 266 	 332 
i 666	 577 	 551 
i 929	 500 	 486 
i 656	 678 	 602 
i 487	 916 	 1002 
i 314	 938 	 839 
i 861	 469 	 524 
i 78	 959 	 1054 
i 15	 345 	 247 
i 838	 723 	 766 
i 13	 345 	 250 
i 537	 195 	 234 
i 976	 526 	 551 
i 615	 911 	 867 
i 521	 131 	 184 
i 451	 958 	 874 
i 854	 965 	 1053 
i 808	 769 	 673 
i 73	 747 	 654 
i 761	 757 	 831 
i 25	 506 	 583 
i 121	 532 	 516 
i 588	 261 	 241 
i 489	 817 	 720 
i 512	 178 	 185 
i 466	 861 	 958 
i 427	 933 	 1001 
i 168	 883 	 913 
i 883	 902 	 946 
i 611	 934 	 930 
i 56	 822 	 823 
i 529	 722 	 747 
i 698	 210 	 153 
i 493	 566 	 607 
i 569	 579 	 522 
i 413	 166 	 202 
i 339	 155 	 77 
i 208	 903 	 858 
i 99	 592 	 524 
i 25	 346 	 400 
i 825	 775 	 840 
i 513	 338 	 309 
i 625	 897 	 808 
i 137	 201 	 211 
i 663	 828 	 751 
i 726	 133 	 139 
i 776	 741 	 815 
i 668	 840 	 755 
i 210	 198 	 133 
i 474	 343 	 283 
i 223	 141 	 46 
i 479	 878 	 886 
i 364	 308 	 241 
i 465	 358 	 318 
i 273	 848 	 941 
i 299	 954 	 992 
i 8	 538 	 531 
i 828	 424 	 351 
i 927	 493 	 462 
i 189	 651 	 714 
i 223	 830 	 738 
i 87	 854 	 858 
i 309	 445 	 521 
i 587	 592 	 561 
i 417	 860 	 884 
i 366	 829 	 913 
i 847	 555 	 640 
i 200	 971 	 1022 
i 630	 202 	 238 
i 238	 509 	 583 
i 47	 349 	 268 
i 883	 386 	 322 
i 260	 849 	 847 
i 801	 746 	 661 
i 645	 168 	 167 
i 454	 721 	 793 
i 954	 651 	 692 
i 921	 587 	 668 
i 26	 372 	 379 
i 474	 980 	 1034 
i 742	 867 	 931 
i 53	 953 	 993 
i 882	 226 	 318 
i 597	 662 	 715 
i 662	 732 	 714 
i 348	 284 	 357 
i 955	 160 	 223 
i 492	 789 	 837 
i 786	 706 	 759 
i 764	 294 	 241 
i 616	 983 	 1079 
i 563	 824 	 730 
i 693	 561 	 644 
i 314	 530 	 532 
i 14	 322 	 257 
i 208	 688 	 692 
i 263	 568 	 564 
i 27	 407 	 501 
i 696	 177 	 228 
i 903	 858 	 862 
i 884	 183 	 110 
i 687	 166 	 206 
i 195	 197 	 175 
i 666	 123 	 164 
i 904	 580 	 624 
i 553	 737 	 822 
i 69	 314 	 252 
i 402	 740 	 683 
i 477	 716 	 798 
i 318	 501 	 564 
i 399	 965 	 1005 
i 462	 199 	 176 
i 559	 823 	 839 
i 573	 284 	 234 
i 101	 913 	 843 
i 805	 665 	 706 
i 34	 601 	 656 
i 742	 771 	 706 
i 423	 965 	 995 
i 861	 888 	 982 
i 823	 726 	 700 
i 923	 461 	 527 
i 724	 807 	 785 
i 919	 437 	 529 
i 821	 659 	 571 
i 445	 797 	 870 
i 996	 537 	 617 
i 740	 338 	 367 
i 701	 496 	 409 
i 576	 189 	 275 
i 269	 164 	 214 
i 663	 493 	 528 
i 446	 344 	 324 
i 813	 692 	 656 
i 431	 660 	 588 
i 203	 718 	 735 
i 683	 602 	 618 
i 938	 516 	 480 
i 372	 201 	 106 
i 460	 262 	 282 
i 519	 200 	 274 
i 950	 871 	 877 
i 214	 583 	 678 
i 867	 940 	 998 
i 486	 336 	 280 
i 169	 462 	 447 
i 721	 984 	 906 
i 178	 614 	 523 
i 280	 902 	 886 
i 451	 925 	 1001 
i 552	 571 	 550 
i 407	 456 	 426 
i 939	 930 	 942 
i 872	 912 	 898 
i 126	 728 	 811 
i 521	 928 	 845 
i 503	 419 	 480 
i 69	 518 	 614 
i 959	 561 	 513 
i 874	 935 	 978 
i 392	 829 	 782 
i 780	 295 	 329 
i 702	 607 	 629 
i 603	 218 	 215 
i 299	 601 	 623 
i 219	 527 	 453 
i 566	 603 	 629 
i 24	 431 	 471 
i 531	 418 	 450 
i 459	 653 	 660 
i 267	 400 	 485 
i 475	 638 	 679 
i 33	 349 	 331 
i 155	 895 	 798 
i 706	 438 	 400 
i 176	 981 	 987 
i 729	 210 	 129 
i 91	 774 	 698 
i 436	 510 	 540 
i 47	 210 	 132 
i 372	 688 	 663 
i 965	 625 	 695 
i 234	 367 	 444 
i 116	 734 	 642 
i 484	 747 	 796 
i 463	 138 	 222 
i 575	 611 	 641 
i 321	 698 	 746 
i 771	 807 	 742 
i 883	 498 	 443 
i 533	 598 	 617 
i 112	 934 	 946 
i 401	 804 	 863 
i 102	 704 	 786 
i 818	 740 	 719 
i 848	 516 	 587 
i 412	 447 	 433 
i 73	 139 	 190 
i 855	 800 	 805 
i 292	 959 	 940 
i 839	 271 	 359 
i 766	 802 	 712 
i 547	 414 	 405 
i 214	 233 	 244 
i 922	 156 	 130 
i 378	 508 	 452 
i 757	 383 	 409 
i 789	 770 	 811 
i 564	 552 	 564 
i 519	 131 	 201 
i 699	 496 	 534 
i 477	 445 	 437 
i 818	 493 	 394 
i 956	 898 	 842 
i 7	 504 	 432 
i 454	 837 	 841 
i 761	 146 	 101 
i 502	 711 	 624 
i 999	 451 	 477 
i 23	 951 	 881 
i 456	 822 	 892 
i 831	 551 	 516 
i 262	 960 	 888 
i 148	 967 	 887 
i 589	 275 	 196 
i 406	 404 	 416 
i 447	 868 	 832 
i 122	 228 	 292 
i 505	 289 	 353 
i 451	 852 	 921 
i 251	 986 	 946 
i 746	 854 	 780 
i 702	 255 	 234 
i 665	 384 	 392 
i 851	 474 	 400 
i 181	 570 	 577 
i 33	 180 	 277 
i 165	 467 	 388 
i 365	 311 	 333 
i 199	 155 	 67 
i 185	 908 	 870 
i 20	 287 	 198 
i 183	 406 	 458 
i 491	 758 	 743 
i 899	 352 	 307 
i 416	 469 	 460 
i 495	 948 	 946 
i 895	 935 	 966 
i 122	 141 	 45 
i 172	 685 	 629 
i 69	 741 	 722 
i 267	 130 	 115 
i 600	 184 	 205 
i 328	 861 	 780 
i 600	 352 	 451 
i 4	 600 	 582 
i 945	 119 	 200 
i 873	 556 	 616 
i 907	 251 	 336 
i 554	 271 	 190 
i 263	 467 	 400 
i 285	 827 	 813 
i 367	 316 	 222 
i 212	 856 	 828 
i 483	 944 	 1036 
i 34	 943 	 1035 
i 43	 422 	 503 
i 544	 341 	 397 
i 702	 168 	 206 
i 882	 991 	 939 
i 284	 189 	 190 
i 90	 337 	 395 
i 321	 722 	 653 
i 160	 751 	 725 
i 98	 183 	 253 
i 34	 148 	 225 
i 385	 116 	 201 
i 644	 925 	 919 
i 709	 732 	 667 
i 699	 456 	 367 
i 788	 673 	 641 
i 43	 235 	 221 
i 730	 939 	 989 
i 451	 191 	 273 
i 532	 520 	 422 
i 575	 390 	 298 
i 581	 289 	 274 
i 497	 226 	 140 
i 196	 648 	 704 
i 585	 805 	 801 
i 219	 858 	 811 
i 358	 274 	 236 
i 290	 658 	 566 
i 381	 439 	 437 
i 841	 362 	 267 
i 156	 371 	 391 
i 356	 411 	 347 
i 486	 791 	 826 
i 91	 856 	 930 
i 871	 662 	 653 
i 712	 201 	 236 
i 895	 440 	 347 
i 512	 717 	 682 
i 881	 755 	 796 
i 165	 304 	 313 
i 458	 327 	 367 
i 795	 860 	 771 
i 561	 132 	 140 
i 400	 735 	 761 
i 21	 623 	 624 
i 122	 142 	 85 
i 492	 744 	 666 
i 175	 775 	 800 
i 899	 175 	 176 
i 118	 803 	 837 
i 361	 400 	 325 
i 204	 136 	 220 
i 228	 187 	 184 
i 930	 671 	 747 
i 507	 347 	 428 
i 542	 797 	 702 
i 254	 991 	 994 
i 2	 203 	 241 
i 75	 759 	 777 
i 853	 321 	 363 
i 180	 918 	 832 
i 208	 143 	 97 
i 294	 965 	 965 
i 925	 507 	 493 
i 191	 405 	 492 
i 962	 320 	 316 
i 952	 344 	 391 
i 57	 806 	 853 
i 786	 533 	 595 
i 23	 172 	 205 
i 930	 803 	 872 
i 967	 866 	 776 
i 927	 221 	 190 
i 374	 668 	 622 
i 704	 164 	 156 
i 940	 999 	 984 
i 203	 537 	 512 
i 984	 302 	 289 
i 460	 957 	 901 
i 529	 790 	 738 
i 308	 492 	 426 
i 158	 355 	 283 
i 282	 402 	 315 
i 908	 710 	 698 
i 968	 952 	 881 
i 967	 475 	 392 
i 448	 853 	 810 
i 663	 301 	 255 
i 616	 687 	 733 
i 380	 884 	 836 
i 809	 211 	 225 
i 84	 366 	 411 
i 412	 491 	 393 
i 87	 553 	 636 
i 34	 946 	 1023 
i 443	 187 	 258 
i 279	 264 	 224 
i 492	 521 	 614 
i 142	 765 	 781 
i 12	 529 	 621 
i 125	 763 	 817 
i 412	 381 	 452 
i 840	 140 	 93 
i 338	 149 	 119 
i 278	 967 	 944 
i 363	 867 	 932 
i 536	 739 	 660 
i 997	 120 	 140 
i 733	 979 	 1027 
i 204	 608 	 658 
i 937	 575 	 650 
i 242	 372 	 330 
i 275	 243 	 169 
i 319	 481 	 474 
i 282	 795 	 844 
i 133	 250 	 171 
i 839	 988 	 1016 
i 850	 195 	 223 
i 827	 730 	 705 
i 387	 501 	 516 
i 908	 281 	 284 
i 203	 173 	 224 
i 352	 431 	 337 
i 768	 547 	 517 
i 538	 964 	 991 
i 695	 738 	 791 
i 681	 834 	 855 
i 776	 519 	 510 
i 473	 200 	 157 
i 911	 534 	 568 
i 104	 161 	 177 
i 174	 620 	 676 
i 534	 406 	 333 
i 26	 436 	 516 
i 985	 750 	 738 
i 690	 426 	 353 
i 505	 220 	 283 
i 963	 761 	 779 
i 65	 279 	 192 
i 542	 533 	 628 
i 598	 241 	 157 
i 172	 757 	 708 
i 504	 565 	 623 
i 870	 685 	 748 
i 590	 599 	 659 
i 945	 992 	 990 
i 69	 224 	 323 
i 800	 951 	 1043 
i 989	 590 	 495 
i 465	 649 	 662 
i 611	 630 	 563 
i 339	 704 	 671 
i 849	 932 	 1000 
i 496	 746 	 788 
i 45	 583 	 543 
i 37	 407 	 356 
i 164	 845 	 808 
i 109	 842 	 765 
i 647	 808 	 729 
i 254	 831 	 844 
i 838	 447 	 383 
i 506	 594 	 597 
i 430	 894 	 867 
i 146	 753 	 825 
i 677	 496 	 577 
i 12	 764 	 853 
i 837	 984 	 905 
i 660	 375 	 318 
i 445	 477 	 550 
i 255	 571 	 494 
i 633	 188 	 279 
i 178	 349 	 341 
i 60	 811 	 889 
i 782	 251 	 158 
i 216	 131 	 174 
i 951	 940 	 985 
i 933	 892 	 905 
i 231	 989 	 934 
i 643	 293 	 327 
i 161	 174 	 259 
i 248	 280 	 291 
i 517	 242 	 289 
i 305	 654 	 713 
i 462	 560 	 575 
i 485	 595 	 653 
i 418	 343 	 391 
i 296	 991 	 1026 
i 284	 604 	 685 
i 490	 805 	 815 
i 561	 512 	 554 
i 751	 445 	 537 
i 899	 942 	 937 
i 511	 708 	 764 
i 17	 526 	 475 
i 562	 150 	 196 
i 823	 856 	 785 
i 814	 629 	 617 
i 369	 343 	 388 
i 150	 262 	 205 
i 601	 753 	 808 
i 978	 498 	 504 
i 913	 463 	 448 
i 586	 888 	 976 
i 54	 695 	 786 
i 99	 913 	 916 
i 936	 673 	 641 
i 519	 804 	 735 
i 780	 310 	 315 
i 950	 957 	 992 
i 672	 261 	 216 
i 108	 954 	 905 
i 505	 536 	 469 
i 379	 918 	 969 
i 37	 865 	 926 
i 938	 827 	 908 
i 571	 399 	 467 
i 352	 704 	 676 
i 576	 843 	 771 
i 528	 422 	 340 
i 697	 133 	 185 
i 646	 380 	 454 
i 125	 607 	 582 
i 34	 757 	 808 
i 882	 540 	 598 
i 688	 369 	 415 
i 14	 286 	 246 
i 681	 146 	 176 
i 506	 468 	 414 
i 855	 594 	 645 
i 881	 676 	 667 
i 185	 466 	 386 
i 743	 352 	 297 
i 471	 687 	 638 
i 953	 470 	 398 
i 245	 286 	 352 
i 442	 936 	 1004 
i 483	 316 	 321 
i 884	 897 	 803 
i 429	 213 	 290 
i 65	 887 	 940 
i 465	 402 	 492 
i 737	 492 	 531 
i 386	 693 	 626 
i 790	 924 	 848 
i 987	 162 	 135 
i 915	 900 	 961 
i 147	 762 	 720 
i 32	 340 	 275 
i 147	 368 	 388 
i 20	 268 	 301 
i 348	 952 	 878 
i 777	 911 	 985 
i 433	 641 	 592 
i 348	 791 	 700 
i 405	 899 	 805 
i 294	 336 	 425 
i 26	 165 	 84 
i 284	 425 	 350 
i 574	 581 	 535 
i 751	 230 	 188 
i 697	 825 	 853 
i 597	 944 	 927 
i 194	 829 	 899 
i 959	 168 	 107 
i 846	 210 	 230 
i 99	 240 	 319 
i 161	 195 	 279 
i 514	 280 	 221 
i 44	 393 	 449 
i 178	 636 	 642 
i 981	 897 	 842 
i 919	 579 	 644 
i 728	 951 	 855 
i 793	 819 	 914 
i 905	 996 	 1061 
i 51	 644 	 728 
i 146	 553 	 470 
i 336	 485 	 504 
i 653	 669 	 697 
i 244	 475 	 539 
i 129	 948 	 1008 
i 656	 262 	 306 
i 601	 997 	 986 
i 398	 126 	 74 
i 393	 997 	 926 
i 992	 841 	 780 
i 490	 774 	 742 
i 911	 850 	 885 
i 540	 494 	 460 
i 949	 176 	 191 
i 891	 906 	 947 
i 63	 730 	 702 
i 60	 482 	 574 
i 77	 882 	 853 
i 74	 209 	 259 
i 895	 341 	 390 
i 642	 517 	 464 
i 474	 823 	 752 
i 904	 538 	 575 
i 978	 834 	 861 
i 873	 457 	 462 
i 570	 195 	 213 
i 988	 517 	 547 
i 856	 483 	 528 
i 967	 803 	 863 
i 227	 583 	 622 
i 684	 357 	 325 
i 485	 567 	 629 
i 966	 698 	 741 
i 779	 420 	 459 
i 170	 987 	 1001 
i 265	 568 	 496 
i 722	 206 	 131 
i 141	 785 	 882 
i 919	 544 	 634 
i 451	 368 	 303 
i 728	 988 	 1060 
i 242	 402 	 371 
i 902	 236 	 199 
i 251	 875 	 793 
i 237	 606 	 558 
i 751	 225 	 230 
i 858	 351 	 301 
i 617	 466 	 444 
i 105	 454 	 416 
i 394	 413 	 465 
i 381	 573 	 571 
i 708	 452 	 498 
i 850	 762 	 789 
i 710	 153 	 230 
i 269	 238 	 162 
i 397	 473 	 547 
i 667	 944 	 990 
i 68	 278 	 247 
i 454	 627 	 617 
i 794	 905 	 974 
i 314	 694 	 639 
i 698	 242 	 329 
i 431	 894 	 951 
i 479	 570 	 569 
i 622	 468 	 521 
i 30	 577 	 509 
i 966	 464 	 530 
i 155	 226 	 305 
i 736	 537 	 507 
i 629	 940 	 869 
i 287	 804 	 796 
i 435	 118 	 49 
i 316	 951 	 968 
i 832	 761 	 674 
i 235	 314 	 352 
i 758	 995 	 1038 
i 157	 250 	 287 
i 287	 989 	 1057 
i 767	 898 	 913 
i 700	 322 	 263 
i 481	 453 	 451 
i 489	 862 	 947 
i 435	 115 	 63 
i 167	 639 	 554 
i 396	 700 	 662 
i 390	 425 	 338 
i 547	 176 	 121 
i 535	 785 	 787 
i 422	 644 	 600 
i 660	 268 	 364 
i 45	 452 	 444 
i 890	 891 	 981 
i 895	 826 	 803 
i 490	 154 	 164 
i 153	 222 	 311 
i 506	 498 	 465 
i 579	 560 	 637 
i 339	 761 	 745 
i 938	 328 	 396 
i 117	 577 	 577 
i 501	 560 	 569 
i 378	 971 	 958 
i 184	 927 	 893 
i 233	 381 	 445 
i 358	 872 	 966 
i 794	 825 	 821 
i 299	 236 	 148 
i 31	 134 	 113 
i 275	 508 	 475 
i 800	 367 	 357 
i 306	 813 	 903 
i 273	 410 	 376 
i 192	 799 	 802 
i 496	 205 	 254 
i 352	 935 	 856 
i 156	 913 	 993 
i 297	 451 	 390 
i 324	 504 	 449 
i 770	 859 	 859 
i 60	 270 	 230 
i 850	 674 	 696 
i 188	 634 	 710 
i 961	 929 	 844 
i 68	 499 	 513 
i 995	 275 	 359 
i 897	 370 	 285 
i 281	 282 	 257 
i 724	 459 	 498 
i 566	 663 	 656 
i 745	 223 	 228 
i 380	 494 	 469 
i 967	 148 	 161 
i 888	 934 	 939 
i 326	 112 	 131 
i 511	 619 	 637 
i 803	 551 	 548 
i 995	 621 	 675 
i 388	 954 	 952 
i 10	 687 	 599 
i 136	 215 	 276 
i 568	 686 	 623 
i 610	 134 	 64 
i 536	 638 	 546 
i 538	 219 	 192 
i 110	 749 	 824 
i 605	 386 	 422 
i 179	 822 	 857 
i 129	 618 	 531 
i 776	 169 	 84 
i 894	 223 	 165 
i 541	 940 	 995 
i 568	 216 	 194 
i 162	 353 	 438 
i 284	 390 	 382 
i 2	 718 	 732 
i 313	 611 	 546 
i 113	 329 	 300 
i 683	 933 	 930 
i 749	 992 	 944 
i 875	 171 	 102 
i 808	 359 	 398 
i 927	 164 	 117 
i 200	 511 	 496 
i 515	 445 	 487 
i 198	 858 	 900 
i 761	 479 	 384 
i 7	 638 	 565 
i 932	 957 	 1021 
i 923	 501 	 515 
i 991	 736 	 725 
i 272	 876 	 827 
i 332	 609 	 545 
i 781	 846 	 822 
i 158	 338 	 417 
i 998	 971 	 890 
i 413	 716 	 787 
i 7	 739 	 811 
i 959	 862 	 921 
i 399	 704 	 747 
i 102	 323 	 365 
i 962	 721 	 817 
i 523	 948 	 910 
i 351	 222 	 141 
i 606	 562 	 512 
i 574	 471 	 421 
i 255	 556 	 588 
i 961	 428 	 462 
i 807	 306 	 332 
i 476	 124 	 29 
i 715	 763 	 689 
i 402	 506 	 424 
i 344	 490 	 513 
i 469	 769 	 862 
i 977	 853 	 867 
i 383	 189 	 118 
i 884	 413 	 393 
i 241	 115 	 87 
i 461	 711 	 645 
i 476	 383 	 412 
i 211	 408 	 380 
i 655	 524 	 576 
i 82	 607 	 528 
i 821	 266 	 281 
i 657	 237 	 247 
i 745	 746 	 833 
i 86	 876 	 940 
i 91	 344 	 256 
i 766	 666 	 670 
i 73	 818 	 718 
i 407	 504 	 446 
i 872	 826 	 899 
i 432	 615 	 704 
i 607	 711 	 764 
i 748	 335 	 320 
i 463	 828 	 762 
i 325	 773 	 724 
i 587	 615 	 584 
i 213	 671 	 593 
i 9	 248 	 185 
i 451	 249 	 267 
i 256	 436 	 428 
i 823	 316 	 395 
i 499	 269 	 269 
i 751	 952 	 902 
i 559	 441 	 484 
i 304	 593 	 500 
i 870	 820 	 845 
i 501	 240 	 307 
i 656	 340 	 409 
i 811	 505 	 464 
i 178	 142 	 152 
i 409	 555 	 530 
i 587	 463 	 538 
i 534	 910 	 935 
i 905	 245 	 182 
i 448	 881 	 879 
i 247	 916 	 888 
i 392	 584 	 656 
i 650	 441 	 444 
i 94	 305 	 270 
i 130	 570 	 571 
i 630	 174 	 257 
i 27	 510 	 510 
i 925	 400 	 307 
i 77	 958 	 1046 
i 943	 235 	 213 
i 849	 672 	 699 
i 381	 993 	 898 
i 753	 871 	 906 
i 971	 443 	 497 
i 489	 735 	 815 
i 560	 297 	 303 
i 10	 222 	 233 
i 335	 669 	 665 
i 289	 702 	 714 
i 429	 651 	 651 
i 61	 998 	 968 
i 53	 676 	 722 
i 908	 701 	 698 
i 282	 416 	 407 
i 984	 214 	 303 
i 194	 127 	 128 
i 319	 600 	 603 
i 947	 207 	 277 
i 613	 637 	 565 
i 221	 246 	 260 
i 220	 694 	 720 
i 855	 118 	 154 
i 520	 771 	 789 
i 863	 314 	 388 
i 980	 722 	 793 
i 998	 675 	 585 
i 549	 237 	 211 
i 657	 697 	 660 
i 249	 566 	 652 
i 401	 691 	 621 
i 57	 309 	 283 
i 66	 870 	 815 
i 808	 588 	 637 
i 37	 225 	 246 
i 724	 112 	 129 
i 359	 874 	 891 
i 502	 920 	 847 
i 162	 360 	 418 
i 674	 643 	 551 
i 327	 582 	 570 
i 551	 716 	 716 
i 405	 157 	 170 
i 942	 358 	 332 
i 72	 132 	 114 
i 74	 674 	 601 
i 932	 309 	 308 
i 843	 833 	 932 
i 125	 955 	 886 
i 723	 773 	 839 
i 254	 811 	 742 
i 934	 317 	 359 
i 987	 763 	 686 
i 266	 378 	 289 
i 290	 711 	 636 
i 923	 188 	 128 
i 147	 309 	 236 
i 959	 749 	 844 
i 909	 746 	 666 
i 654	 888 	 953 
i 443	 739 	 655 
i 675	 881 	 784 
i 409	 623 	 523 
i 710	 726 	 679 
i 385	 778 	 789 
i 472	 893 	 889 
i 695	 185 	 210 
i 413	 307 	 324 
i 129	 289 	 288 
i 3	 381 	 311 
i 709	 228 	 246 
i 575	 301 	 255 
i 153	 315 	 350 
i 845	 318 	 295 
i 596	 556 	 610 
i 477	 163 	 112 
i 561	 591 	 679 
i 781	 261 	 231 
i 981	 784 	 780 
i 286	 337 	 334 
i 419	 472 	 411 
i 632	 112 	 166 
i 862	 352 	 436 
i 96	 956 	 1009 
i 597	 414 	 386 
i 656	 213 	 281 
i 198	 433 	 413 
i 367	 381 	 317 
i 124	 697 	 629 
i 378	 237 	 227 
i 785	 670 	 743 
i 787	 843 	 843 
i 59	 639 	 611 
i 11	 571 	 562 
i 352	 365 	 276 
i 467	 689 	 731 
i 829	 547 	 628 
i 134	 904 	 859 
i 793	 177 	 156 
c
c
W 1003012
c end of file