c Instance Type c
c
n 4000
c w	 v1	 v2
i 302	 463 	 374 
i 756	 641 	 559 
i 560	 632 	 678 
i 611	 685 	 690 
i 890	 261 	 346 
i 669	 757 	 804 
i 693	 594 	 644 
i 217	 411 	 458 
i 209	 696 	 673 
i 271	 473 	 554 
i 668	 939 	 880 
i 264	 989 	 1082 
i 850	 182 	 187 
i 497	 833 	 760 
i 666	 413 	 318 
i 393	 349 	 388 
i 936	 114 	 91 
i 275	 784 	 805 
i 934	 553 	 616 
i 343	 896 	 813 
i 274	 813 	 863 
i 263	 998 	 901 
i 344	 968 	 1041 
i 156	 546 	 519 
i 497	 668 	 574 
i 765	 692 	 676 
i 769	 423 	 395 
i 527	 769 	 796 
i 25	 419 	 432 
i 908	 255 	 337 
i 698	 332 	 269 
i 697	 114 	 103 
i 661	 130 	 188 
i 152	 902 	 991 
i 778	 337 	 326 
i 433	 365 	 307 
i 783	 742 	 837 
i 524	 173 	 174 
i 872	 738 	 744 
i 35	 356 	 343 
i 285	 278 	 205 
i 288	 443 	 509 
i 310	 842 	 841 
i 200	 658 	 687 
i 455	 612 	 596 
i 741	 119 	 190 
i 451	 306 	 334 
i 521	 288 	 221 
i 227	 738 	 645 
i 503	 321 	 235 
i 690	 712 	 683 
i 65	 834 	 863 
i 887	 686 	 777 
i 503	 238 	 169 
i 68	 812 	 834 
i 77	 301 	 271 
i 297	 175 	 235 
i 496	 745 	 709 
i 202	 892 	 902 
i 439	 926 	 836 
i 116	 990 	 1038 
i 928	 419 	 480 
i 576	 993 	 1032 
i 719	 953 	 892 
i 509	 202 	 155 
i 723	 744 	 712 
i 796	 167 	 195 
i 509	 880 	 807 
i 389	 278 	 245 
i 306	 768 	 823 
i 296	 814 	 892 
i 642	 586 	 650 
i 634	 416 	 395 
i 582	 145 	 68 
i 684	 322 	 347 
i 397	 560 	 529 
i 461	 865 	 793 
i 327	 545 	 575 
i 516	 666 	 574 
i 255	 966 	 935 
i 47	 767 	 795 
i 582	 671 	 628 
i 925	 511 	 595 
i 964	 864 	 864 
i 203	 967 	 904 
i 707	 634 	 650 
i 556	 944 	 852 
i 45	 184 	 158 
i 669	 766 	 843 
i 631	 804 	 732 
i 370	 226 	 163 
i 1	 798 	 852 
i 451	 164 	 203 
i 299	 983 	 1014 
i 263	 541 	 613 
i 851	 707 	 720 
i 790	 337 	 262 
i 873	 377 	 311 
i 610	 707 	 774 
i 391	 607 	 601 
i 521	 733 	 801 
i 295	 900 	 968 
i 355	 695 	 653 
i 336	 424 	 442 
i 819	 121 	 191 
i 490	 887 	 928 
i 745	 505 	 504 
i 45	 616 	 589 
i 715	 768 	 863 
i 274	 625 	 599 
i 973	 155 	 233 
i 861	 903 	 840 
i 519	 763 	 771 
i 872	 134 	 209 
i 884	 661 	 700 
i 758	 531 	 468 
i 202	 270 	 356 
i 771	 712 	 807 
i 510	 151 	 189 
i 90	 133 	 225 
i 140	 463 	 550 
i 32	 366 	 425 
i 765	 531 	 494 
i 792	 122 	 60 
i 411	 901 	 816 
i 884	 631 	 697 
i 64	 796 	 703 
i 740	 734 	 795 
i 786	 712 	 675 
i 811	 438 	 419 
i 208	 406 	 415 
i 495	 351 	 366 
i 968	 172 	 140 
i 981	 456 	 382 
i 871	 625 	 634 
i 456	 693 	 678 
i 227	 545 	 543 
i 928	 577 	 523 
i 605	 404 	 307 
i 973	 686 	 752 
i 306	 158 	 65 
i 576	 644 	 650 
i 646	 268 	 268 
i 35	 573 	 569 
i 613	 693 	 663 
i 268	 289 	 350 
i 756	 671 	 578 
i 281	 220 	 313 
i 611	 428 	 442 
i 259	 445 	 453 
i 313	 295 	 364 
i 912	 329 	 314 
i 91	 803 	 717 
i 611	 360 	 281 
i 266	 790 	 833 
i 467	 215 	 312 
i 97	 935 	 983 
i 220	 968 	 872 
i 577	 937 	 964 
i 954	 555 	 634 
i 162	 149 	 90 
i 408	 904 	 828 
i 188	 394 	 336 
i 468	 457 	 521 
i 232	 551 	 468 
i 350	 301 	 311 
i 278	 289 	 319 
i 242	 950 	 1024 
i 171	 972 	 961 
i 671	 648 	 628 
i 714	 555 	 567 
i 607	 739 	 833 
i 925	 846 	 777 
i 316	 145 	 170 
i 810	 875 	 946 
i 25	 952 	 893 
i 225	 555 	 552 
i 169	 245 	 290 
i 138	 130 	 209 
i 742	 528 	 542 
i 242	 885 	 841 
i 949	 497 	 575 
i 777	 472 	 535 
i 815	 613 	 539 
i 675	 281 	 369 
i 622	 156 	 249 
i 123	 341 	 279 
i 274	 774 	 746 
i 295	 532 	 531 
i 764	 443 	 391 
i 636	 949 	 945 
i 71	 313 	 299 
i 477	 217 	 159 
i 42	 944 	 849 
i 233	 173 	 213 
i 284	 123 	 87 
i 544	 984 	 973 
i 290	 266 	 309 
i 764	 588 	 490 
i 138	 143 	 198 
i 82	 358 	 340 
i 310	 788 	 785 
i 430	 285 	 377 
i 368	 472 	 372 
i 438	 495 	 442 
i 453	 230 	 234 
i 435	 517 	 429 
i 609	 914 	 884 
i 147	 664 	 587 
i 183	 677 	 628 
i 462	 480 	 447 
i 225	 849 	 878 
i 420	 392 	 307 
i 827	 358 	 347 
i 260	 362 	 439 
i 394	 572 	 539 
i 852	 146 	 200 
i 755	 204 	 180 
i 378	 519 	 524 
i 16	 625 	 667 
i 431	 854 	 788 
i 263	 266 	 245 
i 579	 843 	 906 
i 858	 913 	 941 
i 141	 421 	 501 
i 660	 319 	 278 
i 700	 619 	 549 
i 805	 416 	 497 
i 265	 755 	 711 
i 843	 336 	 295 
i 679	 968 	 1014 
i 854	 232 	 330 
i 678	 585 	 599 
i 580	 423 	 408 
i 929	 996 	 1010 
i 164	 910 	 856 
i 735	 287 	 373 
i 79	 421 	 468 
i 804	 337 	 237 
i 59	 589 	 658 
i 23	 855 	 859 
i 160	 615 	 590 
i 694	 609 	 520 
i 46	 228 	 255 
i 41	 611 	 624 
i 940	 229 	 274 
i 139	 433 	 426 
i 488	 372 	 380 
i 742	 137 	 106 
i 281	 138 	 119 
i 118	 890 	 875 
i 685	 467 	 484 
i 246	 804 	 760 
i 378	 854 	 819 
i 940	 532 	 505 
i 74	 146 	 107 
i 437	 795 	 784 
i 731	 320 	 407 
i 761	 803 	 838 
i 793	 225 	 316 
i 669	 586 	 501 
i 71	 968 	 1020 
i 850	 603 	 504 
i 687	 855 	 832 
i 161	 258 	 223 
i 201	 587 	 567 
i 970	 862 	 929 
i 206	 372 	 385 
i 985	 315 	 281 
i 114	 919 	 843 
i 649	 882 	 940 
i 614	 950 	 1022 
i 169	 737 	 779 
i 7	 744 	 723 
i 173	 198 	 210 
i 708	 488 	 540 
i 554	 844 	 890 
i 848	 699 	 786 
i 79	 316 	 400 
i 987	 609 	 516 
i 855	 718 	 755 
i 799	 534 	 494 
i 504	 411 	 404 
i 217	 156 	 151 
i 315	 511 	 540 
i 739	 120 	 91 
i 564	 796 	 878 
i 227	 558 	 609 
i 458	 503 	 570 
i 19	 435 	 500 
i 702	 468 	 504 
i 178	 190 	 185 
i 516	 458 	 554 
i 567	 875 	 815 
i 18	 410 	 412 
i 29	 987 	 937 
i 799	 416 	 479 
i 303	 337 	 245 
i 744	 123 	 123 
i 109	 868 	 872 
i 511	 712 	 656 
i 600	 428 	 408 
i 990	 855 	 938 
i 851	 840 	 837 
i 188	 129 	 129 
i 174	 586 	 592 
i 517	 812 	 778 
i 771	 651 	 677 
i 785	 691 	 666 
i 637	 248 	 245 
i 314	 711 	 810 
i 672	 910 	 929 
i 509	 377 	 394 
i 329	 304 	 291 
i 350	 735 	 760 
i 884	 293 	 352 
i 674	 765 	 728 
i 282	 170 	 87 
i 934	 733 	 807 
i 90	 180 	 182 
i 765	 611 	 675 
i 664	 608 	 607 
i 964	 249 	 149 
i 183	 771 	 737 
i 885	 272 	 308 
i 92	 828 	 841 
i 828	 650 	 598 
i 895	 931 	 935 
i 596	 120 	 111 
i 674	 897 	 906 
i 238	 461 	 423 
i 797	 305 	 400 
i 953	 746 	 834 
i 696	 750 	 674 
i 877	 158 	 59 
i 684	 765 	 685 
i 292	 381 	 466 
i 215	 596 	 660 
i 226	 172 	 156 
i 110	 579 	 497 
i 505	 177 	 143 
i 723	 455 	 380 
i 438	 435 	 351 
i 158	 383 	 438 
i 210	 494 	 525 
i 946	 502 	 470 
i 250	 592 	 618 
i 795	 529 	 598 
i 865	 374 	 288 
i 393	 748 	 684 
i 467	 832 	 869 
i 855	 239 	 221 
i 220	 354 	 423 
i 526	 428 	 329 
i 957	 231 	 174 
i 398	 815 	 747 
i 940	 230 	 212 
i 412	 792 	 733 
i 707	 657 	 571 
i 425	 722 	 715 
i 237	 885 	 971 
i 381	 607 	 664 
i 654	 973 	 874 
i 12	 838 	 844 
i 148	 844 	 842 
i 940	 147 	 225 
i 75	 291 	 357 
i 841	 658 	 606 
i 456	 843 	 933 
i 144	 909 	 883 
i 15	 434 	 456 
i 574	 375 	 473 
i 543	 187 	 216 
i 362	 194 	 225 
i 187	 669 	 729 
i 228	 218 	 267 
i 432	 121 	 184 
i 48	 859 	 891 
i 872	 186 	 109 
i 770	 142 	 94 
i 134	 474 	 429 
i 431	 128 	 197 
i 517	 121 	 99 
i 610	 695 	 746 
i 239	 390 	 478 
i 360	 217 	 151 
i 372	 879 	 899 
i 214	 719 	 748 
i 299	 418 	 422 
i 334	 522 	 480 
i 743	 754 	 739 
i 763	 111 	 182 
i 775	 866 	 840 
i 433	 326 	 422 
i 747	 997 	 941 
i 867	 946 	 962 
i 732	 208 	 298 
i 417	 744 	 677 
i 762	 432 	 425 
i 226	 896 	 956 
i 949	 266 	 274 
i 949	 645 	 606 
i 799	 517 	 433 
i 42	 849 	 852 
i 40	 834 	 786 
i 978	 143 	 69 
i 89	 661 	 733 
i 801	 621 	 576 
i 163	 770 	 678 
i 47	 297 	 250 
i 222	 121 	 64 
i 823	 605 	 538 
i 281	 879 	 972 
i 112	 953 	 854 
i 925	 523 	 432 
i 962	 758 	 663 
i 582	 874 	 796 
i 157	 752 	 835 
i 898	 111 	 26 
i 109	 148 	 72 
i 120	 386 	 355 
i 676	 578 	 511 
i 541	 726 	 716 
i 489	 696 	 708 
i 953	 702 	 699 
i 681	 743 	 733 
i 540	 766 	 672 
i 261	 868 	 805 
i 262	 792 	 709 
i 304	 862 	 801 
i 613	 973 	 936 
i 140	 392 	 490 
i 832	 543 	 549 
i 491	 943 	 847 
i 157	 554 	 648 
i 868	 987 	 1018 
i 606	 498 	 437 
i 457	 528 	 519 
i 225	 695 	 738 
i 70	 773 	 677 
i 40	 947 	 974 
i 357	 339 	 393 
i 843	 331 	 352 
i 779	 804 	 723 
i 278	 823 	 773 
i 264	 800 	 724 
i 700	 493 	 538 
i 170	 667 	 604 
i 827	 183 	 164 
i 573	 821 	 816 
i 514	 840 	 843 
i 771	 516 	 591 
i 19	 316 	 359 
i 799	 855 	 854 
i 600	 942 	 997 
i 376	 279 	 187 
i 806	 388 	 436 
i 432	 146 	 228 
i 513	 310 	 357 
i 313	 674 	 636 
i 134	 212 	 277 
i 589	 673 	 692 
i 820	 563 	 586 
i 658	 313 	 295 
i 593	 756 	 658 
i 783	 558 	 536 
i 95	 594 	 533 
i 135	 364 	 389 
i 359	 285 	 213 
i 993	 942 	 932 
i 108	 330 	 347 
i 740	 175 	 110 
i 250	 705 	 804 
i 478	 364 	 394 
i 205	 732 	 681 
i 707	 745 	 651 
i 252	 203 	 128 
i 537	 377 	 328 
i 733	 935 	 958 
i 668	 172 	 194 
i 914	 575 	 618 
i 986	 207 	 199 
i 656	 364 	 405 
i 940	 361 	 298 
i 640	 943 	 921 
i 354	 274 	 193 
i 458	 302 	 272 
i 758	 414 	 491 
i 686	 645 	 669 
i 754	 306 	 263 
i 277	 850 	 790 
i 386	 601 	 538 
i 671	 121 	 190 
i 953	 752 	 809 
i 889	 918 	 903 
i 74	 378 	 434 
i 289	 466 	 413 
i 630	 778 	 877 
i 231	 678 	 714 
i 450	 340 	 327 
i 282	 596 	 638 
i 833	 776 	 695 
i 845	 944 	 997 
i 566	 807 	 851 
i 475	 616 	 638 
i 775	 995 	 1032 
i 176	 800 	 895 
i 926	 123 	 144 
i 564	 120 	 187 
i 822	 726 	 683 
i 368	 225 	 238 
i 117	 859 	 839 
i 54	 947 	 896 
i 836	 742 	 804 
i 406	 496 	 453 
i 402	 151 	 63 
i 178	 761 	 708 
i 192	 739 	 672 
i 202	 388 	 434 
i 894	 242 	 252 
i 24	 497 	 581 
i 865	 114 	 21 
i 806	 472 	 390 
i 517	 692 	 777 
i 950	 526 	 492 
i 995	 783 	 829 
i 727	 840 	 922 
i 434	 165 	 85 
i 745	 312 	 273 
i 893	 962 	 901 
i 329	 563 	 507 
i 332	 493 	 410 
i 738	 525 	 604 
i 392	 605 	 587 
i 860	 541 	 513 
i 616	 837 	 808 
i 438	 601 	 518 
i 499	 523 	 526 
i 726	 615 	 568 
i 683	 886 	 817 
i 193	 174 	 171 
i 622	 373 	 436 
i 89	 452 	 463 
i 645	 359 	 448 
i 130	 726 	 787 
i 946	 161 	 146 
i 499	 480 	 552 
i 962	 557 	 529 
i 529	 130 	 47 
i 402	 366 	 420 
i 473	 508 	 600 
i 768	 941 	 958 
i 152	 780 	 815 
i 432	 387 	 351 
i 125	 343 	 333 
i 181	 174 	 153 
i 597	 553 	 632 
i 99	 432 	 503 
i 121	 754 	 731 
i 409	 833 	 890 
i 855	 630 	 582 
i 789	 599 	 505 
i 543	 231 	 167 
i 854	 832 	 854 
i 115	 229 	 276 
i 186	 630 	 714 
i 683	 984 	 987 
i 45	 891 	 914 
i 768	 766 	 813 
i 581	 222 	 151 
i 167	 923 	 823 
i 715	 268 	 325 
i 851	 295 	 261 
i 663	 458 	 395 
i 796	 115 	 75 
i 381	 772 	 769 
i 364	 701 	 635 
i 242	 271 	 213 
i 979	 819 	 915 
i 104	 585 	 598 
i 19	 714 	 760 
i 195	 715 	 704 
i 403	 528 	 487 
i 793	 824 	 916 
i 797	 990 	 1041 
i 542	 369 	 296 
i 206	 802 	 802 
i 387	 953 	 1001 
i 184	 255 	 299 
i 717	 240 	 305 
i 396	 743 	 812 
i 76	 504 	 412 
i 545	 901 	 889 
i 347	 277 	 224 
i 336	 243 	 149 
i 626	 917 	 932 
i 404	 151 	 207 
i 352	 599 	 532 
i 514	 372 	 342 
i 660	 126 	 39 
i 372	 862 	 855 
i 814	 725 	 733 
i 703	 761 	 678 
i 890	 266 	 252 
i 39	 476 	 529 
i 945	 506 	 485 
i 991	 128 	 187 
i 541	 823 	 753 
i 834	 973 	 1005 
i 852	 397 	 362 
i 697	 459 	 498 
i 389	 873 	 875 
i 121	 465 	 407 
i 295	 541 	 461 
i 706	 926 	 854 
i 151	 721 	 638 
i 171	 183 	 99 
i 972	 894 	 918 
i 942	 138 	 129 
i 266	 729 	 690 
i 658	 129 	 30 
i 515	 749 	 727 
i 914	 314 	 317 
i 399	 504 	 566 
i 316	 597 	 600 
i 3	 725 	 758 
i 85	 804 	 871 
i 965	 876 	 938 
i 996	 540 	 590 
i 693	 946 	 849 
i 714	 332 	 367 
i 432	 337 	 275 
i 661	 688 	 609 
i 104	 257 	 257 
i 651	 978 	 1041 
i 343	 548 	 612 
i 123	 252 	 333 
i 984	 997 	 1071 
i 468	 828 	 901 
i 408	 608 	 620 
i 657	 625 	 579 
i 911	 337 	 378 
i 562	 507 	 480 
i 727	 601 	 595 
i 702	 160 	 84 
i 195	 889 	 882 
i 353	 731 	 748 
i 350	 648 	 662 
i 157	 534 	 442 
i 717	 417 	 406 
i 296	 916 	 837 
i 550	 271 	 174 
i 996	 900 	 915 
i 549	 338 	 299 
i 604	 757 	 658 
i 480	 867 	 807 
i 179	 392 	 403 
i 783	 915 	 996 
i 260	 536 	 448 
i 604	 573 	 629 
i 510	 972 	 887 
i 690	 177 	 202 
i 578	 193 	 217 
i 833	 709 	 643 
i 561	 981 	 1036 
i 412	 989 	 940 
i 728	 281 	 267 
i 633	 775 	 718 
i 112	 692 	 687 
i 631	 748 	 664 
i 601	 552 	 570 
i 676	 619 	 575 
i 769	 287 	 359 
i 442	 840 	 878 
i 422	 993 	 944 
i 410	 794 	 827 
i 601	 133 	 112 
i 349	 519 	 424 
i 3	 713 	 640 
i 719	 249 	 303 
i 216	 321 	 295 
i 788	 848 	 757 
i 986	 209 	 272 
i 807	 974 	 925 
i 800	 703 	 739 
i 569	 930 	 848 
i 594	 634 	 672 
i 54	 985 	 893 
i 731	 121 	 29 
i 887	 246 	 298 
i 125	 931 	 1026 
i 953	 373 	 426 
i 65	 416 	 466 
i 37	 253 	 265 
i 703	 484 	 456 
i 624	 200 	 286 
i 213	 281 	 285 
i 197	 897 	 912 
i 209	 934 	 895 
i 360	 973 	 912 
i 284	 762 	 726 
i 579	 744 	 699 
i 922	 537 	 505 
i 84	 318 	 293 
i 503	 817 	 732 
i 605	 250 	 290 
i 797	 188 	 271 
i 682	 654 	 576 
i 608	 279 	 243 
i 578	 554 	 590 
i 312	 729 	 821 
i 24	 126 	 134 
i 504	 371 	 364 
i 737	 673 	 683 
i 533	 119 	 29 
i 689	 190 	 221 
i 776	 815 	 805 
i 388	 741 	 668 
i 578	 841 	 889 
i 77	 237 	 201 
i 773	 842 	 868 
i 790	 811 	 842 
i 84	 405 	 337 
i 716	 820 	 899 
i 725	 420 	 406 
i 814	 468 	 392 
i 607	 164 	 243 
i 316	 568 	 525 
i 137	 690 	 762 
i 279	 463 	 551 
i 102	 750 	 792 
i 889	 425 	 425 
i 222	 121 	 138 
i 20	 264 	 224 
i 368	 175 	 80 
i 770	 558 	 626 
i 830	 666 	 656 
i 345	 575 	 628 
i 996	 829 	 909 
i 393	 708 	 644 
i 113	 655 	 611 
i 466	 401 	 335 
i 477	 849 	 828 
i 650	 482 	 465 
i 722	 752 	 808 
i 227	 778 	 788 
i 851	 640 	 616 
i 374	 152 	 197 
i 183	 833 	 878 
i 855	 748 	 671 
i 468	 910 	 856 
i 794	 275 	 314 
i 624	 429 	 363 
i 43	 781 	 845 
i 764	 262 	 271 
i 515	 958 	 1012 
i 111	 562 	 586 
i 157	 903 	 1002 
i 970	 662 	 598 
i 687	 418 	 325 
i 587	 523 	 523 
i 771	 728 	 687 
i 131	 459 	 543 
i 884	 613 	 705 
i 55	 457 	 502 
i 9	 943 	 891 
i 516	 741 	 711 
i 408	 408 	 410 
i 29	 407 	 403 
i 374	 569 	 502 
i 838	 601 	 652 
i 533	 160 	 165 
i 924	 425 	 456 
i 490	 356 	 364 
i 879	 324 	 343 
i 815	 972 	 993 
i 525	 300 	 224 
i 860	 616 	 621 
i 194	 182 	 193 
i 709	 610 	 696 
i 261	 760 	 813 
i 317	 543 	 503 
i 671	 123 	 68 
i 947	 707 	 750 
i 188	 300 	 319 
i 157	 830 	 812 
i 371	 479 	 566 
i 938	 587 	 646 
i 19	 168 	 266 
i 581	 663 	 703 
i 312	 602 	 694 
i 798	 397 	 352 
i 811	 667 	 757 
i 483	 869 	 948 
i 695	 619 	 536 
i 505	 261 	 209 
i 919	 628 	 650 
i 456	 573 	 583 
i 520	 394 	 408 
i 143	 387 	 317 
i 695	 122 	 114 
i 19	 977 	 929 
i 644	 337 	 251 
i 498	 293 	 303 
i 70	 201 	 151 
i 238	 277 	 328 
i 819	 492 	 526 
i 340	 148 	 74 
i 658	 638 	 668 
i 969	 256 	 314 
i 982	 391 	 388 
i 957	 802 	 803 
i 212	 145 	 75 
i 416	 209 	 238 
i 518	 702 	 745 
i 705	 925 	 1016 
i 135	 707 	 762 
i 177	 418 	 341 
i 770	 534 	 588 
i 934	 224 	 272 
i 249	 929 	 974 
i 27	 474 	 510 
i 65	 925 	 1003 
i 176	 170 	 132 
i 841	 747 	 812 
i 757	 497 	 504 
i 428	 458 	 491 
i 774	 259 	 328 
i 251	 362 	 385 
i 378	 161 	 171 
i 299	 823 	 883 
i 708	 580 	 645 
i 624	 298 	 376 
i 691	 205 	 118 
i 408	 481 	 562 
i 842	 330 	 363 
i 233	 805 	 723 
i 400	 512 	 585 
i 682	 376 	 299 
i 739	 924 	 923 
i 541	 525 	 584 
i 69	 347 	 347 
i 280	 193 	 118 
i 386	 986 	 1049 
i 803	 157 	 102 
i 50	 965 	 878 
i 831	 667 	 627 
i 283	 751 	 791 
i 581	 634 	 610 
i 496	 740 	 664 
i 961	 293 	 325 
i 228	 112 	 158 
i 321	 560 	 462 
i 306	 674 	 653 
i 358	 514 	 454 
i 319	 715 	 665 
i 944	 777 	 693 
i 665	 156 	 129 
i 254	 780 	 869 
i 961	 232 	 220 
i 167	 342 	 323 
i 168	 933 	 959 
i 673	 697 	 787 
i 307	 709 	 660 
i 760	 175 	 198 
i 441	 356 	 443 
i 191	 580 	 656 
i 242	 655 	 664 
i 994	 981 	 1040 
i 131	 934 	 986 
i 392	 439 	 524 
i 317	 799 	 717 
i 976	 473 	 526 
i 650	 432 	 347 
i 723	 663 	 730 
i 998	 323 	 278 
i 527	 267 	 260 
i 140	 161 	 202 
i 119	 647 	 687 
i 45	 469 	 535 
i 414	 257 	 202 
i 189	 192 	 200 
i 596	 276 	 279 
i 958	 959 	 892 
i 580	 138 	 216 
i 819	 881 	 959 
i 995	 238 	 221 
i 53	 654 	 665 
i 655	 395 	 430 
i 59	 131 	 175 
i 223	 872 	 799 
i 315	 184 	 148 
i 501	 666 	 750 
i 456	 239 	 314 
i 486	 389 	 380 
i 353	 293 	 248 
i 497	 196 	 150 
i 109	 568 	 532 
i 428	 175 	 271 
i 451	 776 	 683 
i 308	 529 	 481 
i 390	 649 	 664 
i 15	 938 	 853 
i 160	 867 	 873 
i 473	 759 	 663 
i 678	 278 	 252 
i 774	 525 	 599 
i 289	 767 	 862 
i 361	 167 	 148 
i 110	 150 	 221 
i 581	 185 	 117 
i 187	 418 	 428 
i 118	 931 	 944 
i 968	 111 	 156 
i 698	 586 	 526 
i 887	 604 	 680 
i 353	 936 	 966 
i 93	 820 	 908 
i 157	 801 	 761 
i 201	 273 	 255 
i 285	 146 	 245 
i 631	 293 	 229 
i 554	 786 	 745 
i 555	 404 	 357 
i 90	 163 	 256 
i 645	 342 	 412 
i 573	 236 	 177 
i 372	 818 	 777 
i 148	 767 	 758 
i 331	 149 	 180 
i 371	 517 	 605 
i 576	 513 	 527 
i 337	 675 	 600 
i 666	 941 	 977 
i 725	 291 	 345 
i 986	 261 	 244 
i 127	 132 	 229 
i 922	 316 	 288 
i 661	 583 	 584 
i 704	 988 	 1055 
i 163	 683 	 625 
i 615	 631 	 688 
i 250	 250 	 174 
i 185	 362 	 419 
i 388	 968 	 970 
i 557	 764 	 764 
i 581	 245 	 270 
i 812	 235 	 244 
i 344	 555 	 497 
i 331	 118 	 201 
i 974	 864 	 779 
i 559	 161 	 199 
i 716	 861 	 949 
i 999	 970 	 895 
i 963	 782 	 784 
i 698	 351 	 265 
i 849	 795 	 825 
i 988	 464 	 457 
i 489	 952 	 1013 
i 497	 251 	 178 
i 344	 175 	 97 
i 401	 244 	 278 
i 245	 860 	 837 
i 212	 809 	 786 
i 967	 922 	 892 
i 238	 490 	 399 
i 9	 554 	 633 
i 406	 246 	 323 
i 353	 660 	 635 
i 511	 491 	 565 
i 584	 615 	 558 
i 734	 716 	 739 
i 577	 426 	 498 
i 363	 771 	 685 
i 276	 228 	 136 
i 703	 540 	 495 
i 203	 585 	 542 
i 355	 495 	 533 
i 973	 395 	 304 
i 401	 729 	 740 
i 968	 616 	 543 
i 649	 808 	 882 
i 4	 468 	 458 
i 747	 345 	 407 
i 879	 411 	 328 
i 363	 448 	 506 
i 895	 696 	 794 
i 328	 952 	 921 
i 647	 679 	 643 
i 343	 719 	 763 
i 911	 325 	 363 
i 696	 449 	 417 
i 98	 337 	 305 
i 362	 738 	 656 
i 700	 573 	 667 
i 80	 652 	 618 
i 738	 467 	 412 
i 685	 462 	 473 
i 324	 772 	 712 
i 10	 170 	 179 
i 251	 812 	 803 
i 631	 538 	 468 
i 886	 840 	 790 
i 593	 258 	 280 
i 113	 339 	 301 
i 721	 313 	 291 
i 123	 609 	 535 
i 518	 813 	 876 
i 263	 418 	 345 
i 329	 599 	 528 
i 119	 196 	 175 
i 599	 603 	 509 
i 421	 740 	 823 
i 586	 963 	 964 
i 843	 619 	 643 
i 71	 897 	 865 
i 632	 357 	 350 
i 421	 474 	 570 
i 767	 310 	 259 
i 317	 434 	 449 
i 414	 566 	 605 
i 968	 921 	 879 
i 676	 948 	 990 
i 635	 874 	 834 
i 208	 438 	 366 
i 93	 991 	 933 
i 371	 408 	 477 
i 779	 823 	 776 
i 3	 809 	 715 
i 367	 140 	 110 
i 878	 653 	 706 
i 790	 382 	 428 
i 732	 644 	 626 
i 591	 390 	 299 
i 959	 657 	 607 
i 950	 785 	 754 
i 285	 976 	 1019 
i 87	 839 	 838 
i 872	 188 	 187 
i 905	 219 	 292 
i 516	 532 	 580 
i 821	 324 	 330 
i 421	 976 	 929 
i 735	 452 	 523 
i 350	 493 	 556 
i 110	 719 	 772 
i 83	 138 	 48 
i 902	 775 	 702 
i 988	 327 	 228 
i 111	 770 	 853 
i 584	 650 	 636 
i 824	 423 	 373 
i 798	 898 	 932 
i 183	 245 	 226 
i 613	 118 	 169 
i 297	 844 	 917 
i 328	 635 	 724 
i 75	 681 	 751 
i 319	 802 	 869 
i 61	 810 	 900 
i 668	 735 	 742 
i 20	 229 	 200 
i 904	 453 	 384 
i 57	 161 	 129 
i 65	 523 	 613 
i 889	 308 	 258 
i 480	 189 	 204 
i 121	 144 	 174 
i 899	 900 	 994 
i 686	 758 	 664 
i 389	 714 	 753 
i 522	 301 	 344 
i 906	 620 	 644 
i 964	 760 	 796 
i 428	 174 	 223 
i 650	 133 	 159 
i 738	 356 	 278 
i 775	 870 	 817 
i 664	 561 	 487 
i 393	 536 	 600 
i 72	 564 	 505 
i 286	 298 	 344 
i 858	 937 	 964 
i 590	 602 	 622 
i 661	 318 	 224 
i 686	 981 	 1017 
i 962	 656 	 639 
i 816	 757 	 695 
i 323	 967 	 1038 
i 801	 197 	 147 
i 312	 927 	 891 
i 522	 225 	 246 
i 452	 875 	 868 
i 5	 554 	 465 
i 239	 201 	 244 
i 218	 228 	 208 
i 830	 833 	 806 
i 558	 317 	 253 
i 521	 490 	 491 
i 619	 365 	 326 
i 538	 588 	 611 
i 667	 875 	 803 
i 527	 527 	 545 
i 26	 942 	 961 
i 128	 993 	 1060 
i 260	 742 	 652 
i 73	 213 	 289 
i 305	 539 	 527 
i 732	 701 	 793 
i 19	 262 	 278 
i 556	 534 	 457 
i 416	 195 	 252 
i 884	 319 	 281 
i 820	 845 	 812 
i 812	 487 	 480 
i 523	 340 	 385 
i 638	 387 	 446 
i 121	 283 	 203 
i 785	 675 	 742 
i 955	 641 	 712 
i 432	 269 	 251 
i 527	 376 	 441 
i 762	 186 	 228 
i 589	 466 	 472 
i 12	 768 	 736 
i 271	 294 	 367 
i 581	 940 	 941 
i 774	 762 	 787 
i 409	 856 	 838 
i 7	 711 	 684 
i 185	 583 	 642 
i 484	 949 	 914 
i 569	 795 	 712 
i 968	 540 	 575 
i 707	 124 	 161 
i 914	 430 	 521 
i 847	 313 	 321 
i 580	 763 	 725 
i 419	 432 	 476 
i 94	 798 	 843 
i 625	 236 	 318 
i 568	 947 	 926 
i 339	 348 	 441 
i 821	 427 	 514 
i 836	 140 	 168 
i 196	 752 	 763 
i 423	 716 	 696 
i 158	 307 	 403 
i 519	 587 	 567 
i 293	 341 	 340 
i 435	 990 	 914 
i 376	 914 	 952 
i 643	 379 	 284 
i 998	 349 	 418 
i 32	 292 	 329 
i 753	 863 	 939 
i 435	 469 	 429 
i 656	 829 	 821 
i 192	 815 	 911 
i 451	 284 	 238 
i 441	 726 	 767 
i 344	 835 	 751 
i 646	 559 	 604 
i 914	 585 	 630 
i 119	 451 	 502 
i 965	 171 	 173 
i 369	 955 	 1044 
i 177	 336 	 356 
i 968	 747 	 805 
i 165	 731 	 680 
i 857	 975 	 1012 
i 672	 716 	 622 
i 177	 791 	 826 
i 710	 549 	 567 
i 94	 306 	 347 
i 163	 981 	 1015 
i 112	 547 	 455 
i 366	 499 	 442 
i 82	 146 	 83 
i 779	 852 	 822 
i 751	 182 	 124 
i 432	 792 	 868 
i 199	 819 	 730 
i 692	 531 	 584 
i 912	 168 	 240 
i 891	 799 	 704 
i 382	 509 	 436 
i 819	 548 	 548 
i 858	 743 	 759 
i 693	 911 	 883 
i 773	 336 	 258 
i 539	 522 	 531 
i 337	 418 	 467 
i 810	 470 	 457 
i 874	 265 	 235 
i 648	 144 	 92 
i 97	 167 	 191 
i 589	 289 	 277 
i 300	 736 	 696 
i 201	 366 	 464 
i 453	 690 	 743 
i 916	 792 	 753 
i 262	 389 	 417 
i 666	 163 	 153 
i 840	 552 	 517 
i 878	 863 	 958 
i 941	 189 	 103 
i 142	 743 	 775 
i 845	 248 	 340 
i 133	 515 	 447 
i 784	 510 	 532 
i 550	 303 	 309 
i 863	 576 	 634 
i 922	 259 	 251 
i 419	 662 	 622 
i 266	 953 	 888 
i 355	 931 	 855 
i 67	 996 	 948 
i 221	 695 	 616 
i 676	 660 	 608 
i 126	 804 	 708 
i 343	 462 	 476 
i 866	 934 	 921 
i 34	 751 	 723 
i 653	 271 	 326 
i 601	 539 	 448 
i 524	 699 	 679 
i 520	 806 	 799 
i 177	 150 	 187 
i 795	 246 	 218 
i 575	 459 	 456 
i 969	 481 	 547 
i 896	 992 	 1031 
i 617	 492 	 538 
i 798	 813 	 790 
i 281	 617 	 714 
i 942	 658 	 660 
i 725	 125 	 31 
i 769	 540 	 481 
i 921	 262 	 162 
i 314	 586 	 601 
i 730	 132 	 141 
i 722	 873 	 861 
i 152	 606 	 518 
i 941	 369 	 440 
i 511	 713 	 640 
i 127	 702 	 618 
i 144	 268 	 329 
i 626	 297 	 312 
i 797	 482 	 481 
i 332	 485 	 547 
i 356	 999 	 1007 
i 214	 598 	 550 
i 770	 993 	 976 
i 61	 159 	 130 
i 738	 923 	 996 
i 403	 158 	 257 
i 581	 231 	 158 
i 790	 949 	 1002 
i 208	 572 	 584 
i 629	 126 	 204 
i 629	 849 	 799 
i 178	 442 	 434 
i 170	 678 	 624 
i 225	 159 	 118 
i 139	 476 	 382 
i 192	 360 	 347 
i 328	 356 	 259 
i 271	 480 	 541 
i 790	 271 	 173 
i 808	 772 	 800 
i 638	 678 	 632 
i 12	 902 	 892 
i 649	 426 	 450 
i 704	 634 	 702 
i 116	 896 	 992 
i 396	 926 	 860 
i 671	 425 	 425 
i 87	 440 	 494 
i 268	 268 	 280 
i 12	 281 	 255 
i 650	 854 	 756 
i 540	 208 	 112 
i 894	 609 	 643 
i 484	 271 	 246 
i 368	 133 	 131 
i 285	 118 	 195 
i 638	 274 	 285 
i 9	 721 	 749 
i 186	 519 	 601 
i 378	 132 	 216 
i 215	 463 	 477 
i 325	 472 	 394 
i 884	 491 	 392 
i 66	 199 	 197 
i 92	 533 	 605 
i 100	 969 	 898 
i 283	 868 	 924 
i 969	 474 	 532 
i 429	 158 	 253 
i 454	 968 	 939 
i 849	 900 	 914 
i 257	 520 	 599 
i 685	 622 	 678 
i 785	 629 	 698 
i 260	 178 	 265 
i 226	 943 	 850 
i 78	 184 	 148 
i 486	 880 	 837 
i 539	 696 	 739 
i 504	 677 	 611 
i 392	 994 	 898 
i 852	 613 	 568 
i 428	 520 	 612 
i 11	 325 	 374 
i 87	 188 	 89 
i 24	 133 	 79 
i 106	 166 	 128 
i 971	 451 	 510 
i 630	 709 	 676 
i 268	 459 	 527 
i 262	 613 	 559 
i 826	 633 	 550 
i 287	 881 	 883 
i 528	 849 	 853 
i 616	 626 	 648 
i 641	 635 	 661 
i 704	 843 	 891 
i 88	 232 	 274 
i 760	 942 	 910 
i 153	 353 	 375 
i 717	 212 	 286 
i 305	 419 	 458 
i 172	 495 	 591 
i 4	 951 	 953 
i 583	 528 	 453 
i 173	 182 	 236 
i 997	 746 	 740 
i 134	 515 	 527 
i 69	 259 	 223 
i 342	 564 	 558 
i 456	 218 	 156 
i 802	 993 	 992 
i 236	 724 	 757 
i 181	 711 	 745 
i 650	 278 	 228 
i 730	 392 	 377 
i 446	 188 	 172 
i 900	 609 	 620 
i 69	 219 	 244 
i 578	 505 	 598 
i 699	 926 	 910 
i 692	 207 	 152 
i 382	 649 	 641 
i 58	 354 	 382 
i 246	 951 	 909 
i 563	 288 	 192 
i 650	 668 	 661 
i 212	 157 	 131 
i 334	 653 	 640 
i 777	 322 	 225 
i 695	 295 	 338 
i 804	 672 	 653 
i 410	 875 	 933 
i 683	 397 	 466 
i 629	 969 	 887 
i 829	 341 	 372 
i 457	 363 	 324 
i 509	 780 	 783 
i 120	 221 	 291 
i 358	 611 	 636 
i 565	 626 	 591 
i 197	 374 	 299 
i 57	 737 	 744 
i 379	 551 	 495 
i 344	 415 	 485 
i 603	 499 	 535 
i 887	 194 	 121 
i 640	 467 	 496 
i 764	 927 	 980 
i 328	 796 	 720 
i 907	 467 	 504 
i 204	 756 	 832 
i 908	 872 	 960 
i 404	 462 	 425 
i 747	 660 	 692 
i 184	 528 	 481 
i 277	 245 	 175 
i 678	 367 	 425 
i 597	 941 	 952 
i 368	 733 	 810 
i 769	 842 	 900 
i 495	 565 	 664 
i 352	 462 	 543 
i 747	 410 	 372 
i 365	 695 	 606 
i 835	 396 	 344 
i 986	 633 	 636 
i 275	 770 	 709 
i 209	 588 	 646 
i 908	 196 	 128 
i 731	 985 	 1070 
i 243	 802 	 787 
i 638	 801 	 856 
i 975	 718 	 722 
i 633	 994 	 1071 
i 953	 156 	 200 
i 541	 370 	 412 
i 284	 831 	 928 
i 820	 116 	 54 
i 917	 821 	 741 
i 900	 964 	 1030 
i 679	 901 	 816 
i 455	 390 	 433 
i 138	 192 	 230 
i 132	 658 	 622 
i 183	 559 	 514 
i 475	 314 	 377 
i 285	 946 	 866 
i 292	 933 	 1017 
i 91	 216 	 284 
i 51	 308 	 356 
i 940	 161 	 145 
i 255	 229 	 304 
i 347	 865 	 767 
i 961	 591 	 519 
i 466	 878 	 843 
i 695	 236 	 296 
i 635	 964 	 881 
i 560	 166 	 141 
i 679	 987 	 980 
i 900	 845 	 848 
i 957	 615 	 606 
i 91	 989 	 1031 
i 939	 878 	 790 
i 479	 889 	 793 
i 343	 129 	 126 
i 484	 420 	 356 
i 444	 245 	 308 
i 506	 323 	 298 
i 492	 659 	 570 
i 318	 188 	 279 
i 885	 650 	 733 
i 873	 170 	 71 
i 736	 805 	 894 
i 612	 860 	 845 
i 634	 880 	 933 
i 982	 426 	 376 
i 134	 590 	 629 
i 372	 429 	 369 
i 989	 765 	 803 
i 77	 817 	 719 
i 683	 780 	 859 
i 750	 705 	 759 
i 531	 711 	 712 
i 374	 663 	 587 
i 240	 152 	 202 
i 594	 835 	 882 
i 134	 170 	 243 
i 491	 790 	 738 
i 228	 970 	 916 
i 23	 699 	 660 
i 775	 710 	 808 
i 444	 619 	 667 
i 120	 416 	 370 
i 740	 868 	 897 
i 787	 975 	 1052 
i 601	 756 	 752 
i 669	 522 	 544 
i 433	 406 	 327 
i 400	 621 	 587 
i 61	 827 	 798 
i 735	 212 	 138 
i 307	 203 	 218 
i 651	 862 	 900 
i 502	 215 	 202 
i 475	 789 	 733 
i 201	 688 	 752 
i 663	 226 	 224 
i 996	 772 	 857 
i 571	 865 	 829 
i 377	 273 	 250 
i 491	 589 	 513 
i 595	 705 	 690 
i 441	 328 	 243 
i 558	 946 	 962 
i 321	 444 	 355 
i 970	 642 	 593 
i 101	 486 	 569 
i 844	 924 	 1007 
i 693	 858 	 855 
i 875	 258 	 330 
i 413	 601 	 571 
i 83	 708 	 798 
i 327	 200 	 178 
i 267	 270 	 359 
i 642	 786 	 739 
i 240	 836 	 784 
i 662	 175 	 143 
i 577	 993 	 929 
i 418	 918 	 993 
i 583	 462 	 512 
i 134	 341 	 274 
i 806	 657 	 606 
i 906	 612 	 627 
i 86	 960 	 1028 
i 845	 914 	 910 
i 662	 265 	 309 
i 734	 478 	 455 
i 727	 781 	 873 
i 635	 945 	 921 
i 32	 836 	 928 
i 291	 616 	 535 
i 905	 763 	 843 
i 470	 984 	 1046 
i 426	 606 	 685 
i 329	 466 	 514 
i 503	 897 	 877 
i 916	 653 	 580 
i 670	 997 	 1069 
i 608	 965 	 965 
i 424	 415 	 421 
i 992	 383 	 447 
i 726	 471 	 516 
i 708	 386 	 325 
i 266	 218 	 242 
i 665	 126 	 216 
i 550	 785 	 776 
i 160	 255 	 229 
i 157	 378 	 286 
i 119	 257 	 286 
i 461	 702 	 616 
i 768	 286 	 199 
i 174	 128 	 186 
i 483	 775 	 774 
i 604	 952 	 1005 
i 621	 617 	 603 
i 380	 575 	 671 
i 543	 980 	 908 
i 843	 421 	 380 
i 9	 458 	 441 
i 674	 146 	 221 
i 871	 212 	 241 
i 891	 270 	 333 
i 639	 974 	 934 
i 585	 529 	 610 
i 155	 321 	 326 
i 677	 704 	 785 
i 655	 687 	 677 
i 5	 813 	 771 
i 396	 189 	 149 
i 436	 560 	 655 
i 550	 451 	 520 
i 730	 135 	 183 
i 701	 863 	 838 
i 173	 243 	 336 
i 409	 159 	 83 
i 77	 629 	 688 
i 725	 547 	 537 
i 515	 948 	 939 
i 603	 321 	 391 
i 109	 590 	 548 
i 491	 570 	 638 
i 519	 436 	 450 
i 366	 205 	 159 
i 514	 543 	 531 
i 569	 512 	 582 
i 152	 619 	 704 
i 643	 439 	 469 
i 585	 842 	 775 
i 822	 361 	 415 
i 362	 231 	 307 
i 878	 489 	 463 
i 245	 347 	 425 
i 351	 854 	 805 
i 836	 206 	 260 
i 288	 600 	 567 
i 859	 469 	 467 
i 229	 406 	 332 
i 53	 987 	 1031 
i 334	 248 	 256 
i 469	 934 	 1014 
i 895	 827 	 883 
i 161	 269 	 174 
i 996	 171 	 146 
i 104	 399 	 341 
i 655	 195 	 195 
i 59	 497 	 469 
i 391	 934 	 951 
i 377	 165 	 193 
i 531	 806 	 901 
i 457	 399 	 388 
i 263	 314 	 282 
i 441	 120 	 120 
i 510	 144 	 143 
i 834	 480 	 500 
i 929	 670 	 621 
i 364	 227 	 190 
i 290	 547 	 588 
i 352	 182 	 98 
i 134	 753 	 775 
i 458	 731 	 645 
i 686	 238 	 204 
i 697	 541 	 596 
i 735	 986 	 942 
i 151	 540 	 463 
i 780	 186 	 95 
i 910	 415 	 397 
i 402	 696 	 736 
i 483	 435 	 345 
i 206	 509 	 446 
i 903	 166 	 195 
i 47	 230 	 196 
i 531	 527 	 432 
i 516	 327 	 379 
i 998	 581 	 664 
i 84	 686 	 725 
i 427	 729 	 750 
i 85	 207 	 108 
i 450	 831 	 829 
i 898	 880 	 919 
i 961	 157 	 176 
i 96	 731 	 760 
i 564	 137 	 72 
i 807	 163 	 201 
i 337	 843 	 881 
i 984	 768 	 823 
i 680	 497 	 437 
i 789	 147 	 104 
i 600	 155 	 202 
i 465	 591 	 618 
i 518	 320 	 339 
i 217	 853 	 891 
i 247	 539 	 490 
i 306	 697 	 609 
i 130	 423 	 403 
i 869	 149 	 125 
i 305	 839 	 752 
i 346	 129 	 199 
i 396	 384 	 374 
i 936	 150 	 233 
i 173	 715 	 702 
i 8	 356 	 386 
i 490	 972 	 1052 
i 150	 310 	 251 
i 501	 367 	 334 
i 545	 723 	 664 
i 364	 176 	 178 
i 385	 234 	 305 
i 693	 994 	 944 
i 737	 509 	 446 
i 418	 438 	 410 
i 694	 828 	 801 
i 663	 521 	 592 
i 887	 433 	 334 
i 177	 617 	 618 
i 865	 917 	 827 
i 939	 211 	 194 
i 79	 666 	 726 
i 73	 539 	 538 
i 521	 763 	 709 
i 889	 931 	 961 
i 695	 363 	 332 
i 157	 692 	 593 
i 520	 566 	 645 
i 90	 574 	 488 
i 996	 138 	 225 
i 110	 186 	 261 
i 734	 558 	 649 
i 216	 383 	 288 
i 950	 824 	 833 
i 873	 143 	 130 
i 159	 722 	 648 
i 812	 140 	 98 
i 325	 148 	 210 
i 846	 945 	 1025 
i 877	 121 	 200 
i 961	 955 	 856 
i 465	 846 	 894 
i 771	 808 	 899 
i 573	 833 	 914 
i 609	 432 	 488 
i 297	 822 	 910 
i 330	 941 	 991 
i 373	 311 	 226 
i 311	 143 	 227 
i 323	 943 	 1003 
i 273	 851 	 903 
i 101	 858 	 803 
i 884	 628 	 727 
i 697	 590 	 604 
i 60	 509 	 444 
i 859	 315 	 310 
i 794	 261 	 322 
i 20	 930 	 865 
i 56	 998 	 996 
i 991	 930 	 992 
i 825	 752 	 669 
i 666	 541 	 478 
i 248	 742 	 656 
i 787	 740 	 793 
i 236	 358 	 423 
i 465	 518 	 555 
i 634	 941 	 937 
i 556	 769 	 769 
i 555	 929 	 940 
i 477	 475 	 484 
i 199	 309 	 283 
i 683	 385 	 292 
i 394	 551 	 508 
i 102	 614 	 528 
i 380	 409 	 370 
i 838	 256 	 310 
i 773	 867 	 848 
i 514	 406 	 498 
i 434	 851 	 854 
i 844	 456 	 555 
i 69	 943 	 882 
i 377	 385 	 460 
i 872	 420 	 374 
i 440	 674 	 648 
i 775	 740 	 790 
i 938	 126 	 144 
i 789	 814 	 787 
i 122	 288 	 364 
i 955	 257 	 219 
i 344	 719 	 650 
i 281	 717 	 662 
i 590	 891 	 911 
i 937	 783 	 778 
i 572	 137 	 220 
i 280	 470 	 508 
i 296	 252 	 277 
i 88	 779 	 762 
i 288	 216 	 224 
i 452	 998 	 997 
i 137	 389 	 457 
i 818	 530 	 454 
i 696	 732 	 774 
i 453	 381 	 410 
i 482	 805 	 749 
i 886	 731 	 730 
i 46	 457 	 516 
i 797	 128 	 204 
i 915	 501 	 435 
i 914	 981 	 1005 
i 227	 533 	 585 
i 699	 391 	 406 
i 399	 499 	 454 
i 703	 242 	 287 
i 484	 819 	 761 
i 183	 126 	 45 
i 573	 570 	 498 
i 592	 389 	 476 
i 32	 286 	 356 
i 11	 438 	 491 
i 486	 991 	 1090 
i 802	 778 	 816 
i 239	 404 	 322 
i 386	 648 	 707 
i 183	 407 	 363 
i 201	 594 	 586 
i 717	 680 	 587 
i 31	 806 	 831 
i 228	 752 	 783 
i 596	 623 	 656 
i 587	 417 	 348 
i 338	 413 	 504 
i 668	 141 	 80 
i 273	 224 	 240 
i 606	 932 	 985 
i 150	 292 	 385 
i 789	 704 	 740 
i 572	 736 	 778 
i 293	 405 	 493 
i 869	 991 	 998 
i 214	 697 	 621 
i 554	 835 	 827 
i 589	 798 	 723 
i 716	 972 	 952 
i 640	 601 	 502 
i 845	 393 	 324 
i 512	 362 	 451 
i 216	 970 	 973 
i 546	 716 	 778 
i 536	 664 	 700 
i 196	 253 	 332 
i 12	 364 	 353 
i 784	 775 	 682 
i 754	 890 	 941 
i 306	 359 	 338 
i 623	 367 	 315 
i 906	 507 	 557 
i 873	 461 	 554 
i 554	 922 	 924 
i 177	 756 	 666 
i 337	 473 	 422 
i 622	 381 	 332 
i 369	 781 	 689 
i 246	 815 	 874 
i 525	 598 	 518 
i 813	 950 	 995 
i 260	 275 	 301 
i 653	 944 	 945 
i 566	 916 	 828 
i 293	 485 	 432 
i 701	 530 	 544 
i 6	 750 	 689 
i 759	 980 	 992 
i 553	 129 	 191 
i 101	 838 	 805 
i 46	 930 	 859 
i 230	 687 	 668 
i 168	 361 	 273 
i 75	 812 	 837 
i 495	 865 	 949 
i 967	 187 	 211 
i 687	 697 	 722 
i 665	 871 	 848 
i 685	 484 	 572 
i 504	 316 	 224 
i 425	 615 	 532 
i 74	 748 	 711 
i 355	 222 	 218 
i 144	 277 	 288 
i 992	 836 	 746 
i 79	 767 	 671 
i 739	 431 	 472 
i 595	 989 	 963 
i 16	 445 	 356 
i 247	 391 	 403 
i 813	 428 	 525 
i 530	 505 	 417 
i 656	 786 	 769 
i 844	 327 	 338 
i 660	 824 	 834 
i 398	 872 	 898 
i 758	 891 	 864 
i 747	 632 	 724 
i 123	 963 	 1058 
i 439	 127 	 72 
i 796	 626 	 533 
i 240	 615 	 629 
i 999	 669 	 614 
i 243	 149 	 62 
i 46	 645 	 691 
i 901	 247 	 172 
i 779	 807 	 884 
i 366	 246 	 272 
i 325	 214 	 265 
i 343	 195 	 134 
i 923	 396 	 494 
i 491	 431 	 377 
i 119	 938 	 884 
i 162	 250 	 244 
i 763	 312 	 316 
i 916	 961 	 945 
i 700	 187 	 127 
i 852	 976 	 989 
i 968	 651 	 729 
i 64	 435 	 382 
i 385	 609 	 540 
i 745	 602 	 632 
i 676	 809 	 862 
i 833	 125 	 211 
i 60	 547 	 585 
i 17	 120 	 142 
i 103	 495 	 457 
i 76	 674 	 606 
i 683	 289 	 215 
i 49	 193 	 132 
i 609	 402 	 418 
i 163	 543 	 508 
i 948	 232 	 132 
i 965	 916 	 983 
i 456	 855 	 934 
i 468	 583 	 665 
i 900	 238 	 141 
i 535	 515 	 433 
i 735	 660 	 714 
i 828	 778 	 842 
i 157	 952 	 938 
i 643	 580 	 599 
i 780	 870 	 878 
i 686	 872 	 873 
i 524	 726 	 819 
i 55	 633 	 619 
i 198	 555 	 521 
i 652	 568 	 641 
i 271	 649 	 669 
i 22	 449 	 435 
i 968	 292 	 309 
i 496	 676 	 622 
i 351	 317 	 219 
i 208	 800 	 839 
i 899	 364 	 308 
i 487	 333 	 288 
i 987	 718 	 713 
i 502	 125 	 50 
i 108	 896 	 875 
i 488	 544 	 528 
i 692	 927 	 904 
i 328	 561 	 638 
i 560	 767 	 714 
i 336	 778 	 766 
i 621	 510 	 478 
i 870	 708 	 774 
i 554	 955 	 1018 
i 570	 488 	 451 
i 454	 602 	 587 
i 940	 956 	 1039 
i 859	 441 	 462 
i 366	 787 	 874 
i 105	 684 	 683 
i 855	 894 	 960 
i 306	 399 	 389 
i 977	 704 	 668 
i 927	 553 	 628 
i 353	 390 	 379 
i 905	 674 	 754 
i 857	 165 	 233 
i 229	 979 	 1019 
i 989	 630 	 543 
i 635	 573 	 507 
i 516	 125 	 30 
i 841	 864 	 830 
i 508	 378 	 340 
i 6	 666 	 613 
i 320	 556 	 574 
i 954	 954 	 953 
i 16	 865 	 835 
i 992	 723 	 739 
i 576	 457 	 471 
i 97	 516 	 457 
i 113	 669 	 713 
i 960	 693 	 705 
i 262	 989 	 903 
i 885	 376 	 291 
i 387	 588 	 567 
i 336	 224 	 194 
i 184	 665 	 638 
i 873	 980 	 951 
i 263	 608 	 695 
i 719	 228 	 134 
i 348	 412 	 341 
i 3	 166 	 87 
i 990	 667 	 640 
i 290	 732 	 682 
i 827	 801 	 829 
i 955	 266 	 361 
i 579	 580 	 512 
i 557	 907 	 813 
i 117	 338 	 297 
i 249	 281 	 184 
i 587	 310 	 282 
i 649	 439 	 412 
i 276	 533 	 504 
i 974	 859 	 888 
i 751	 195 	 189 
i 926	 765 	 750 
i 454	 743 	 644 
i 350	 886 	 899 
i 605	 916 	 952 
i 797	 291 	 377 
i 22	 305 	 308 
i 391	 629 	 562 
i 866	 954 	 942 
i 708	 383 	 366 
i 804	 958 	 892 
i 540	 491 	 410 
i 252	 872 	 882 
i 124	 880 	 960 
i 30	 494 	 495 
i 233	 212 	 172 
i 451	 151 	 115 
i 35	 612 	 655 
i 983	 762 	 778 
i 291	 268 	 225 
i 244	 641 	 559 
i 672	 793 	 819 
i 529	 879 	 956 
i 395	 480 	 381 
i 826	 392 	 299 
i 940	 842 	 796 
i 985	 222 	 266 
i 550	 511 	 562 
i 283	 258 	 306 
i 461	 775 	 681 
i 58	 144 	 99 
i 824	 227 	 316 
i 688	 791 	 786 
i 104	 689 	 763 
i 420	 697 	 736 
i 243	 732 	 759 
i 369	 974 	 998 
i 819	 727 	 661 
i 985	 511 	 501 
i 733	 281 	 364 
i 770	 309 	 403 
i 901	 554 	 613 
i 667	 507 	 504 
i 318	 930 	 947 
i 978	 815 	 716 
i 677	 545 	 495 
i 648	 221 	 245 
i 342	 774 	 762 
i 793	 927 	 912 
i 985	 442 	 373 
i 209	 367 	 452 
i 707	 342 	 408 
i 153	 162 	 161 
i 75	 594 	 657 
i 866	 229 	 287 
i 355	 237 	 231 
i 479	 462 	 385 
i 226	 125 	 117 
i 145	 516 	 467 
i 517	 895 	 843 
i 805	 147 	 136 
i 67	 972 	 903 
i 125	 822 	 783 
i 668	 375 	 351 
i 800	 211 	 160 
i 943	 917 	 937 
i 338	 447 	 363 
i 354	 554 	 515 
i 810	 965 	 955 
i 693	 302 	 396 
i 733	 516 	 571 
i 702	 916 	 984 
i 503	 166 	 259 
i 800	 440 	 467 
i 914	 781 	 768 
i 821	 114 	 89 
i 200	 651 	 694 
i 699	 725 	 639 
i 659	 999 	 1075 
i 875	 513 	 527 
i 332	 487 	 448 
i 238	 289 	 191 
i 300	 149 	 151 
i 671	 120 	 82 
i 425	 685 	 630 
i 429	 183 	 92 
i 37	 520 	 469 
i 727	 269 	 358 
i 727	 332 	 353 
i 180	 227 	 223 
i 604	 738 	 801 
i 804	 122 	 32 
i 847	 131 	 101 
i 858	 588 	 492 
i 504	 867 	 856 
i 586	 180 	 255 
i 48	 224 	 306 
i 226	 446 	 473 
i 474	 400 	 373 
i 605	 940 	 949 
i 311	 481 	 411 
i 324	 316 	 406 
i 347	 363 	 423 
i 884	 677 	 709 
i 735	 697 	 629 
i 813	 207 	 257 
i 941	 986 	 1045 
i 319	 909 	 813 
i 644	 589 	 588 
i 578	 915 	 835 
i 994	 511 	 493 
i 226	 645 	 692 
i 510	 605 	 522 
i 148	 429 	 522 
i 807	 127 	 167 
i 915	 274 	 277 
i 900	 942 	 933 
i 799	 763 	 818 
i 337	 784 	 768 
i 241	 338 	 437 
i 692	 430 	 528 
i 294	 798 	 741 
i 850	 565 	 610 
i 209	 641 	 716 
i 227	 614 	 650 
i 411	 350 	 369 
i 346	 810 	 810 
i 80	 329 	 288 
i 837	 131 	 158 
i 94	 505 	 580 
i 453	 504 	 517 
i 227	 498 	 570 
i 738	 693 	 735 
i 335	 453 	 537 
i 900	 343 	 272 
i 171	 951 	 962 
i 957	 596 	 677 
i 204	 152 	 248 
i 226	 418 	 482 
i 670	 984 	 1067 
i 113	 875 	 848 
i 549	 492 	 510 
i 204	 370 	 336 
i 589	 115 	 148 
i 850	 935 	 948 
i 796	 178 	 225 
i 342	 675 	 713 
i 388	 591 	 670 
i 734	 577 	 501 
i 716	 419 	 477 
i 576	 344 	 425 
i 5	 670 	 661 
i 297	 310 	 341 
i 303	 605 	 554 
i 230	 308 	 227 
i 305	 812 	 890 
i 940	 578 	 525 
i 480	 306 	 330 
i 6	 215 	 186 
i 353	 325 	 239 
i 615	 142 	 172 
i 245	 948 	 979 
i 469	 463 	 553 
i 25	 160 	 111 
i 247	 380 	 376 
i 36	 468 	 525 
i 561	 374 	 419 
i 781	 584 	 526 
i 899	 250 	 193 
i 142	 569 	 582 
i 177	 635 	 571 
i 119	 324 	 309 
i 515	 907 	 986 
i 571	 865 	 949 
i 874	 203 	 136 
i 276	 633 	 573 
i 572	 447 	 499 
i 105	 206 	 215 
i 262	 393 	 381 
i 776	 585 	 602 
i 367	 202 	 254 
i 607	 365 	 441 
i 503	 745 	 724 
i 352	 653 	 746 
i 456	 583 	 651 
i 44	 732 	 655 
i 422	 912 	 950 
i 530	 702 	 761 
i 848	 298 	 209 
i 382	 693 	 759 
i 485	 326 	 266 
i 771	 115 	 176 
i 485	 898 	 860 
i 96	 362 	 394 
i 627	 333 	 256 
i 326	 192 	 124 
i 227	 297 	 313 
i 892	 910 	 832 
i 103	 728 	 820 
i 758	 778 	 746 
i 1	 630 	 695 
i 6	 808 	 827 
i 892	 637 	 553 
i 175	 913 	 849 
i 424	 613 	 674 
i 516	 718 	 644 
i 725	 862 	 833 
i 625	 492 	 442 
i 320	 593 	 564 
i 71	 559 	 481 
i 655	 864 	 786 
i 440	 712 	 636 
i 33	 356 	 258 
i 935	 431 	 368 
i 501	 591 	 613 
i 185	 420 	 345 
i 30	 538 	 608 
i 459	 858 	 853 
i 2	 193 	 252 
i 506	 508 	 581 
i 354	 610 	 614 
i 30	 711 	 803 
i 305	 818 	 916 
i 666	 829 	 914 
i 207	 994 	 980 
i 554	 649 	 671 
i 35	 761 	 789 
i 875	 630 	 550 
i 967	 164 	 85 
i 416	 872 	 894 
i 976	 754 	 846 
i 652	 329 	 427 
i 448	 296 	 255 
i 256	 291 	 384 
i 251	 229 	 163 
i 855	 611 	 656 
i 587	 269 	 321 
i 172	 842 	 869 
i 232	 934 	 954 
i 89	 138 	 41 
i 812	 681 	 780 
i 59	 650 	 679 
i 267	 645 	 564 
i 470	 911 	 881 
i 603	 880 	 900 
i 167	 143 	 134 
i 345	 789 	 698 
i 167	 576 	 519 
i 93	 253 	 243 
i 124	 790 	 797 
i 766	 807 	 777 
i 373	 804 	 785 
i 973	 492 	 527 
i 873	 579 	 508 
i 739	 893 	 942 
i 775	 541 	 624 
i 538	 950 	 901 
i 62	 991 	 976 
i 222	 297 	 300 
i 985	 697 	 725 
i 769	 287 	 268 
i 549	 600 	 656 
i 978	 964 	 1014 
i 506	 676 	 701 
i 387	 806 	 779 
i 871	 583 	 511 
i 815	 507 	 543 
i 806	 738 	 786 
i 16	 228 	 320 
i 675	 690 	 780 
i 874	 372 	 415 
i 425	 735 	 688 
i 385	 541 	 490 
i 21	 323 	 373 
i 803	 881 	 809 
i 334	 318 	 220 
i 780	 445 	 510 
i 486	 162 	 188 
i 618	 822 	 851 
i 270	 791 	 755 
i 564	 746 	 685 
i 267	 497 	 521 
i 751	 736 	 637 
i 989	 956 	 861 
i 856	 737 	 803 
i 91	 862 	 794 
i 467	 873 	 961 
i 525	 719 	 705 
i 326	 392 	 301 
i 91	 969 	 932 
i 806	 368 	 444 
i 241	 544 	 473 
i 944	 208 	 288 
i 895	 214 	 291 
i 601	 238 	 287 
i 446	 976 	 1043 
i 304	 233 	 193 
i 987	 184 	 249 
i 305	 566 	 496 
i 271	 609 	 558 
i 560	 893 	 803 
i 48	 788 	 746 
i 158	 920 	 867 
i 274	 832 	 758 
i 417	 734 	 780 
i 391	 508 	 443 
i 529	 364 	 360 
i 611	 634 	 628 
i 124	 483 	 538 
i 685	 620 	 529 
i 564	 839 	 860 
i 327	 884 	 914 
i 238	 255 	 317 
i 49	 465 	 381 
i 749	 582 	 582 
i 197	 344 	 422 
i 482	 502 	 486 
i 72	 931 	 837 
i 490	 460 	 391 
i 64	 260 	 328 
i 882	 301 	 281 
i 753	 839 	 885 
i 915	 531 	 624 
i 314	 363 	 266 
i 844	 438 	 491 
i 107	 883 	 975 
i 547	 788 	 777 
i 470	 273 	 276 
i 863	 302 	 203 
i 32	 440 	 354 
i 245	 298 	 388 
i 65	 658 	 699 
i 538	 419 	 443 
i 822	 392 	 479 
i 191	 407 	 462 
i 60	 200 	 277 
i 821	 167 	 153 
i 5	 564 	 644 
i 221	 134 	 187 
i 591	 140 	 199 
i 802	 203 	 111 
i 419	 161 	 82 
i 766	 788 	 817 
i 83	 452 	 445 
i 416	 394 	 425 
i 516	 198 	 241 
i 580	 985 	 992 
i 90	 480 	 488 
i 116	 394 	 446 
i 150	 185 	 156 
i 253	 894 	 825 
i 309	 931 	 946 
i 72	 137 	 105 
i 456	 711 	 696 
i 775	 238 	 306 
i 873	 823 	 794 
i 857	 572 	 659 
i 274	 163 	 68 
i 592	 647 	 575 
i 676	 438 	 396 
i 557	 754 	 763 
i 480	 895 	 965 
i 510	 520 	 605 
i 186	 825 	 801 
i 330	 315 	 246 
i 131	 175 	 81 
i 650	 493 	 570 
i 709	 438 	 370 
i 313	 463 	 513 
i 681	 590 	 575 
i 406	 851 	 948 
i 289	 447 	 440 
i 748	 318 	 413 
i 553	 252 	 184 
i 782	 592 	 590 
i 854	 732 	 756 
i 285	 759 	 713 
i 653	 659 	 755 
i 50	 803 	 762 
i 589	 584 	 679 
i 422	 965 	 941 
i 800	 954 	 988 
i 34	 479 	 462 
i 194	 459 	 553 
i 735	 604 	 654 
i 434	 153 	 174 
i 164	 707 	 785 
i 781	 950 	 959 
i 560	 935 	 954 
i 92	 309 	 246 
i 54	 288 	 309 
i 3	 627 	 608 
i 417	 334 	 322 
i 809	 706 	 732 
i 365	 681 	 655 
i 412	 462 	 522 
i 84	 114 	 207 
i 29	 909 	 958 
i 955	 506 	 467 
i 179	 146 	 126 
i 378	 311 	 301 
i 958	 851 	 842 
i 210	 324 	 398 
i 880	 716 	 752 
i 522	 392 	 301 
i 917	 721 	 713 
i 921	 547 	 555 
i 819	 519 	 533 
i 264	 296 	 301 
i 305	 571 	 612 
i 530	 928 	 844 
i 363	 443 	 351 
i 603	 850 	 800 
i 284	 738 	 664 
i 601	 456 	 486 
i 288	 499 	 513 
i 778	 908 	 906 
i 239	 502 	 464 
i 447	 122 	 137 
i 965	 591 	 667 
i 885	 330 	 312 
i 260	 405 	 459 
i 91	 443 	 418 
i 796	 667 	 699 
i 186	 786 	 738 
i 622	 478 	 487 
i 519	 987 	 952 
i 959	 537 	 550 
i 972	 815 	 717 
i 513	 439 	 534 
i 759	 334 	 406 
i 91	 701 	 625 
i 464	 500 	 442 
i 91	 835 	 737 
i 850	 534 	 473 
i 264	 766 	 829 
i 250	 365 	 332 
i 729	 657 	 616 
i 522	 271 	 224 
i 891	 283 	 339 
i 144	 264 	 272 
i 807	 143 	 169 
i 246	 253 	 172 
i 61	 443 	 380 
i 536	 453 	 360 
i 274	 627 	 587 
i 561	 465 	 475 
i 176	 765 	 720 
i 356	 139 	 199 
i 550	 378 	 416 
i 723	 184 	 251 
i 759	 665 	 693 
i 919	 338 	 415 
i 294	 423 	 513 
i 678	 589 	 586 
i 260	 621 	 673 
i 658	 889 	 853 
i 394	 489 	 488 
i 426	 737 	 807 
i 727	 561 	 541 
i 810	 288 	 212 
i 434	 143 	 219 
i 689	 716 	 776 
i 41	 618 	 537 
i 579	 574 	 629 
i 154	 117 	 24 
i 30	 793 	 831 
i 455	 189 	 106 
i 160	 630 	 632 
i 666	 499 	 447 
i 866	 856 	 766 
i 903	 966 	 963 
i 584	 863 	 798 
i 155	 689 	 632 
i 676	 775 	 833 
i 683	 576 	 665 
i 451	 607 	 702 
i 539	 335 	 321 
i 124	 413 	 431 
i 560	 870 	 821 
i 398	 196 	 120 
i 361	 242 	 147 
i 208	 674 	 696 
i 857	 829 	 882 
i 605	 132 	 120 
i 129	 839 	 764 
i 688	 793 	 808 
i 940	 773 	 696 
i 281	 268 	 215 
i 136	 794 	 853 
i 232	 135 	 74 
i 380	 246 	 257 
i 14	 271 	 324 
i 822	 815 	 839 
i 846	 608 	 553 
i 666	 113 	 84 
i 434	 225 	 134 
i 179	 737 	 834 
i 356	 840 	 793 
i 126	 164 	 144 
i 153	 875 	 901 
i 306	 162 	 64 
i 486	 658 	 563 
i 278	 451 	 520 
i 837	 116 	 155 
i 839	 320 	 292 
i 968	 639 	 698 
i 673	 680 	 774 
i 494	 668 	 633 
i 554	 906 	 897 
i 414	 375 	 396 
i 472	 939 	 1021 
i 89	 951 	 930 
i 471	 976 	 1011 
i 478	 842 	 845 
i 714	 572 	 542 
i 308	 893 	 857 
i 948	 711 	 810 
i 576	 688 	 686 
i 470	 981 	 889 
i 767	 497 	 488 
i 699	 149 	 235 
i 645	 961 	 864 
i 618	 427 	 425 
i 441	 141 	 234 
i 959	 599 	 635 
i 840	 914 	 1012 
i 516	 313 	 400 
i 166	 309 	 312 
i 146	 745 	 842 
i 580	 785 	 835 
i 623	 304 	 294 
i 580	 243 	 162 
i 936	 261 	 303 
i 970	 697 	 627 
i 520	 669 	 591 
i 424	 387 	 477 
i 651	 378 	 371 
i 875	 325 	 352 
i 589	 783 	 839 
i 348	 769 	 741 
i 566	 549 	 645 
i 715	 951 	 963 
i 884	 147 	 147 
i 543	 781 	 775 
i 172	 919 	 1017 
i 482	 131 	 113 
i 783	 979 	 892 
i 25	 507 	 595 
i 780	 183 	 189 
i 522	 877 	 952 
i 16	 309 	 297 
i 960	 295 	 226 
i 2	 796 	 704 
i 756	 352 	 369 
i 665	 771 	 822 
i 688	 762 	 710 
i 665	 242 	 146 
i 112	 301 	 210 
i 193	 249 	 315 
i 56	 721 	 691 
i 278	 614 	 587 
i 485	 120 	 85 
i 257	 262 	 227 
i 528	 300 	 217 
i 271	 822 	 872 
i 4	 608 	 595 
i 152	 822 	 742 
i 367	 844 	 787 
i 523	 888 	 869 
i 210	 737 	 729 
i 776	 161 	 209 
i 786	 487 	 432 
i 956	 779 	 775 
i 170	 183 	 85 
i 970	 259 	 215 
i 530	 927 	 884 
i 330	 429 	 416 
i 155	 522 	 582 
i 29	 715 	 680 
i 733	 190 	 197 
i 789	 603 	 565 
i 213	 374 	 293 
i 965	 577 	 488 
i 47	 118 	 63 
i 214	 129 	 68 
i 133	 381 	 426 
i 491	 635 	 546 
i 953	 136 	 77 
i 633	 852 	 799 
i 722	 254 	 348 
i 276	 732 	 784 
i 573	 122 	 216 
i 98	 211 	 298 
i 107	 261 	 358 
i 128	 462 	 401 
i 431	 636 	 602 
i 22	 392 	 456 
i 50	 442 	 497 
i 883	 628 	 609 
i 46	 840 	 766 
i 744	 815 	 796 
i 757	 602 	 698 
i 870	 578 	 493 
i 40	 524 	 460 
i 434	 511 	 473 
i 26	 688 	 736 
i 342	 983 	 1035 
i 715	 825 	 887 
i 297	 626 	 665 
i 118	 990 	 1038 
i 910	 218 	 215 
i 463	 580 	 528 
i 989	 563 	 485 
i 454	 632 	 562 
i 904	 796 	 813 
i 554	 183 	 205 
i 536	 843 	 934 
i 340	 633 	 667 
i 919	 467 	 560 
i 908	 198 	 115 
i 30	 858 	 957 
i 558	 402 	 393 
i 68	 619 	 608 
i 654	 721 	 801 
i 425	 858 	 919 
i 506	 492 	 464 
i 331	 148 	 227 
i 918	 998 	 945 
i 319	 705 	 636 
i 418	 676 	 589 
i 259	 752 	 671 
i 587	 748 	 778 
i 159	 267 	 311 
i 845	 665 	 640 
i 686	 579 	 638 
i 116	 407 	 368 
i 158	 729 	 756 
i 156	 638 	 648 
i 823	 849 	 923 
i 459	 989 	 947 
i 181	 158 	 168 
i 898	 243 	 170 
i 75	 825 	 784 
i 698	 577 	 505 
i 225	 910 	 975 
i 559	 732 	 820 
i 255	 115 	 35 
i 847	 681 	 632 
i 678	 285 	 200 
i 666	 173 	 180 
i 719	 432 	 475 
i 869	 922 	 945 
i 672	 155 	 193 
i 197	 418 	 396 
i 96	 544 	 567 
i 795	 391 	 325 
i 800	 340 	 325 
i 442	 430 	 385 
i 639	 658 	 749 
i 709	 729 	 753 
i 72	 319 	 287 
i 983	 959 	 900 
i 34	 619 	 695 
i 379	 346 	 261 
i 866	 693 	 627 
i 182	 351 	 444 
i 440	 506 	 559 
i 799	 887 	 829 
i 415	 244 	 314 
i 111	 204 	 215 
i 345	 756 	 782 
i 300	 170 	 193 
i 872	 356 	 385 
i 137	 251 	 156 
i 791	 321 	 399 
i 62	 476 	 390 
i 506	 448 	 450 
i 380	 243 	 205 
i 530	 432 	 477 
i 636	 299 	 366 
i 363	 796 	 732 
i 430	 469 	 465 
i 706	 126 	 97 
i 864	 703 	 701 
i 102	 728 	 684 
i 512	 633 	 602 
i 891	 700 	 770 
i 42	 269 	 215 
i 403	 548 	 600 
i 614	 307 	 286 
i 386	 165 	 217 
i 789	 329 	 267 
i 807	 760 	 839 
i 473	 188 	 240 
i 168	 626 	 698 
i 755	 878 	 852 
i 419	 296 	 249 
i 596	 164 	 125 
i 89	 370 	 412 
i 310	 158 	 122 
i 371	 512 	 554 
i 617	 300 	 299 
i 348	 469 	 430 
i 434	 377 	 433 
i 14	 165 	 254 
i 876	 931 	 971 
i 86	 375 	 299 
i 146	 612 	 655 
i 437	 885 	 946 
i 491	 628 	 551 
i 943	 917 	 914 
i 156	 660 	 581 
i 559	 215 	 205 
i 858	 488 	 565 
i 919	 292 	 372 
i 842	 246 	 301 
i 141	 872 	 944 
i 704	 981 	 882 
i 576	 731 	 719 
i 158	 559 	 646 
i 65	 664 	 739 
i 682	 209 	 115 
i 800	 302 	 320 
i 225	 705 	 695 
i 429	 604 	 578 
i 582	 515 	 457 
i 438	 317 	 287 
i 417	 194 	 105 
i 115	 201 	 227 
i 619	 596 	 654 
i 242	 539 	 610 
i 352	 431 	 438 
i 568	 461 	 428 
i 237	 989 	 1001 
i 791	 501 	 599 
i 247	 831 	 845 
i 478	 132 	 34 
i 572	 447 	 432 
i 673	 499 	 507 
i 219	 174 	 106 
i 700	 879 	 860 
i 61	 752 	 803 
i 455	 342 	 307 
i 443	 644 	 656 
i 882	 256 	 226 
i 692	 250 	 269 
i 716	 761 	 676 
i 95	 772 	 801 
i 532	 265 	 229 
i 603	 749 	 757 
i 467	 894 	 842 
i 189	 365 	 325 
i 449	 149 	 200 
i 49	 438 	 378 
i 213	 937 	 853 
i 369	 362 	 417 
i 101	 894 	 892 
i 844	 963 	 980 
i 19	 651 	 574 
i 736	 938 	 982 
i 617	 531 	 468 
i 903	 746 	 721 
i 946	 127 	 192 
i 316	 802 	 877 
i 246	 981 	 898 
i 529	 167 	 158 
i 411	 857 	 868 
i 370	 407 	 387 
i 977	 929 	 913 
i 908	 146 	 77 
i 382	 789 	 843 
i 97	 958 	 993 
i 116	 405 	 429 
i 892	 251 	 338 
i 871	 141 	 78 
i 934	 220 	 262 
i 774	 626 	 550 
i 108	 233 	 231 
i 29	 591 	 585 
i 70	 965 	 941 
i 832	 215 	 267 
i 785	 903 	 974 
i 117	 616 	 710 
i 275	 281 	 354 
i 309	 228 	 275 
i 432	 392 	 426 
i 12	 138 	 127 
i 151	 248 	 259 
i 691	 687 	 703 
i 652	 217 	 247 
i 770	 555 	 552 
i 662	 344 	 298 
i 231	 218 	 195 
i 423	 195 	 227 
i 555	 965 	 1059 
i 871	 733 	 713 
i 902	 442 	 424 
i 57	 840 	 852 
i 705	 445 	 396 
i 825	 964 	 1045 
i 326	 656 	 691 
i 587	 199 	 167 
i 708	 440 	 454 
i 803	 784 	 883 
i 764	 484 	 493 
i 464	 459 	 443 
i 837	 817 	 781 
i 658	 297 	 273 
i 35	 799 	 716 
i 994	 137 	 219 
i 608	 945 	 892 
i 708	 659 	 723 
i 79	 963 	 969 
i 836	 582 	 549 
i 257	 578 	 497 
i 649	 178 	 190 
i 443	 552 	 532 
i 652	 840 	 751 
i 427	 289 	 207 
i 457	 365 	 282 
i 395	 285 	 324 
i 13	 494 	 474 
i 971	 337 	 333 
i 502	 810 	 774 
i 28	 219 	 234 
i 104	 307 	 252 
i 601	 809 	 842 
i 421	 277 	 241 
i 622	 329 	 378 
i 907	 412 	 353 
i 104	 491 	 511 
i 535	 221 	 243 
i 790	 581 	 597 
i 577	 122 	 39 
i 699	 406 	 329 
i 920	 920 	 863 
i 706	 232 	 295 
i 892	 827 	 775 
i 139	 225 	 297 
i 479	 891 	 944 
i 906	 185 	 259 
i 31	 719 	 700 
i 559	 376 	 315 
i 572	 896 	 951 
i 904	 973 	 967 
i 815	 186 	 164 
i 951	 381 	 301 
i 758	 221 	 319 
i 886	 435 	 361 
i 764	 313 	 335 
i 847	 997 	 1000 
i 532	 885 	 894 
i 830	 359 	 280 
i 714	 536 	 571 
i 684	 337 	 353 
i 769	 759 	 738 
i 74	 221 	 191 
i 198	 310 	 231 
i 562	 304 	 402 
i 789	 422 	 473 
i 787	 965 	 986 
i 657	 536 	 463 
i 937	 133 	 226 
i 415	 229 	 265 
i 670	 832 	 805 
i 399	 462 	 389 
i 523	 817 	 759 
i 747	 240 	 221 
i 965	 336 	 430 
i 316	 332 	 384 
i 277	 118 	 127 
i 754	 657 	 598 
i 780	 781 	 709 
i 913	 754 	 765 
i 725	 473 	 418 
i 121	 800 	 825 
i 915	 922 	 851 
i 62	 221 	 300 
i 316	 585 	 657 
i 564	 560 	 495 
i 573	 348 	 338 
i 188	 836 	 777 
i 941	 130 	 227 
i 666	 257 	 337 
i 74	 754 	 779 
i 849	 957 	 1006 
i 762	 625 	 657 
i 887	 758 	 803 
i 421	 667 	 575 
i 926	 545 	 566 
i 194	 703 	 638 
i 10	 218 	 191 
i 32	 404 	 365 
i 197	 395 	 489 
i 920	 309 	 218 
i 872	 867 	 946 
i 451	 643 	 674 
i 180	 345 	 354 
i 805	 990 	 1083 
i 294	 138 	 216 
i 960	 676 	 593 
i 82	 835 	 754 
i 412	 271 	 196 
i 731	 545 	 510 
i 954	 522 	 471 
i 805	 564 	 487 
i 404	 472 	 486 
i 668	 169 	 219 
i 657	 654 	 665 
i 687	 625 	 695 
i 324	 530 	 592 
i 139	 608 	 686 
i 320	 694 	 654 
i 809	 809 	 715 
i 272	 211 	 308 
i 782	 431 	 489 
i 190	 537 	 476 
i 256	 155 	 228 
i 867	 823 	 827 
i 445	 428 	 370 
i 916	 295 	 301 
i 476	 126 	 160 
i 133	 919 	 1017 
i 918	 300 	 360 
i 32	 331 	 245 
i 392	 321 	 392 
i 871	 138 	 47 
i 922	 314 	 274 
i 723	 195 	 128 
i 81	 660 	 682 
i 288	 847 	 853 
i 306	 433 	 334 
i 216	 143 	 70 
i 429	 137 	 48 
i 676	 850 	 768 
i 913	 917 	 913 
i 943	 790 	 760 
i 173	 832 	 787 
i 268	 212 	 311 
i 885	 362 	 277 
i 714	 909 	 882 
i 77	 492 	 526 
i 114	 499 	 576 
i 143	 623 	 586 
i 975	 675 	 773 
i 882	 756 	 837 
i 647	 295 	 365 
i 458	 610 	 514 
i 572	 855 	 813 
i 855	 853 	 788 
i 753	 924 	 1002 
i 183	 362 	 455 
i 619	 961 	 877 
i 197	 863 	 807 
i 831	 257 	 196 
i 557	 252 	 168 
i 765	 170 	 215 
i 327	 927 	 864 
i 164	 949 	 1000 
i 999	 319 	 341 
i 914	 476 	 449 
i 197	 379 	 389 
i 154	 350 	 284 
i 1	 422 	 395 
i 165	 621 	 560 
i 324	 797 	 848 
i 391	 870 	 874 
i 310	 628 	 697 
i 253	 793 	 695 
i 487	 579 	 481 
i 898	 236 	 321 
i 201	 563 	 487 
i 470	 164 	 119 
i 820	 316 	 271 
i 395	 642 	 630 
i 168	 818 	 871 
i 22	 601 	 532 
i 603	 176 	 169 
i 371	 930 	 973 
i 898	 941 	 882 
i 40	 951 	 871 
i 549	 885 	 846 
i 609	 994 	 1049 
i 840	 352 	 371 
i 438	 598 	 696 
i 235	 990 	 921 
i 786	 782 	 717 
i 860	 922 	 978 
i 782	 448 	 378 
i 716	 199 	 109 
i 661	 382 	 300 
i 532	 475 	 502 
i 527	 746 	 695 
i 798	 546 	 463 
i 346	 187 	 192 
i 336	 179 	 231 
i 92	 319 	 328 
i 5	 478 	 459 
i 384	 284 	 222 
i 483	 420 	 501 
i 788	 465 	 478 
i 198	 545 	 464 
i 913	 225 	 250 
i 403	 446 	 430 
i 490	 524 	 578 
i 566	 993 	 914 
i 801	 780 	 719 
i 214	 378 	 318 
i 409	 741 	 758 
i 756	 910 	 823 
i 156	 827 	 898 
i 645	 442 	 352 
i 773	 531 	 624 
i 150	 198 	 172 
i 616	 576 	 648 
i 608	 372 	 357 
i 362	 466 	 411 
i 663	 642 	 630 
i 372	 821 	 891 
i 272	 452 	 473 
i 78	 513 	 565 
i 450	 385 	 366 
i 922	 433 	 369 
i 22	 404 	 370 
i 544	 734 	 823 
i 838	 610 	 620 
i 238	 989 	 1072 
i 835	 302 	 317 
i 634	 695 	 785 
i 19	 562 	 506 
i 471	 212 	 171 
i 779	 890 	 939 
i 143	 363 	 397 
i 473	 523 	 561 
i 174	 817 	 764 
i 735	 769 	 684 
i 723	 372 	 334 
i 939	 297 	 226 
i 596	 812 	 868 
i 105	 768 	 828 
i 219	 966 	 920 
i 96	 343 	 253 
i 380	 120 	 58 
i 843	 718 	 751 
i 638	 445 	 513 
i 378	 656 	 671 
i 673	 723 	 683 
i 883	 113 	 61 
i 672	 245 	 312 
i 412	 942 	 1030 
i 374	 765 	 696 
i 635	 118 	 69 
i 646	 164 	 190 
i 329	 337 	 332 
i 705	 931 	 854 
i 318	 790 	 788 
i 8	 414 	 347 
i 11	 682 	 592 
i 163	 896 	 940 
i 98	 751 	 677 
i 833	 698 	 699 
i 842	 840 	 768 
i 902	 178 	 235 
i 158	 742 	 665 
i 80	 279 	 343 
i 844	 382 	 309 
i 186	 822 	 751 
i 828	 970 	 901 
i 711	 126 	 90 
i 432	 768 	 751 
i 93	 887 	 837 
i 913	 449 	 367 
i 989	 576 	 675 
i 700	 387 	 317 
i 889	 491 	 437 
i 195	 333 	 248 
i 994	 457 	 409 
i 962	 588 	 506 
i 979	 729 	 789 
i 720	 125 	 71 
i 594	 496 	 461 
i 974	 720 	 668 
i 498	 803 	 748 
i 810	 799 	 885 
i 238	 935 	 999 
i 488	 253 	 156 
i 878	 321 	 223 
i 416	 555 	 649 
i 112	 636 	 726 
i 128	 460 	 494 
i 562	 669 	 622 
i 247	 959 	 907 
i 26	 284 	 331 
i 799	 488 	 497 
i 727	 426 	 483 
i 887	 267 	 222 
i 125	 280 	 210 
i 624	 290 	 303 
i 216	 265 	 301 
i 609	 222 	 283 
i 237	 820 	 793 
i 192	 167 	 190 
i 386	 381 	 409 
i 811	 149 	 137 
i 167	 636 	 569 
i 342	 447 	 358 
i 533	 692 	 628 
i 734	 828 	 889 
i 908	 445 	 349 
i 35	 161 	 187 
i 832	 880 	 953 
i 895	 320 	 231 
i 200	 868 	 857 
i 243	 550 	 501 
i 834	 943 	 927 
i 213	 204 	 256 
i 866	 254 	 213 
i 674	 415 	 321 
i 51	 242 	 330 
i 108	 261 	 355 
i 972	 821 	 882 
i 208	 703 	 743 
i 61	 756 	 836 
i 555	 262 	 190 
i 491	 490 	 585 
i 596	 865 	 803 
i 758	 656 	 567 
i 101	 920 	 966 
i 249	 948 	 1004 
i 418	 895 	 972 
i 217	 872 	 944 
i 883	 700 	 614 
i 609	 435 	 361 
i 779	 348 	 385 
i 207	 476 	 411 
i 56	 457 	 511 
i 669	 628 	 634 
i 579	 680 	 706 
i 521	 441 	 517 
i 404	 248 	 207 
i 260	 150 	 153 
i 922	 916 	 895 
i 288	 979 	 880 
i 555	 206 	 263 
i 966	 816 	 914 
i 357	 973 	 882 
i 938	 771 	 814 
i 578	 355 	 314 
i 950	 917 	 980 
i 105	 811 	 755 
i 149	 187 	 183 
i 56	 645 	 625 
i 33	 999 	 1037 
i 141	 117 	 66 
i 933	 817 	 759 
i 903	 811 	 825 
i 647	 855 	 856 
i 922	 604 	 521 
i 829	 868 	 775 
i 617	 707 	 635 
i 703	 904 	 862 
i 305	 443 	 412 
i 305	 802 	 778 
i 312	 529 	 533 
i 107	 749 	 739 
i 895	 939 	 910 
i 732	 557 	 457 
i 288	 121 	 206 
i 140	 199 	 250 
i 810	 232 	 206 
i 702	 360 	 275 
i 77	 620 	 596 
i 854	 929 	 966 
i 325	 378 	 477 
i 44	 840 	 761 
i 975	 355 	 255 
i 478	 673 	 719 
i 490	 677 	 580 
i 589	 612 	 543 
i 726	 394 	 487 
i 7	 726 	 760 
i 579	 794 	 843 
i 500	 244 	 264 
i 800	 854 	 939 
i 621	 852 	 946 
i 896	 946 	 1035 
i 528	 946 	 931 
i 166	 708 	 791 
i 729	 725 	 725 
i 49	 867 	 813 
i 741	 840 	 787 
i 509	 548 	 611 
i 659	 323 	 286 
i 495	 859 	 782 
i 330	 794 	 841 
i 270	 768 	 794 
i 209	 721 	 653 
i 880	 210 	 175 
i 572	 134 	 45 
i 423	 583 	 504 
i 243	 788 	 857 
i 735	 999 	 970 
i 974	 836 	 739 
i 815	 228 	 230 
i 585	 332 	 400 
i 325	 988 	 910 
i 12	 663 	 626 
i 123	 808 	 748 
i 150	 211 	 265 
i 681	 261 	 200 
i 443	 355 	 342 
i 442	 219 	 153 
i 258	 535 	 464 
i 390	 549 	 641 
i 639	 114 	 123 
i 626	 861 	 935 
i 248	 959 	 1035 
i 32	 354 	 255 
i 145	 532 	 463 
i 314	 329 	 396 
i 589	 503 	 459 
i 711	 893 	 937 
i 189	 158 	 254 
i 682	 289 	 263 
i 685	 257 	 158 
i 530	 744 	 771 
i 485	 631 	 707 
i 758	 527 	 609 
i 232	 534 	 445 
i 478	 673 	 647 
i 920	 530 	 622 
i 800	 780 	 814 
i 853	 534 	 606 
i 55	 517 	 525 
i 220	 847 	 792 
i 931	 855 	 906 
i 517	 531 	 479 
i 985	 427 	 327 
i 462	 351 	 297 
i 95	 403 	 445 
i 566	 735 	 761 
i 319	 701 	 687 
i 795	 410 	 367 
i 253	 288 	 256 
i 81	 771 	 783 
i 918	 975 	 973 
i 392	 761 	 662 
i 747	 977 	 1076 
i 18	 979 	 970 
i 347	 299 	 309 
i 50	 932 	 855 
i 713	 606 	 593 
i 51	 991 	 937 
i 250	 357 	 353 
i 992	 661 	 674 
i 965	 270 	 266 
i 696	 708 	 783 
i 671	 717 	 741 
i 649	 713 	 741 
i 860	 230 	 327 
i 785	 721 	 628 
i 342	 826 	 876 
i 333	 325 	 385 
i 610	 532 	 442 
i 229	 963 	 871 
i 408	 576 	 477 
i 81	 117 	 157 
i 763	 895 	 870 
i 440	 560 	 464 
i 575	 240 	 317 
i 261	 229 	 263 
i 66	 261 	 163 
i 308	 928 	 897 
i 781	 751 	 841 
i 740	 796 	 732 
i 264	 835 	 853 
i 272	 842 	 876 
i 155	 580 	 567 
i 659	 914 	 989 
i 805	 936 	 926 
i 938	 834 	 876 
i 108	 541 	 596 
i 28	 552 	 468 
i 747	 859 	 932 
i 519	 819 	 840 
i 333	 982 	 1056 
i 156	 619 	 547 
i 683	 328 	 287 
i 587	 715 	 806 
i 516	 604 	 656 
i 330	 115 	 154 
i 813	 747 	 808 
i 311	 549 	 615 
i 153	 625 	 641 
i 949	 506 	 426 
i 929	 157 	 143 
i 502	 931 	 948 
i 746	 169 	 123 
i 426	 433 	 505 
i 981	 395 	 370 
i 986	 183 	 224 
i 703	 805 	 808 
i 197	 634 	 700 
i 775	 487 	 583 
i 221	 115 	 201 
i 273	 205 	 277 
i 196	 591 	 563 
i 262	 226 	 148 
i 625	 469 	 476 
i 945	 345 	 348 
i 27	 680 	 680 
i 808	 419 	 360 
i 397	 881 	 861 
i 820	 730 	 665 
i 825	 715 	 695 
i 932	 655 	 689 
i 472	 532 	 605 
i 602	 856 	 782 
i 6	 954 	 1005 
i 270	 543 	 583 
i 911	 114 	 159 
i 258	 563 	 570 
i 125	 747 	 833 
i 822	 218 	 268 
i 502	 378 	 394 
i 115	 734 	 736 
i 589	 443 	 539 
i 428	 327 	 344 
i 377	 444 	 462 
i 863	 227 	 299 
i 867	 851 	 905 
i 376	 610 	 516 
i 93	 198 	 129 
i 214	 139 	 234 
i 514	 810 	 806 
i 215	 437 	 456 
i 589	 892 	 829 
i 832	 878 	 900 
i 208	 511 	 609 
i 339	 149 	 219 
i 172	 916 	 960 
i 733	 715 	 634 
i 831	 744 	 682 
i 863	 883 	 863 
i 650	 865 	 948 
i 18	 404 	 330 
i 896	 934 	 978 
i 759	 210 	 220 
i 210	 756 	 808 
i 253	 748 	 668 
i 159	 619 	 573 
i 839	 372 	 273 
i 552	 459 	 526 
i 422	 629 	 669 
i 270	 989 	 959 
i 600	 916 	 889 
i 527	 146 	 98 
i 638	 788 	 692 
i 365	 392 	 338 
i 82	 181 	 178 
i 653	 270 	 298 
i 947	 512 	 508 
i 339	 517 	 424 
i 922	 371 	 362 
i 911	 994 	 1039 
i 817	 417 	 382 
i 857	 744 	 814 
i 619	 978 	 976 
i 935	 999 	 1070 
i 15	 317 	 404 
i 194	 749 	 767 
i 645	 433 	 440 
i 103	 863 	 938 
i 396	 895 	 955 
i 390	 413 	 455 
i 734	 171 	 176 
i 446	 463 	 440 
i 422	 333 	 234 
i 421	 772 	 860 
i 653	 645 	 736 
i 372	 591 	 520 
i 734	 228 	 286 
i 581	 707 	 786 
i 464	 599 	 557 
i 804	 423 	 459 
i 872	 167 	 150 
i 269	 637 	 709 
i 519	 981 	 937 
i 263	 986 	 1027 
i 864	 933 	 904 
i 404	 894 	 940 
i 536	 137 	 129 
i 208	 843 	 752 
i 757	 752 	 753 
i 109	 123 	 85 
i 172	 730 	 667 
i 764	 210 	 201 
i 743	 977 	 1071 
i 728	 340 	 287 
i 654	 967 	 887 
i 535	 397 	 398 
i 564	 157 	 65 
i 389	 571 	 520 
i 111	 611 	 512 
i 125	 176 	 99 
i 820	 455 	 412 
i 933	 621 	 531 
i 907	 137 	 195 
i 166	 115 	 119 
i 129	 327 	 262 
i 451	 417 	 459 
i 504	 867 	 822 
i 22	 904 	 936 
i 585	 237 	 291 
i 659	 243 	 322 
i 47	 345 	 388 
i 621	 600 	 630 
i 651	 645 	 656 
i 656	 462 	 507 
i 899	 926 	 996 
i 245	 194 	 155 
i 96	 826 	 887 
i 988	 183 	 249 
i 131	 773 	 756 
i 280	 573 	 488 
i 544	 483 	 407 
i 95	 234 	 282 
i 696	 814 	 792 
i 92	 423 	 333 
i 10	 179 	 269 
i 104	 938 	 877 
i 908	 321 	 279 
i 989	 152 	 107 
i 735	 892 	 873 
i 256	 373 	 410 
i 675	 441 	 387 
i 813	 549 	 514 
i 605	 321 	 225 
i 956	 671 	 594 
i 33	 717 	 642 
i 964	 673 	 618 
i 201	 846 	 773 
i 248	 216 	 141 
i 127	 464 	 536 
i 422	 828 	 751 
i 793	 552 	 610 
i 287	 760 	 781 
i 523	 164 	 106 
i 154	 186 	 119 
i 835	 289 	 229 
i 468	 401 	 334 
i 296	 604 	 577 
i 414	 727 	 749 
i 810	 840 	 887 
i 618	 717 	 649 
i 115	 822 	 912 
i 845	 639 	 587 
i 905	 289 	 341 
i 990	 477 	 560 
i 191	 627 	 677 
i 518	 806 	 750 
i 74	 952 	 955 
i 766	 389 	 475 
i 586	 934 	 982 
i 269	 703 	 675 
i 70	 846 	 840 
i 664	 806 	 770 
i 864	 132 	 77 
i 278	 811 	 754 
i 858	 739 	 720 
i 640	 521 	 605 
i 587	 719 	 818 
i 900	 290 	 342 
i 827	 229 	 199 
i 493	 889 	 912 
i 321	 320 	 358 
i 104	 743 	 713 
i 127	 138 	 81 
i 915	 339 	 338 
i 622	 530 	 500 
i 85	 892 	 991 
i 768	 825 	 841 
i 970	 823 	 819 
i 104	 614 	 576 
i 979	 925 	 985 
i 216	 588 	 512 
i 926	 312 	 257 
i 958	 627 	 597 
i 215	 821 	 774 
i 687	 374 	 452 
i 566	 689 	 784 
i 370	 685 	 733 
i 172	 314 	 356 
i 738	 744 	 807 
i 654	 130 	 189 
i 192	 844 	 746 
i 418	 954 	 1042 
i 998	 267 	 346 
i 798	 582 	 504 
i 95	 821 	 881 
i 745	 726 	 699 
i 391	 704 	 751 
i 620	 477 	 558 
i 332	 223 	 252 
i 354	 951 	 911 
i 180	 771 	 769 
i 129	 783 	 865 
i 305	 730 	 811 
i 835	 640 	 681 
i 634	 740 	 800 
i 327	 563 	 572 
i 994	 889 	 976 
i 407	 655 	 666 
i 534	 574 	 651 
i 479	 259 	 207 
i 222	 527 	 511 
i 978	 965 	 975 
i 675	 885 	 956 
i 271	 804 	 842 
i 978	 544 	 509 
i 487	 368 	 398 
i 363	 854 	 883 
i 975	 798 	 708 
i 496	 404 	 421 
i 663	 306 	 219 
i 132	 523 	 480 
i 93	 899 	 852 
i 963	 500 	 588 
i 744	 372 	 314 
i 232	 987 	 925 
i 521	 388 	 423 
i 357	 967 	 875 
i 131	 653 	 556 
i 461	 701 	 703 
i 681	 335 	 269 
i 145	 394 	 355 
i 32	 650 	 629 
i 469	 887 	 859 
i 764	 834 	 755 
i 750	 134 	 101 
i 62	 303 	 375 
i 26	 905 	 848 
i 636	 941 	 910 
i 301	 955 	 1016 
i 553	 521 	 518 
i 871	 676 	 702 
i 478	 948 	 981 
i 351	 414 	 340 
i 166	 737 	 816 
i 192	 832 	 861 
i 408	 245 	 287 
i 302	 120 	 167 
i 237	 314 	 288 
i 187	 623 	 657 
i 648	 453 	 398 
i 284	 888 	 807 
i 227	 563 	 578 
i 568	 265 	 350 
i 273	 385 	 303 
i 85	 294 	 250 
i 236	 871 	 909 
i 247	 613 	 711 
i 475	 378 	 323 
i 52	 709 	 692 
i 436	 419 	 331 
i 311	 620 	 589 
i 818	 706 	 720 
i 992	 329 	 257 
i 301	 264 	 247 
i 508	 346 	 345 
i 363	 598 	 645 
i 928	 324 	 420 
i 230	 318 	 309 
i 903	 522 	 523 
i 250	 892 	 980 
i 822	 949 	 899 
i 493	 370 	 284 
i 738	 880 	 793 
i 911	 118 	 91 
i 176	 487 	 561 
i 724	 931 	 878 
i 964	 696 	 629 
i 198	 680 	 659 
i 660	 197 	 156 
i 539	 649 	 658 
i 483	 599 	 573 
i 774	 826 	 898 
i 640	 891 	 911 
i 648	 949 	 951 
i 72	 386 	 423 
i 994	 274 	 256 
i 653	 485 	 460 
i 293	 632 	 646 
i 390	 983 	 929 
i 995	 359 	 413 
i 546	 847 	 798 
i 350	 287 	 193 
i 228	 165 	 199 
i 172	 700 	 663 
i 482	 267 	 245 
i 666	 879 	 856 
i 88	 356 	 263 
i 674	 691 	 657 
i 655	 312 	 356 
i 935	 521 	 564 
i 763	 320 	 272 
i 962	 548 	 570 
i 24	 575 	 643 
i 687	 283 	 185 
i 862	 567 	 565 
i 726	 914 	 845 
i 3	 367 	 316 
i 656	 401 	 485 
i 883	 695 	 710 
i 345	 447 	 449 
i 580	 196 	 150 
i 72	 430 	 377 
i 594	 974 	 926 
i 788	 832 	 921 
i 302	 843 	 904 
i 205	 393 	 400 
i 494	 534 	 541 
i 820	 754 	 692 
i 478	 683 	 598 
i 856	 306 	 290 
i 952	 760 	 660 
i 312	 115 	 29 
i 283	 326 	 359 
i 96	 558 	 549 
i 919	 511 	 562 
i 237	 342 	 434 
i 713	 819 	 810 
i 437	 409 	 364 
i 81	 581 	 631 
i 300	 650 	 672 
i 31	 137 	 149 
i 37	 138 	 213 
i 279	 204 	 135 
i 782	 798 	 748 
i 234	 315 	 249 
i 494	 989 	 970 
i 291	 956 	 880 
i 626	 473 	 484 
i 156	 719 	 746 
i 763	 501 	 588 
i 792	 155 	 249 
i 824	 656 	 557 
i 929	 545 	 502 
i 702	 685 	 598 
i 932	 911 	 871 
i 919	 175 	 234 
i 870	 538 	 455 
i 278	 647 	 689 
i 961	 256 	 329 
i 401	 825 	 851 
i 450	 771 	 755 
i 64	 745 	 694 
i 552	 751 	 686 
i 199	 115 	 190 
i 99	 176 	 238 
i 172	 443 	 489 
i 653	 261 	 281 
i 257	 337 	 412 
i 420	 970 	 1038 
i 224	 852 	 800 
i 966	 524 	 562 
i 680	 900 	 950 
i 400	 231 	 192 
i 405	 388 	 389 
i 479	 280 	 301 
i 853	 112 	 167 
i 23	 762 	 747 
i 278	 407 	 444 
i 245	 299 	 220 
i 80	 157 	 123 
i 544	 371 	 330 
i 432	 986 	 1081 
i 568	 768 	 743 
i 880	 152 	 208 
i 72	 602 	 554 
i 74	 251 	 173 
i 806	 942 	 869 
i 140	 435 	 417 
i 353	 156 	 187 
i 405	 251 	 298 
i 698	 544 	 500 
i 682	 808 	 850 
i 422	 787 	 743 
i 468	 233 	 165 
i 22	 928 	 874 
i 180	 270 	 231 
i 114	 371 	 293 
i 479	 492 	 442 
i 530	 860 	 881 
i 687	 557 	 459 
i 176	 324 	 365 
i 959	 575 	 553 
i 720	 321 	 383 
i 857	 572 	 528 
i 777	 716 	 676 
i 956	 924 	 920 
i 250	 309 	 328 
i 678	 410 	 325 
i 522	 636 	 657 
i 24	 286 	 244 
i 264	 296 	 289 
i 786	 927 	 912 
i 23	 387 	 316 
i 542	 221 	 122 
i 224	 473 	 529 
i 139	 743 	 790 
i 362	 283 	 380 
i 698	 813 	 846 
i 290	 880 	 817 
i 487	 529 	 471 
i 695	 790 	 785 
i 613	 316 	 268 
i 924	 696 	 653 
i 49	 828 	 893 
i 456	 833 	 742 
i 167	 640 	 577 
i 361	 408 	 418 
i 152	 397 	 346 
i 18	 990 	 997 
i 489	 269 	 174 
i 253	 458 	 502 
i 484	 881 	 847 
i 144	 225 	 176 
i 950	 479 	 440 
i 763	 325 	 377 
i 359	 369 	 455 
i 693	 537 	 495 
i 16	 137 	 125 
i 5	 358 	 350 
i 183	 837 	 926 
i 573	 859 	 799 
i 440	 611 	 648 
i 569	 908 	 973 
i 983	 248 	 304 
i 225	 521 	 529 
i 516	 311 	 391 
i 995	 249 	 267 
i 26	 508 	 529 
i 304	 901 	 923 
i 122	 421 	 480 
i 963	 376 	 350 
i 526	 556 	 618 
i 423	 277 	 253 
i 578	 126 	 98 
i 40	 819 	 836 
i 265	 413 	 333 
i 420	 326 	 245 
i 867	 855 	 779 
i 756	 508 	 493 
i 107	 165 	 174 
i 405	 874 	 876 
i 906	 315 	 223 
i 94	 146 	 138 
i 112	 484 	 392 
i 908	 808 	 724 
i 249	 442 	 411 
i 491	 534 	 587 
i 329	 622 	 648 
i 775	 733 	 710 
i 837	 225 	 224 
i 696	 713 	 793 
i 925	 281 	 342 
i 966	 317 	 397 
i 387	 728 	 630 
i 171	 765 	 849 
i 544	 837 	 771 
i 21	 256 	 288 
i 596	 937 	 1035 
i 296	 611 	 664 
i 425	 957 	 977 
i 103	 508 	 467 
i 295	 420 	 364 
i 526	 249 	 187 
i 222	 161 	 176 
i 957	 172 	 221 
i 775	 991 	 949 
i 938	 253 	 215 
i 868	 842 	 923 
i 431	 833 	 773 
i 382	 624 	 649 
i 829	 271 	 317 
i 178	 536 	 441 
i 334	 736 	 746 
i 391	 905 	 959 
i 460	 529 	 575 
i 451	 305 	 306 
i 611	 565 	 554 
i 434	 843 	 805 
i 246	 761 	 809 
i 824	 944 	 869 
i 5	 614 	 705 
i 484	 376 	 302 
i 187	 400 	 393 
i 81	 891 	 962 
i 551	 690 	 653 
i 770	 451 	 504 
i 281	 902 	 878 
i 105	 409 	 471 
i 836	 688 	 600 
i 774	 460 	 536 
i 341	 573 	 650 
i 639	 534 	 508 
i 964	 653 	 665 
i 842	 180 	 208 
i 494	 943 	 881 
i 877	 337 	 429 
i 767	 132 	 80 
i 104	 470 	 439 
i 753	 304 	 240 
i 147	 358 	 449 
i 667	 255 	 214 
i 143	 157 	 244 
i 753	 489 	 569 
i 831	 986 	 1034 
i 767	 667 	 614 
i 23	 838 	 761 
i 47	 805 	 881 
i 450	 132 	 229 
i 668	 442 	 489 
i 947	 606 	 683 
i 110	 569 	 579 
i 163	 835 	 874 
i 587	 781 	 770 
i 573	 694 	 650 
i 199	 468 	 377 
i 18	 680 	 594 
i 798	 783 	 706 
i 822	 679 	 692 
i 195	 667 	 614 
i 752	 435 	 371 
i 268	 334 	 292 
i 84	 825 	 816 
i 837	 554 	 462 
i 495	 953 	 976 
i 896	 314 	 376 
i 537	 356 	 422 
i 293	 419 	 444 
i 932	 523 	 513 
i 558	 138 	 167 
i 923	 348 	 327 
i 174	 510 	 543 
i 977	 771 	 821 
i 477	 286 	 303 
i 425	 324 	 240 
i 653	 872 	 967 
i 929	 707 	 710 
i 277	 557 	 618 
i 740	 228 	 276 
i 772	 630 	 589 
i 39	 316 	 260 
i 489	 670 	 649 
i 232	 373 	 347 
i 430	 152 	 222 
i 670	 674 	 629 
i 526	 748 	 833 
i 197	 730 	 801 
i 699	 299 	 226 
i 831	 130 	 205 
i 416	 789 	 818 
i 646	 166 	 203 
i 276	 364 	 299 
i 571	 716 	 697 
i 618	 160 	 227 
i 252	 916 	 917 
i 969	 272 	 178 
i 665	 209 	 155 
i 878	 972 	 1057 
i 900	 203 	 255 
i 663	 982 	 917 
i 726	 669 	 733 
i 12	 391 	 310 
i 692	 547 	 581 
i 748	 909 	 866 
i 654	 764 	 772 
i 835	 326 	 327 
i 945	 355 	 290 
i 914	 560 	 470 
i 20	 498 	 588 
i 1	 286 	 309 
i 629	 443 	 411 
i 944	 287 	 257 
i 436	 375 	 284 
i 334	 972 	 1030 
i 70	 340 	 329 
i 311	 820 	 776 
i 586	 384 	 329 
i 92	 540 	 468 
i 527	 588 	 520 
i 724	 546 	 478 
i 99	 205 	 263 
i 297	 510 	 557 
i 595	 824 	 758 
i 564	 866 	 867 
i 821	 683 	 698 
i 620	 192 	 269 
i 928	 444 	 438 
i 412	 648 	 660 
i 948	 776 	 694 
i 439	 921 	 984 
i 546	 178 	 261 
i 995	 882 	 824 
i 798	 648 	 709 
i 647	 801 	 775 
i 291	 362 	 300 
i 383	 874 	 936 
i 758	 773 	 821 
i 362	 304 	 234 
i 111	 807 	 727 
i 23	 889 	 896 
i 98	 725 	 641 
i 965	 650 	 566 
i 570	 838 	 913 
i 347	 667 	 672 
i 629	 996 	 1059 
i 488	 278 	 217 
i 233	 111 	 202 
i 451	 769 	 732 
i 234	 904 	 890 
i 109	 994 	 984 
i 800	 584 	 594 
i 407	 659 	 662 
i 226	 731 	 648 
i 851	 622 	 608 
i 848	 201 	 113 
i 37	 927 	 937 
i 38	 215 	 271 
i 779	 178 	 124 
i 672	 462 	 455 
i 665	 845 	 860 
i 198	 359 	 334 
i 815	 849 	 905 
i 513	 419 	 320 
i 89	 497 	 569 
i 190	 882 	 923 
i 109	 938 	 987 
i 226	 538 	 594 
i 302	 344 	 356 
i 697	 552 	 498 
i 523	 966 	 1045 
i 802	 589 	 508 
i 633	 923 	 1005 
i 980	 730 	 714 
i 415	 738 	 740 
i 283	 614 	 654 
i 213	 355 	 417 
i 693	 129 	 36 
i 956	 825 	 792 
i 453	 436 	 343 
i 415	 645 	 656 
i 953	 555 	 527 
i 866	 641 	 739 
i 563	 563 	 657 
i 269	 941 	 918 
i 835	 508 	 542 
i 111	 244 	 320 
i 131	 965 	 980 
i 935	 999 	 1005 
i 302	 411 	 508 
i 902	 444 	 424 
i 403	 941 	 911 
i 999	 373 	 317 
i 508	 368 	 424 
i 442	 346 	 256 
i 889	 691 	 768 
i 40	 399 	 498 
i 2	 297 	 223 
i 1	 810 	 723 
i 339	 396 	 369 
i 714	 384 	 337 
i 648	 742 	 776 
i 943	 168 	 202 
i 234	 365 	 300 
i 498	 174 	 198 
i 152	 222 	 224 
i 477	 123 	 133 
i 686	 122 	 132 
i 473	 238 	 248 
i 795	 296 	 374 
i 103	 622 	 643 
i 813	 862 	 812 
i 878	 570 	 509 
i 165	 278 	 264 
i 236	 437 	 522 
i 362	 990 	 906 
i 376	 555 	 566 
i 390	 156 	 104 
i 533	 647 	 690 
i 741	 249 	 251 
i 317	 153 	 175 
i 162	 691 	 676 
i 679	 916 	 877 
i 867	 202 	 195 
i 235	 585 	 626 
i 224	 521 	 434 
i 724	 593 	 581 
i 775	 199 	 265 
i 379	 415 	 388 
i 535	 162 	 83 
i 582	 617 	 601 
i 235	 273 	 290 
i 141	 653 	 606 
i 244	 924 	 850 
i 777	 453 	 426 
i 239	 192 	 210 
i 781	 252 	 215 
i 880	 646 	 564 
i 223	 498 	 491 
i 281	 823 	 723 
i 849	 918 	 935 
i 33	 407 	 471 
i 643	 928 	 1020 
i 559	 275 	 216 
i 943	 393 	 489 
i 35	 719 	 663 
i 194	 355 	 255 
i 796	 635 	 711 
i 232	 716 	 637 
i 34	 245 	 222 
i 942	 249 	 196 
i 276	 771 	 724 
i 196	 613 	 695 
i 381	 579 	 573 
i 698	 762 	 744 
i 383	 746 	 735 
i 658	 943 	 971 
i 248	 945 	 932 
i 929	 841 	 875 
i 82	 935 	 975 
i 238	 389 	 418 
i 980	 599 	 683 
i 545	 838 	 761 
i 73	 760 	 759 
i 804	 289 	 228 
i 519	 658 	 673 
i 456	 169 	 116 
i 394	 741 	 737 
c
c
W 997304
c end of file