c Instance Type c
c
n 4000
c w	 v1	 v2
i 817	 991 	 894 
i 335	 340 	 357 
i 50	 114 	 45 
i 5	 230 	 169 
i 22	 563 	 541 
i 728	 328 	 249 
i 340	 301 	 332 
i 353	 702 	 697 
i 724	 701 	 732 
i 726	 326 	 372 
i 717	 377 	 387 
i 975	 391 	 468 
i 979	 912 	 999 
i 114	 165 	 253 
i 622	 340 	 432 
i 867	 690 	 728 
i 81	 783 	 689 
i 745	 481 	 457 
i 410	 903 	 824 
i 653	 600 	 666 
i 953	 364 	 374 
i 269	 856 	 861 
i 171	 756 	 757 
i 231	 700 	 724 
i 489	 648 	 596 
i 141	 614 	 536 
i 897	 340 	 278 
i 315	 367 	 454 
i 207	 709 	 678 
i 757	 805 	 904 
i 43	 659 	 749 
i 881	 260 	 204 
i 607	 730 	 708 
i 270	 292 	 316 
i 873	 844 	 766 
i 441	 171 	 121 
i 699	 269 	 199 
i 987	 438 	 431 
i 661	 382 	 416 
i 443	 690 	 675 
i 60	 690 	 684 
i 228	 647 	 617 
i 924	 844 	 935 
i 128	 304 	 249 
i 952	 857 	 777 
i 21	 957 	 965 
i 198	 293 	 241 
i 567	 427 	 372 
i 872	 841 	 919 
i 524	 550 	 516 
i 176	 931 	 909 
i 779	 461 	 485 
i 605	 774 	 782 
i 822	 738 	 772 
i 662	 941 	 965 
i 614	 143 	 171 
i 819	 625 	 693 
i 176	 840 	 821 
i 997	 155 	 111 
i 492	 947 	 1007 
i 415	 354 	 450 
i 808	 703 	 754 
i 555	 366 	 338 
i 261	 849 	 786 
i 195	 558 	 627 
i 231	 223 	 215 
i 810	 796 	 752 
i 631	 656 	 647 
i 681	 130 	 121 
i 622	 380 	 469 
i 896	 206 	 178 
i 563	 189 	 122 
i 850	 864 	 908 
i 681	 299 	 396 
i 185	 465 	 400 
i 311	 330 	 312 
i 83	 741 	 685 
i 695	 991 	 1061 
i 717	 509 	 515 
i 21	 913 	 843 
i 129	 866 	 776 
i 217	 298 	 320 
i 65	 449 	 441 
i 277	 204 	 133 
i 675	 191 	 157 
i 922	 350 	 378 
i 631	 715 	 759 
i 622	 911 	 894 
i 70	 778 	 705 
i 972	 362 	 293 
i 822	 499 	 456 
i 34	 545 	 545 
i 414	 202 	 215 
i 519	 615 	 683 
i 610	 745 	 748 
i 879	 150 	 138 
i 560	 720 	 634 
i 460	 474 	 512 
i 211	 847 	 899 
i 494	 968 	 1015 
i 931	 218 	 229 
i 420	 472 	 490 
i 523	 918 	 819 
i 90	 533 	 538 
i 803	 394 	 321 
i 847	 855 	 758 
i 533	 358 	 373 
i 941	 422 	 329 
i 770	 150 	 99 
i 734	 830 	 878 
i 855	 596 	 630 
i 263	 204 	 122 
i 171	 732 	 755 
i 646	 738 	 779 
i 965	 317 	 318 
i 802	 438 	 409 
i 81	 452 	 529 
i 431	 964 	 1030 
i 476	 996 	 1015 
i 285	 327 	 293 
i 830	 986 	 923 
i 936	 695 	 685 
i 635	 777 	 801 
i 341	 435 	 388 
i 573	 173 	 119 
i 941	 625 	 532 
i 326	 941 	 864 
i 287	 842 	 851 
i 283	 691 	 595 
i 526	 335 	 296 
i 511	 632 	 560 
i 168	 801 	 716 
i 917	 314 	 356 
i 283	 868 	 778 
i 353	 219 	 243 
i 931	 428 	 441 
i 866	 461 	 539 
i 689	 565 	 500 
i 342	 164 	 156 
i 594	 186 	 283 
i 181	 461 	 460 
i 957	 586 	 619 
i 187	 653 	 669 
i 39	 396 	 469 
i 161	 442 	 386 
i 517	 997 	 927 
i 911	 611 	 514 
i 423	 516 	 557 
i 483	 675 	 584 
i 568	 197 	 225 
i 962	 187 	 251 
i 497	 630 	 686 
i 108	 334 	 427 
i 429	 854 	 755 
i 802	 737 	 670 
i 799	 933 	 969 
i 363	 179 	 198 
i 819	 196 	 99 
i 454	 825 	 825 
i 551	 869 	 782 
i 637	 551 	 457 
i 222	 394 	 399 
i 474	 200 	 227 
i 311	 171 	 84 
i 15	 177 	 250 
i 939	 326 	 359 
i 18	 934 	 840 
i 114	 575 	 644 
i 917	 591 	 551 
i 770	 148 	 218 
i 266	 209 	 207 
i 585	 237 	 279 
i 685	 707 	 644 
i 753	 384 	 383 
i 828	 442 	 444 
i 71	 324 	 314 
i 996	 917 	 911 
i 519	 944 	 960 
i 60	 810 	 810 
i 102	 191 	 145 
i 212	 951 	 958 
i 355	 500 	 424 
i 26	 245 	 306 
i 333	 413 	 424 
i 705	 856 	 833 
i 945	 423 	 414 
i 853	 826 	 816 
i 791	 355 	 449 
i 578	 874 	 780 
i 669	 430 	 356 
i 615	 670 	 639 
i 53	 257 	 297 
i 205	 365 	 410 
i 544	 192 	 103 
i 383	 690 	 742 
i 734	 146 	 187 
i 539	 553 	 565 
i 814	 957 	 927 
i 673	 934 	 1020 
i 32	 964 	 984 
i 661	 194 	 137 
i 826	 502 	 455 
i 113	 237 	 231 
i 204	 882 	 785 
i 855	 935 	 914 
i 894	 725 	 651 
i 393	 466 	 500 
i 345	 966 	 963 
i 271	 391 	 322 
i 231	 330 	 268 
i 325	 863 	 933 
i 766	 166 	 201 
i 907	 404 	 462 
i 776	 823 	 922 
i 703	 838 	 908 
i 394	 303 	 352 
i 794	 422 	 349 
i 756	 131 	 127 
i 72	 563 	 613 
i 318	 705 	 801 
i 165	 876 	 837 
i 227	 745 	 660 
i 556	 459 	 555 
i 358	 273 	 324 
i 176	 269 	 261 
i 393	 136 	 207 
i 742	 799 	 829 
i 765	 922 	 903 
i 275	 462 	 457 
i 943	 243 	 302 
i 804	 230 	 322 
i 518	 505 	 442 
i 909	 573 	 621 
i 93	 558 	 478 
i 272	 344 	 299 
i 301	 755 	 789 
i 75	 627 	 609 
i 987	 317 	 252 
i 382	 678 	 668 
i 531	 214 	 193 
i 665	 921 	 861 
i 110	 886 	 929 
i 629	 164 	 189 
i 133	 825 	 869 
i 395	 916 	 1014 
i 121	 274 	 232 
i 702	 870 	 843 
i 933	 348 	 318 
i 572	 507 	 554 
i 688	 909 	 862 
i 599	 372 	 458 
i 472	 550 	 458 
i 532	 299 	 333 
i 336	 858 	 918 
i 242	 609 	 548 
i 426	 603 	 566 
i 280	 863 	 767 
i 548	 300 	 390 
i 993	 615 	 620 
i 891	 381 	 323 
i 186	 620 	 682 
i 680	 560 	 517 
i 892	 598 	 661 
i 733	 306 	 236 
i 294	 131 	 109 
i 847	 308 	 371 
i 693	 592 	 512 
i 907	 611 	 640 
i 475	 570 	 598 
i 780	 150 	 156 
i 353	 340 	 383 
i 858	 175 	 154 
i 407	 429 	 387 
i 627	 267 	 171 
i 650	 402 	 365 
i 872	 753 	 685 
i 414	 593 	 664 
i 976	 682 	 735 
i 494	 369 	 317 
i 538	 939 	 843 
i 796	 523 	 497 
i 869	 272 	 218 
i 227	 626 	 653 
i 403	 884 	 837 
i 731	 904 	 987 
i 454	 297 	 354 
i 996	 443 	 383 
i 639	 317 	 253 
i 929	 997 	 1031 
i 861	 322 	 264 
i 326	 340 	 241 
i 508	 672 	 747 
i 88	 878 	 798 
i 957	 557 	 558 
i 850	 794 	 741 
i 61	 720 	 758 
i 434	 533 	 570 
i 666	 714 	 679 
i 663	 874 	 825 
i 901	 584 	 507 
i 160	 773 	 762 
i 790	 780 	 870 
i 654	 672 	 580 
i 157	 765 	 864 
i 925	 327 	 396 
i 611	 540 	 622 
i 87	 266 	 234 
i 765	 879 	 781 
i 624	 282 	 316 
i 158	 511 	 526 
i 902	 618 	 665 
i 656	 125 	 130 
i 287	 972 	 907 
i 24	 120 	 87 
i 268	 119 	 71 
i 750	 875 	 949 
i 926	 795 	 886 
i 790	 212 	 257 
i 983	 221 	 190 
i 434	 821 	 822 
i 5	 444 	 425 
i 21	 208 	 120 
i 989	 676 	 646 
i 1	 836 	 811 
i 11	 246 	 274 
i 870	 478 	 456 
i 639	 366 	 329 
i 753	 330 	 251 
i 878	 975 	 893 
i 678	 397 	 402 
i 53	 847 	 853 
i 163	 322 	 332 
i 798	 380 	 388 
i 614	 692 	 700 
i 766	 137 	 147 
i 181	 709 	 693 
i 467	 170 	 82 
i 714	 454 	 517 
i 686	 551 	 590 
i 9	 634 	 608 
i 837	 214 	 199 
i 76	 688 	 705 
i 378	 290 	 267 
i 33	 773 	 673 
i 63	 367 	 420 
i 735	 859 	 948 
i 802	 347 	 330 
i 188	 403 	 329 
i 684	 241 	 304 
i 273	 859 	 924 
i 390	 302 	 334 
i 40	 681 	 728 
i 242	 316 	 239 
i 986	 660 	 589 
i 276	 663 	 605 
i 118	 457 	 546 
i 384	 412 	 461 
i 713	 782 	 869 
i 860	 898 	 922 
i 702	 735 	 813 
i 917	 580 	 536 
i 559	 280 	 244 
i 790	 937 	 949 
i 409	 152 	 162 
i 30	 285 	 350 
i 419	 473 	 561 
i 758	 427 	 392 
i 513	 204 	 112 
i 398	 148 	 228 
i 101	 700 	 720 
i 628	 606 	 610 
i 819	 859 	 775 
i 749	 257 	 331 
i 796	 759 	 714 
i 991	 360 	 321 
i 400	 206 	 251 
i 755	 157 	 154 
i 860	 450 	 549 
i 903	 487 	 466 
i 566	 400 	 399 
i 124	 937 	 862 
i 965	 512 	 601 
i 130	 583 	 622 
i 859	 468 	 466 
i 140	 716 	 712 
i 248	 991 	 1067 
i 301	 749 	 776 
i 682	 292 	 291 
i 106	 291 	 271 
i 431	 644 	 737 
i 361	 198 	 116 
i 812	 311 	 222 
i 344	 263 	 200 
i 746	 881 	 790 
i 428	 429 	 366 
i 418	 859 	 846 
i 137	 756 	 803 
i 341	 434 	 417 
i 544	 878 	 882 
i 145	 347 	 437 
i 243	 319 	 282 
i 468	 401 	 326 
i 639	 453 	 447 
i 507	 620 	 563 
i 865	 662 	 691 
i 707	 828 	 740 
i 433	 326 	 265 
i 797	 980 	 988 
i 661	 462 	 378 
i 926	 927 	 872 
i 162	 887 	 881 
i 488	 278 	 365 
i 873	 391 	 406 
i 446	 810 	 726 
i 66	 115 	 205 
i 873	 689 	 720 
i 116	 746 	 664 
i 94	 923 	 1000 
i 490	 515 	 524 
i 409	 589 	 584 
i 282	 792 	 819 
i 470	 321 	 246 
i 785	 267 	 366 
i 573	 781 	 769 
i 578	 856 	 858 
i 228	 812 	 788 
i 942	 508 	 507 
i 856	 589 	 607 
i 311	 490 	 406 
i 849	 979 	 977 
i 616	 514 	 568 
i 853	 192 	 140 
i 30	 303 	 208 
i 784	 302 	 322 
i 623	 697 	 632 
i 412	 262 	 243 
i 859	 603 	 572 
i 398	 157 	 98 
i 825	 684 	 687 
i 802	 758 	 731 
i 256	 305 	 401 
i 347	 992 	 1059 
i 564	 318 	 391 
i 779	 344 	 374 
i 440	 878 	 832 
i 610	 147 	 184 
i 164	 509 	 518 
i 217	 819 	 907 
i 861	 113 	 166 
i 590	 573 	 587 
i 808	 899 	 964 
i 800	 884 	 818 
i 34	 738 	 785 
i 296	 619 	 622 
i 159	 309 	 399 
i 201	 551 	 563 
i 648	 272 	 317 
i 445	 756 	 844 
i 448	 706 	 767 
i 967	 499 	 478 
i 854	 117 	 57 
i 724	 851 	 751 
i 430	 115 	 22 
i 3	 769 	 736 
i 226	 338 	 336 
i 721	 298 	 336 
i 902	 800 	 768 
i 629	 559 	 616 
i 299	 510 	 457 
i 736	 338 	 278 
i 743	 690 	 601 
i 577	 873 	 929 
i 582	 877 	 819 
i 324	 912 	 854 
i 580	 320 	 308 
i 791	 760 	 692 
i 567	 488 	 400 
i 72	 793 	 831 
i 521	 604 	 702 
i 776	 814 	 859 
i 429	 995 	 989 
i 286	 158 	 67 
i 149	 853 	 879 
i 50	 153 	 243 
i 286	 344 	 350 
i 16	 736 	 701 
i 441	 880 	 958 
i 208	 937 	 1029 
i 763	 664 	 660 
i 555	 657 	 609 
i 550	 415 	 452 
i 603	 834 	 929 
i 439	 877 	 801 
i 487	 549 	 483 
i 749	 508 	 499 
i 453	 983 	 978 
i 318	 384 	 467 
i 248	 288 	 212 
i 870	 256 	 333 
i 485	 687 	 675 
i 828	 919 	 1017 
i 642	 643 	 662 
i 505	 621 	 527 
i 998	 732 	 736 
i 446	 886 	 840 
i 428	 405 	 449 
i 735	 828 	 736 
i 935	 753 	 710 
i 99	 863 	 794 
i 747	 763 	 792 
i 656	 267 	 261 
i 255	 260 	 183 
i 829	 789 	 813 
i 528	 820 	 843 
i 401	 394 	 307 
i 732	 635 	 633 
i 539	 390 	 335 
i 262	 427 	 359 
i 109	 684 	 636 
i 842	 827 	 728 
i 18	 511 	 544 
i 186	 932 	 1016 
i 948	 146 	 195 
i 746	 699 	 654 
i 66	 360 	 395 
i 656	 419 	 400 
i 970	 858 	 947 
i 327	 173 	 115 
i 972	 319 	 282 
i 778	 553 	 485 
i 229	 562 	 497 
i 154	 264 	 237 
i 194	 194 	 156 
i 855	 860 	 772 
i 137	 217 	 142 
i 483	 820 	 876 
i 324	 295 	 345 
i 394	 250 	 166 
i 628	 438 	 348 
i 126	 722 	 788 
i 633	 866 	 778 
i 806	 136 	 78 
i 900	 461 	 442 
i 743	 740 	 692 
i 862	 794 	 773 
i 660	 907 	 983 
i 868	 714 	 655 
i 25	 496 	 516 
i 393	 568 	 513 
i 81	 616 	 587 
i 929	 467 	 564 
i 958	 522 	 581 
i 353	 713 	 752 
i 62	 187 	 174 
i 830	 421 	 381 
i 726	 776 	 868 
i 406	 672 	 738 
i 839	 857 	 928 
i 354	 502 	 451 
i 922	 706 	 671 
i 324	 133 	 84 
i 786	 124 	 67 
i 463	 831 	 845 
i 549	 561 	 587 
i 897	 952 	 944 
i 647	 331 	 268 
i 279	 297 	 315 
i 119	 146 	 132 
i 559	 906 	 963 
i 229	 238 	 279 
i 255	 530 	 436 
i 270	 759 	 822 
i 81	 952 	 908 
i 587	 571 	 637 
i 534	 243 	 288 
i 781	 655 	 630 
i 991	 823 	 853 
i 32	 462 	 516 
i 926	 848 	 814 
i 71	 659 	 671 
i 542	 400 	 462 
i 272	 430 	 346 
i 219	 268 	 200 
i 736	 519 	 569 
i 885	 368 	 325 
i 498	 127 	 40 
i 299	 460 	 371 
i 695	 153 	 70 
i 524	 840 	 743 
i 141	 245 	 162 
i 467	 743 	 768 
i 826	 578 	 658 
i 4	 653 	 576 
i 463	 799 	 870 
i 752	 579 	 627 
i 770	 833 	 780 
i 164	 893 	 900 
i 212	 945 	 891 
i 32	 136 	 187 
i 183	 151 	 230 
i 894	 228 	 201 
i 420	 787 	 725 
i 31	 698 	 636 
i 805	 804 	 835 
i 333	 676 	 657 
i 146	 446 	 382 
i 26	 659 	 627 
i 964	 248 	 259 
i 993	 455 	 472 
i 39	 239 	 292 
i 171	 149 	 181 
i 931	 473 	 389 
i 593	 643 	 565 
i 374	 816 	 899 
i 10	 511 	 461 
i 387	 876 	 855 
i 4	 147 	 131 
i 159	 453 	 430 
i 546	 947 	 923 
i 691	 579 	 562 
i 734	 375 	 393 
i 143	 965 	 969 
i 741	 150 	 73 
i 535	 252 	 249 
i 985	 181 	 180 
i 846	 405 	 482 
i 888	 759 	 836 
i 274	 247 	 156 
i 214	 593 	 611 
i 741	 932 	 889 
i 39	 416 	 320 
i 999	 941 	 873 
i 44	 516 	 596 
i 203	 618 	 605 
i 282	 164 	 148 
i 614	 607 	 561 
i 344	 505 	 436 
i 498	 406 	 392 
i 40	 449 	 478 
i 963	 978 	 955 
i 307	 343 	 328 
i 241	 361 	 346 
i 697	 505 	 498 
i 269	 419 	 453 
i 329	 809 	 900 
i 887	 298 	 311 
i 331	 539 	 621 
i 663	 680 	 662 
i 44	 176 	 166 
i 20	 750 	 732 
i 281	 206 	 250 
i 562	 586 	 678 
i 7	 964 	 996 
i 354	 493 	 578 
i 140	 202 	 153 
i 350	 163 	 92 
i 832	 669 	 664 
i 473	 592 	 519 
i 546	 957 	 893 
i 266	 469 	 409 
i 374	 838 	 834 
i 908	 590 	 499 
i 868	 557 	 467 
i 299	 255 	 236 
i 402	 193 	 202 
i 461	 422 	 501 
i 89	 551 	 596 
i 630	 974 	 914 
i 582	 208 	 257 
i 985	 370 	 272 
i 803	 550 	 527 
i 343	 979 	 937 
i 845	 130 	 62 
i 9	 175 	 167 
i 101	 536 	 608 
i 451	 131 	 95 
i 946	 927 	 909 
i 918	 685 	 593 
i 28	 863 	 888 
i 320	 637 	 659 
i 814	 648 	 630 
i 790	 991 	 1042 
i 812	 363 	 383 
i 885	 507 	 529 
i 364	 916 	 958 
i 387	 795 	 727 
i 306	 194 	 116 
i 952	 561 	 466 
i 798	 599 	 510 
i 392	 266 	 241 
i 996	 809 	 747 
i 986	 288 	 384 
i 270	 961 	 1019 
i 715	 608 	 643 
i 622	 263 	 171 
i 392	 897 	 882 
i 485	 153 	 199 
i 991	 252 	 289 
i 541	 277 	 273 
i 716	 328 	 403 
i 501	 662 	 736 
i 701	 832 	 903 
i 658	 814 	 739 
i 219	 630 	 698 
i 390	 344 	 337 
i 275	 380 	 451 
i 323	 761 	 729 
i 481	 524 	 490 
i 669	 245 	 320 
i 913	 677 	 695 
i 534	 567 	 485 
i 346	 453 	 511 
i 138	 327 	 317 
i 722	 442 	 476 
i 984	 303 	 215 
i 288	 717 	 684 
i 20	 590 	 621 
i 485	 895 	 822 
i 637	 303 	 364 
i 274	 193 	 237 
i 786	 718 	 669 
i 172	 801 	 821 
i 416	 618 	 665 
i 788	 131 	 123 
i 5	 727 	 715 
i 687	 781 	 827 
i 227	 191 	 241 
i 110	 775 	 722 
i 326	 899 	 973 
i 419	 729 	 658 
i 103	 481 	 567 
i 879	 709 	 630 
i 450	 355 	 359 
i 473	 123 	 85 
i 167	 532 	 495 
i 921	 927 	 827 
i 12	 689 	 634 
i 759	 469 	 436 
i 647	 679 	 712 
i 342	 567 	 483 
i 759	 698 	 635 
i 433	 640 	 553 
i 708	 734 	 737 
i 721	 309 	 406 
i 196	 586 	 517 
i 115	 866 	 781 
i 765	 868 	 785 
i 169	 183 	 252 
i 808	 485 	 484 
i 322	 187 	 254 
i 983	 261 	 280 
i 578	 427 	 333 
i 280	 485 	 532 
i 504	 944 	 935 
i 39	 934 	 965 
i 888	 184 	 237 
i 740	 253 	 260 
i 822	 333 	 373 
i 244	 200 	 202 
i 329	 641 	 707 
i 499	 497 	 560 
i 854	 139 	 117 
i 276	 166 	 200 
i 214	 822 	 757 
i 141	 342 	 285 
i 223	 924 	 844 
i 384	 720 	 789 
i 634	 306 	 339 
i 734	 932 	 1014 
i 331	 497 	 445 
i 766	 349 	 396 
i 798	 186 	 204 
i 861	 537 	 610 
i 662	 248 	 164 
i 922	 406 	 350 
i 837	 599 	 588 
i 523	 692 	 757 
i 743	 555 	 547 
i 666	 259 	 198 
i 102	 180 	 185 
i 370	 394 	 353 
i 455	 162 	 80 
i 934	 690 	 780 
i 90	 574 	 597 
i 422	 648 	 655 
i 971	 846 	 821 
i 626	 354 	 433 
i 126	 202 	 230 
i 293	 615 	 576 
i 371	 792 	 774 
i 690	 374 	 430 
i 748	 637 	 584 
i 400	 720 	 654 
i 920	 680 	 631 
i 525	 339 	 375 
i 352	 818 	 848 
i 625	 263 	 218 
i 729	 173 	 153 
i 297	 744 	 783 
i 63	 129 	 42 
i 359	 494 	 545 
i 951	 298 	 299 
i 637	 508 	 589 
i 278	 659 	 724 
i 535	 890 	 860 
i 330	 608 	 648 
i 502	 300 	 265 
i 572	 548 	 459 
i 285	 908 	 878 
i 306	 639 	 622 
i 737	 700 	 755 
i 948	 485 	 530 
i 396	 936 	 909 
i 13	 853 	 881 
i 890	 699 	 634 
i 449	 123 	 124 
i 662	 748 	 649 
i 155	 151 	 167 
i 52	 203 	 276 
i 646	 518 	 452 
i 309	 889 	 970 
i 730	 690 	 761 
i 659	 448 	 398 
i 494	 773 	 726 
i 157	 455 	 386 
i 170	 613 	 634 
i 887	 175 	 128 
i 933	 183 	 167 
i 37	 700 	 694 
i 495	 581 	 504 
i 370	 735 	 720 
i 23	 655 	 586 
i 402	 529 	 592 
i 147	 754 	 716 
i 535	 991 	 984 
i 100	 241 	 268 
i 172	 780 	 785 
i 254	 129 	 121 
i 916	 505 	 504 
i 447	 926 	 1024 
i 149	 143 	 115 
i 761	 524 	 500 
i 231	 666 	 723 
i 955	 505 	 591 
i 945	 783 	 776 
i 93	 311 	 324 
i 846	 880 	 927 
i 867	 459 	 557 
i 310	 868 	 949 
i 228	 421 	 392 
i 264	 414 	 415 
i 730	 736 	 689 
i 355	 189 	 188 
i 798	 888 	 878 
i 555	 829 	 808 
i 780	 356 	 354 
i 646	 861 	 828 
i 39	 629 	 569 
i 891	 623 	 625 
i 241	 543 	 591 
i 583	 860 	 761 
i 287	 420 	 467 
i 376	 656 	 574 
i 251	 209 	 286 
i 60	 611 	 599 
i 336	 965 	 909 
i 180	 512 	 586 
i 763	 812 	 893 
i 340	 993 	 1053 
i 826	 562 	 470 
i 669	 332 	 356 
i 17	 338 	 420 
i 630	 992 	 949 
i 740	 183 	 190 
i 303	 974 	 993 
i 264	 479 	 565 
i 715	 678 	 600 
i 504	 563 	 638 
i 498	 483 	 426 
i 6	 306 	 214 
i 255	 343 	 385 
i 510	 899 	 944 
i 502	 820 	 791 
i 584	 187 	 106 
i 555	 665 	 645 
i 969	 308 	 340 
i 608	 248 	 224 
i 118	 349 	 425 
i 537	 239 	 215 
i 756	 431 	 408 
i 19	 469 	 497 
i 904	 212 	 142 
i 703	 859 	 889 
i 789	 288 	 235 
i 414	 375 	 433 
i 635	 731 	 783 
i 790	 433 	 407 
i 59	 771 	 768 
i 204	 668 	 572 
i 564	 119 	 175 
i 967	 463 	 522 
i 82	 146 	 186 
i 924	 281 	 262 
i 124	 864 	 803 
i 420	 187 	 209 
i 119	 892 	 841 
i 481	 680 	 587 
i 223	 121 	 39 
i 850	 554 	 513 
i 859	 576 	 648 
i 256	 381 	 446 
i 296	 203 	 285 
i 488	 829 	 896 
i 335	 302 	 393 
i 421	 477 	 452 
i 299	 130 	 129 
i 940	 348 	 443 
i 951	 380 	 320 
i 451	 464 	 374 
i 974	 729 	 811 
i 279	 607 	 540 
i 383	 455 	 447 
i 190	 377 	 467 
i 405	 231 	 188 
i 817	 195 	 236 
i 839	 532 	 433 
i 107	 974 	 1063 
i 409	 955 	 1034 
i 807	 245 	 214 
i 503	 291 	 255 
i 61	 211 	 231 
i 449	 360 	 456 
i 748	 771 	 705 
i 884	 727 	 742 
i 978	 981 	 960 
i 453	 720 	 666 
i 424	 725 	 693 
i 374	 676 	 725 
i 526	 585 	 596 
i 728	 894 	 805 
i 842	 291 	 215 
i 123	 825 	 838 
i 865	 810 	 773 
i 559	 964 	 904 
i 538	 589 	 525 
i 224	 941 	 967 
i 914	 260 	 171 
i 551	 563 	 549 
i 85	 340 	 431 
i 965	 835 	 872 
i 169	 889 	 894 
i 972	 996 	 1026 
i 759	 613 	 616 
i 719	 896 	 810 
i 258	 186 	 208 
i 192	 346 	 413 
i 360	 909 	 959 
i 868	 960 	 920 
i 128	 455 	 432 
i 942	 417 	 387 
i 818	 137 	 141 
i 814	 607 	 606 
i 379	 295 	 246 
i 263	 754 	 848 
i 348	 820 	 766 
i 613	 476 	 460 
i 511	 332 	 388 
i 467	 111 	 141 
i 854	 381 	 437 
i 199	 725 	 769 
i 230	 151 	 159 
i 787	 615 	 586 
i 995	 167 	 214 
i 719	 394 	 493 
i 517	 371 	 340 
i 929	 578 	 669 
i 178	 956 	 949 
i 179	 765 	 852 
i 483	 457 	 515 
i 175	 262 	 360 
i 220	 906 	 849 
i 787	 499 	 400 
i 851	 816 	 716 
i 170	 580 	 624 
i 463	 579 	 526 
i 989	 886 	 819 
i 940	 849 	 818 
i 677	 377 	 381 
i 67	 321 	 222 
i 237	 135 	 71 
i 132	 126 	 106 
i 569	 322 	 259 
i 362	 328 	 236 
i 890	 331 	 273 
i 417	 972 	 1006 
i 290	 296 	 328 
i 120	 446 	 466 
i 420	 753 	 709 
i 656	 331 	 300 
i 684	 338 	 354 
i 701	 499 	 542 
i 939	 856 	 813 
i 184	 135 	 164 
i 431	 171 	 178 
i 401	 359 	 450 
i 609	 958 	 906 
i 985	 659 	 631 
i 709	 307 	 363 
i 957	 557 	 544 
i 213	 866 	 790 
i 650	 497 	 562 
i 489	 245 	 297 
i 517	 499 	 588 
i 585	 186 	 161 
i 864	 664 	 719 
i 817	 624 	 601 
i 434	 841 	 815 
i 654	 276 	 192 
i 157	 972 	 880 
i 7	 474 	 424 
i 441	 584 	 664 
i 592	 429 	 407 
i 30	 219 	 300 
i 114	 173 	 171 
i 736	 509 	 480 
i 314	 313 	 247 
i 135	 659 	 680 
i 321	 991 	 943 
i 290	 176 	 159 
i 699	 212 	 196 
i 233	 437 	 510 
i 590	 350 	 341 
i 712	 698 	 695 
i 782	 616 	 636 
i 231	 165 	 132 
i 459	 483 	 513 
i 76	 638 	 695 
i 67	 289 	 210 
i 141	 522 	 501 
i 255	 894 	 813 
i 622	 383 	 348 
i 891	 263 	 346 
i 553	 671 	 697 
i 122	 215 	 197 
i 183	 750 	 779 
i 602	 161 	 81 
i 196	 740 	 675 
i 396	 549 	 498 
i 859	 644 	 621 
i 740	 997 	 1025 
i 47	 194 	 146 
i 219	 486 	 417 
i 848	 414 	 455 
i 966	 976 	 1041 
i 685	 455 	 357 
i 742	 139 	 161 
i 450	 232 	 293 
i 943	 392 	 333 
i 544	 611 	 523 
i 541	 954 	 1014 
i 635	 636 	 706 
i 57	 870 	 783 
i 398	 118 	 201 
i 372	 747 	 823 
i 759	 595 	 608 
i 791	 606 	 568 
i 928	 263 	 315 
i 245	 983 	 1024 
i 808	 277 	 226 
i 757	 334 	 392 
i 348	 161 	 146 
i 202	 917 	 913 
i 211	 979 	 1055 
i 926	 906 	 856 
i 472	 803 	 705 
i 31	 420 	 480 
i 202	 697 	 743 
i 184	 485 	 580 
i 371	 223 	 279 
i 622	 445 	 453 
i 678	 259 	 336 
i 586	 637 	 555 
i 563	 178 	 138 
i 458	 961 	 906 
i 237	 297 	 337 
i 584	 307 	 353 
i 244	 132 	 218 
i 665	 783 	 706 
i 791	 762 	 759 
i 167	 570 	 491 
i 334	 163 	 220 
i 926	 953 	 927 
i 3	 145 	 232 
i 959	 413 	 391 
i 169	 616 	 642 
i 390	 350 	 292 
i 415	 999 	 990 
i 171	 940 	 864 
i 903	 154 	 237 
i 421	 588 	 504 
i 480	 685 	 668 
i 428	 496 	 464 
i 467	 828 	 796 
i 807	 772 	 732 
i 375	 233 	 227 
i 644	 793 	 865 
i 644	 984 	 939 
i 577	 503 	 492 
i 626	 613 	 583 
i 163	 538 	 592 
i 809	 611 	 561 
i 243	 981 	 1017 
i 51	 396 	 325 
i 794	 703 	 794 
i 931	 973 	 939 
i 699	 505 	 599 
i 682	 383 	 406 
i 124	 630 	 569 
i 689	 141 	 205 
i 170	 454 	 550 
i 732	 253 	 311 
i 710	 479 	 386 
i 33	 196 	 113 
i 698	 328 	 404 
i 669	 288 	 350 
i 113	 581 	 583 
i 419	 558 	 497 
i 4	 219 	 182 
i 38	 393 	 294 
i 425	 235 	 170 
i 585	 221 	 302 
i 999	 927 	 950 
i 96	 961 	 991 
i 340	 150 	 119 
i 539	 933 	 836 
i 69	 768 	 694 
i 572	 335 	 345 
i 694	 508 	 518 
i 13	 792 	 810 
i 153	 799 	 702 
i 277	 956 	 976 
i 196	 875 	 895 
i 153	 537 	 576 
i 196	 227 	 134 
i 122	 538 	 553 
i 861	 555 	 583 
i 114	 672 	 615 
i 561	 273 	 354 
i 327	 766 	 850 
i 102	 404 	 318 
i 53	 419 	 389 
i 912	 954 	 963 
i 392	 600 	 639 
i 523	 331 	 410 
i 4	 363 	 266 
i 504	 875 	 950 
i 136	 558 	 656 
i 318	 749 	 759 
i 56	 669 	 745 
i 386	 600 	 696 
i 732	 666 	 572 
i 681	 979 	 1068 
i 232	 577 	 544 
i 480	 310 	 382 
i 764	 217 	 290 
i 624	 233 	 206 
i 127	 125 	 125 
i 845	 118 	 182 
i 473	 609 	 684 
i 24	 503 	 455 
i 648	 486 	 585 
i 625	 517 	 552 
i 150	 469 	 550 
i 373	 770 	 747 
i 493	 647 	 577 
i 630	 528 	 583 
i 647	 856 	 936 
i 655	 416 	 465 
i 216	 258 	 202 
i 657	 150 	 99 
i 80	 384 	 462 
i 537	 380 	 383 
i 940	 983 	 1016 
i 682	 902 	 810 
i 286	 359 	 366 
i 755	 496 	 429 
i 594	 297 	 359 
i 937	 212 	 205 
i 104	 878 	 914 
i 148	 186 	 154 
i 456	 404 	 388 
i 759	 310 	 401 
i 740	 772 	 851 
i 630	 477 	 492 
i 909	 515 	 587 
i 343	 990 	 1014 
i 553	 249 	 191 
i 667	 971 	 901 
i 531	 497 	 448 
i 615	 215 	 195 
i 945	 518 	 589 
i 171	 891 	 914 
i 914	 853 	 824 
i 326	 761 	 858 
i 780	 386 	 465 
i 770	 266 	 214 
i 925	 818 	 876 
i 893	 119 	 111 
i 328	 254 	 352 
i 446	 481 	 502 
i 903	 839 	 849 
i 782	 714 	 758 
i 617	 374 	 401 
i 349	 692 	 784 
i 659	 681 	 729 
i 834	 590 	 593 
i 630	 804 	 792 
i 640	 621 	 587 
i 801	 142 	 174 
i 219	 135 	 56 
i 39	 676 	 578 
i 717	 279 	 337 
i 14	 922 	 904 
i 667	 600 	 651 
i 309	 568 	 551 
i 848	 342 	 292 
i 628	 800 	 876 
i 203	 302 	 306 
i 238	 599 	 563 
i 266	 299 	 307 
i 901	 394 	 409 
i 91	 405 	 364 
i 5	 221 	 182 
i 555	 586 	 681 
i 70	 372 	 328 
i 330	 743 	 669 
i 105	 967 	 1019 
i 321	 862 	 954 
i 870	 437 	 377 
i 83	 724 	 717 
i 402	 316 	 289 
i 732	 832 	 823 
i 857	 206 	 198 
i 392	 482 	 385 
i 685	 460 	 377 
i 397	 714 	 697 
i 361	 831 	 835 
i 207	 619 	 687 
i 574	 586 	 629 
i 264	 764 	 823 
i 496	 290 	 229 
i 307	 618 	 704 
i 415	 137 	 194 
i 832	 549 	 485 
i 226	 566 	 639 
i 904	 644 	 596 
i 715	 127 	 151 
i 287	 593 	 658 
i 821	 454 	 434 
i 557	 201 	 234 
i 758	 910 	 842 
i 329	 199 	 193 
i 359	 139 	 216 
i 852	 840 	 883 
i 364	 112 	 200 
i 964	 882 	 951 
i 983	 226 	 238 
i 526	 780 	 850 
i 912	 629 	 663 
i 15	 987 	 932 
i 914	 691 	 788 
i 14	 836 	 799 
i 46	 365 	 399 
i 866	 263 	 268 
i 868	 901 	 979 
i 736	 851 	 921 
i 866	 716 	 783 
i 620	 328 	 300 
i 203	 195 	 150 
i 189	 792 	 750 
i 841	 996 	 937 
i 658	 984 	 927 
i 944	 376 	 328 
i 117	 975 	 901 
i 7	 555 	 654 
i 840	 457 	 504 
i 521	 328 	 348 
i 766	 185 	 129 
i 861	 508 	 492 
i 629	 754 	 776 
i 624	 123 	 113 
i 607	 306 	 228 
i 905	 500 	 411 
i 878	 735 	 669 
i 378	 852 	 788 
i 768	 851 	 755 
i 14	 616 	 624 
i 97	 262 	 223 
i 543	 459 	 392 
i 267	 836 	 895 
i 282	 491 	 475 
i 501	 894 	 800 
i 939	 994 	 1081 
i 642	 155 	 217 
i 477	 309 	 247 
i 310	 469 	 560 
i 878	 487 	 581 
i 50	 969 	 882 
i 441	 353 	 375 
i 257	 504 	 579 
i 684	 326 	 258 
i 566	 702 	 734 
i 560	 729 	 749 
i 609	 671 	 619 
i 833	 505 	 549 
i 237	 675 	 581 
i 660	 639 	 720 
i 625	 614 	 705 
i 898	 675 	 654 
i 342	 330 	 361 
i 584	 223 	 191 
i 249	 366 	 447 
i 944	 954 	 947 
i 575	 600 	 515 
i 20	 817 	 898 
i 655	 568 	 497 
i 250	 595 	 656 
i 816	 515 	 501 
i 452	 478 	 444 
i 699	 834 	 868 
i 825	 528 	 479 
i 113	 832 	 832 
i 62	 750 	 739 
i 612	 276 	 180 
i 406	 345 	 253 
i 921	 264 	 303 
i 467	 394 	 483 
i 921	 222 	 274 
i 335	 605 	 547 
i 148	 899 	 981 
i 618	 607 	 654 
i 430	 834 	 904 
i 149	 393 	 475 
i 335	 792 	 797 
i 598	 813 	 899 
i 771	 851 	 921 
i 91	 582 	 545 
i 216	 535 	 483 
i 772	 324 	 339 
i 659	 515 	 559 
i 218	 438 	 406 
i 32	 206 	 260 
i 350	 963 	 1046 
i 117	 886 	 836 
i 907	 464 	 534 
i 740	 404 	 428 
i 271	 273 	 316 
i 747	 557 	 643 
i 987	 771 	 811 
i 442	 393 	 365 
i 810	 147 	 163 
i 917	 450 	 472 
i 876	 246 	 338 
i 749	 174 	 89 
i 147	 400 	 497 
i 476	 270 	 315 
i 659	 825 	 924 
i 161	 572 	 620 
i 903	 511 	 557 
i 222	 247 	 181 
i 262	 570 	 666 
i 644	 197 	 277 
i 796	 742 	 797 
i 867	 708 	 713 
i 194	 779 	 813 
i 372	 766 	 696 
i 176	 523 	 584 
i 695	 519 	 613 
i 145	 292 	 366 
i 299	 943 	 861 
i 815	 209 	 180 
i 913	 195 	 95 
i 623	 997 	 1056 
i 296	 800 	 832 
i 48	 380 	 451 
i 785	 979 	 924 
i 249	 224 	 205 
i 708	 944 	 864 
i 912	 917 	 865 
i 849	 805 	 813 
i 959	 889 	 860 
i 55	 318 	 272 
i 52	 318 	 397 
i 827	 138 	 76 
i 131	 728 	 675 
i 109	 601 	 505 
i 236	 805 	 759 
i 174	 276 	 372 
i 81	 365 	 443 
i 861	 583 	 631 
i 738	 177 	 217 
i 971	 496 	 547 
i 205	 738 	 799 
i 236	 645 	 672 
i 930	 816 	 869 
i 482	 139 	 214 
i 263	 161 	 83 
i 449	 403 	 360 
i 735	 386 	 359 
i 267	 292 	 237 
i 342	 953 	 1046 
i 775	 688 	 775 
i 481	 472 	 400 
i 83	 302 	 277 
i 875	 867 	 828 
i 908	 661 	 718 
i 964	 550 	 460 
i 294	 650 	 650 
i 604	 903 	 850 
i 808	 340 	 340 
i 755	 542 	 611 
i 405	 512 	 536 
i 811	 456 	 376 
i 27	 582 	 518 
i 878	 918 	 829 
i 497	 302 	 395 
i 991	 115 	 201 
i 599	 161 	 106 
i 491	 606 	 671 
i 748	 817 	 844 
i 234	 376 	 354 
i 685	 238 	 297 
i 74	 789 	 810 
i 604	 879 	 906 
i 512	 154 	 156 
i 727	 207 	 109 
i 732	 178 	 78 
i 788	 118 	 138 
i 347	 318 	 236 
i 141	 166 	 234 
i 439	 733 	 648 
i 582	 193 	 245 
i 346	 903 	 970 
i 211	 556 	 543 
i 260	 233 	 323 
i 368	 690 	 725 
i 445	 701 	 683 
i 453	 704 	 643 
i 686	 350 	 359 
i 748	 433 	 470 
i 449	 292 	 217 
i 542	 360 	 401 
i 434	 148 	 58 
i 935	 890 	 843 
i 73	 392 	 396 
i 725	 349 	 427 
i 389	 952 	 919 
i 57	 428 	 486 
i 326	 605 	 600 
i 689	 202 	 146 
i 893	 812 	 846 
i 174	 924 	 867 
i 216	 665 	 694 
i 94	 713 	 729 
i 410	 949 	 980 
i 678	 527 	 503 
i 625	 432 	 486 
i 982	 732 	 797 
i 539	 546 	 476 
i 641	 969 	 1037 
i 431	 280 	 327 
i 347	 879 	 961 
i 970	 182 	 107 
i 648	 760 	 704 
i 592	 391 	 417 
i 60	 976 	 937 
i 422	 427 	 513 
i 121	 225 	 308 
i 610	 961 	 952 
i 576	 210 	 129 
i 767	 960 	 965 
i 632	 727 	 801 
i 712	 649 	 718 
i 443	 762 	 760 
i 758	 959 	 875 
i 731	 631 	 559 
i 88	 907 	 920 
i 216	 848 	 885 
i 173	 774 	 733 
i 285	 290 	 364 
i 241	 377 	 405 
i 933	 846 	 800 
i 539	 735 	 831 
i 272	 597 	 582 
i 227	 147 	 84 
i 812	 222 	 305 
i 708	 351 	 252 
i 538	 855 	 799 
i 285	 576 	 554 
i 487	 841 	 876 
i 786	 728 	 811 
i 613	 409 	 479 
i 316	 650 	 628 
i 863	 637 	 669 
i 904	 128 	 206 
i 30	 293 	 333 
i 301	 219 	 201 
i 138	 224 	 314 
i 661	 421 	 367 
i 483	 771 	 815 
i 178	 486 	 487 
i 513	 414 	 338 
i 120	 283 	 270 
i 712	 632 	 591 
i 731	 333 	 273 
i 936	 236 	 182 
i 59	 862 	 868 
i 186	 339 	 373 
i 535	 295 	 261 
i 278	 503 	 566 
i 700	 256 	 354 
i 42	 706 	 707 
i 236	 813 	 838 
i 822	 312 	 279 
i 74	 579 	 492 
i 215	 760 	 661 
i 61	 968 	 880 
i 318	 553 	 502 
i 525	 262 	 318 
i 967	 558 	 470 
i 131	 394 	 446 
i 800	 388 	 448 
i 591	 838 	 746 
i 818	 505 	 577 
i 345	 806 	 893 
i 75	 867 	 797 
i 39	 872 	 814 
i 537	 929 	 934 
i 707	 261 	 171 
i 210	 959 	 863 
i 529	 125 	 55 
i 841	 803 	 893 
i 659	 629 	 637 
i 103	 665 	 637 
i 885	 544 	 585 
i 736	 487 	 543 
i 593	 622 	 685 
i 513	 810 	 781 
i 683	 392 	 304 
i 637	 440 	 394 
i 653	 460 	 520 
i 433	 595 	 623 
i 17	 552 	 512 
i 640	 146 	 127 
i 128	 468 	 426 
i 551	 206 	 111 
i 126	 900 	 924 
i 912	 740 	 666 
i 229	 168 	 231 
i 600	 225 	 215 
i 992	 469 	 390 
i 537	 294 	 302 
i 35	 867 	 878 
i 75	 248 	 187 
i 476	 609 	 574 
i 584	 868 	 943 
i 472	 893 	 793 
i 181	 556 	 639 
i 246	 675 	 603 
i 375	 512 	 560 
i 778	 916 	 963 
i 985	 122 	 76 
i 836	 603 	 564 
i 990	 209 	 185 
i 551	 384 	 455 
i 404	 673 	 661 
i 285	 563 	 645 
i 786	 565 	 484 
i 421	 490 	 458 
i 873	 618 	 661 
i 779	 390 	 388 
i 792	 156 	 151 
i 346	 399 	 362 
i 456	 672 	 633 
i 764	 123 	 194 
i 397	 886 	 838 
i 906	 391 	 400 
i 418	 315 	 281 
i 844	 400 	 450 
i 415	 703 	 728 
i 729	 450 	 431 
i 780	 889 	 828 
i 105	 426 	 434 
i 736	 706 	 606 
i 750	 978 	 1031 
i 623	 851 	 783 
i 938	 194 	 107 
i 169	 680 	 677 
i 494	 975 	 940 
i 161	 755 	 803 
i 542	 423 	 417 
i 418	 784 	 734 
i 773	 960 	 931 
i 443	 555 	 474 
i 419	 556 	 625 
i 252	 347 	 340 
i 347	 491 	 472 
i 986	 552 	 567 
i 958	 984 	 897 
i 684	 387 	 332 
i 36	 160 	 214 
i 793	 581 	 519 
i 749	 807 	 899 
i 250	 236 	 217 
i 750	 321 	 386 
i 17	 184 	 99 
i 445	 601 	 585 
i 941	 963 	 945 
i 923	 586 	 559 
i 236	 648 	 558 
i 291	 852 	 769 
i 820	 650 	 726 
i 603	 819 	 845 
i 745	 787 	 862 
i 982	 259 	 285 
i 65	 993 	 1022 
i 617	 173 	 91 
i 576	 550 	 456 
i 111	 915 	 1006 
i 716	 354 	 292 
i 550	 401 	 397 
i 158	 479 	 439 
i 954	 374 	 455 
i 715	 934 	 964 
i 882	 827 	 854 
i 875	 498 	 538 
i 946	 184 	 147 
i 441	 266 	 344 
i 346	 296 	 196 
i 619	 259 	 303 
i 946	 431 	 385 
i 361	 862 	 847 
i 657	 244 	 220 
i 583	 162 	 81 
i 389	 744 	 840 
i 825	 420 	 491 
i 907	 154 	 214 
i 83	 436 	 384 
i 292	 342 	 359 
i 459	 346 	 287 
i 819	 987 	 917 
i 664	 339 	 342 
i 814	 719 	 653 
i 872	 171 	 222 
i 585	 258 	 187 
i 933	 241 	 335 
i 982	 114 	 189 
i 349	 828 	 920 
i 609	 156 	 106 
i 874	 680 	 722 
i 859	 865 	 871 
i 117	 113 	 51 
i 801	 572 	 473 
i 869	 726 	 802 
i 36	 509 	 502 
i 183	 638 	 617 
i 187	 612 	 588 
i 993	 503 	 549 
i 45	 468 	 435 
i 685	 692 	 634 
i 534	 435 	 349 
i 537	 907 	 844 
i 57	 191 	 288 
i 748	 199 	 270 
i 197	 982 	 1060 
i 790	 508 	 423 
i 355	 863 	 815 
i 796	 314 	 265 
i 199	 963 	 923 
i 853	 375 	 472 
i 219	 564 	 568 
i 115	 629 	 540 
i 205	 797 	 720 
i 305	 788 	 860 
i 285	 662 	 573 
i 732	 568 	 638 
i 579	 637 	 577 
i 808	 871 	 771 
i 766	 211 	 150 
i 65	 480 	 390 
i 575	 469 	 423 
i 158	 933 	 910 
i 929	 985 	 1003 
i 691	 198 	 277 
i 312	 966 	 902 
i 827	 130 	 212 
i 419	 885 	 883 
i 275	 178 	 138 
i 388	 179 	 92 
i 803	 357 	 283 
i 207	 405 	 446 
i 132	 647 	 720 
i 116	 991 	 1050 
i 215	 629 	 626 
i 177	 538 	 597 
i 199	 700 	 725 
i 70	 624 	 532 
i 147	 175 	 138 
i 224	 444 	 485 
i 501	 505 	 507 
i 831	 624 	 667 
i 435	 364 	 433 
i 426	 245 	 337 
i 10	 953 	 888 
i 490	 497 	 468 
i 154	 318 	 328 
i 731	 875 	 899 
i 804	 914 	 968 
i 179	 309 	 407 
i 623	 937 	 936 
i 200	 502 	 467 
i 486	 250 	 302 
i 637	 116 	 53 
i 585	 974 	 913 
i 20	 244 	 281 
i 253	 561 	 629 
i 113	 165 	 179 
i 17	 720 	 695 
i 240	 516 	 527 
i 170	 511 	 446 
i 610	 951 	 926 
i 767	 352 	 424 
i 773	 140 	 140 
i 745	 307 	 224 
i 895	 483 	 404 
i 402	 206 	 177 
i 463	 954 	 948 
i 149	 575 	 572 
i 604	 910 	 955 
i 55	 515 	 594 
i 999	 675 	 676 
i 271	 123 	 78 
i 304	 891 	 801 
i 526	 448 	 507 
i 944	 526 	 564 
i 52	 620 	 538 
i 1	 939 	 950 
i 523	 470 	 510 
i 422	 905 	 866 
i 877	 664 	 636 
i 512	 575 	 547 
i 526	 139 	 165 
i 404	 385 	 472 
i 784	 430 	 422 
i 252	 248 	 229 
i 824	 862 	 853 
i 756	 945 	 936 
i 162	 550 	 646 
i 55	 287 	 267 
i 678	 562 	 518 
i 200	 884 	 942 
i 232	 317 	 281 
i 540	 879 	 923 
i 899	 823 	 824 
i 54	 345 	 397 
i 898	 706 	 722 
i 836	 225 	 193 
i 331	 634 	 634 
i 530	 618 	 629 
i 38	 978 	 925 
i 907	 339 	 326 
i 140	 157 	 190 
i 4	 442 	 383 
i 804	 197 	 118 
i 68	 649 	 580 
i 738	 436 	 347 
i 867	 956 	 1035 
i 456	 371 	 316 
i 27	 818 	 869 
i 2	 424 	 482 
i 260	 633 	 673 
i 312	 131 	 199 
i 684	 724 	 792 
i 781	 909 	 938 
i 387	 114 	 157 
i 754	 256 	 246 
i 705	 308 	 272 
i 997	 215 	 270 
i 793	 416 	 476 
i 146	 200 	 261 
i 734	 906 	 818 
i 757	 640 	 615 
i 448	 499 	 411 
i 346	 360 	 428 
i 350	 937 	 882 
i 514	 685 	 781 
i 736	 200 	 237 
i 854	 486 	 522 
i 198	 287 	 282 
i 299	 113 	 137 
i 194	 829 	 800 
i 789	 886 	 808 
i 227	 332 	 344 
i 508	 385 	 466 
i 437	 244 	 195 
i 84	 447 	 501 
i 184	 432 	 433 
i 606	 154 	 126 
i 804	 762 	 774 
i 807	 298 	 369 
i 615	 853 	 763 
i 488	 282 	 350 
i 736	 384 	 297 
i 46	 884 	 899 
i 196	 803 	 705 
i 575	 143 	 62 
i 936	 829 	 785 
i 984	 392 	 469 
i 718	 715 	 753 
i 929	 324 	 323 
i 764	 199 	 121 
i 956	 246 	 266 
i 264	 995 	 962 
i 134	 168 	 144 
i 912	 681 	 696 
i 949	 694 	 624 
i 758	 780 	 698 
i 75	 141 	 56 
i 754	 929 	 987 
i 994	 655 	 699 
i 95	 209 	 206 
i 247	 310 	 298 
i 243	 844 	 885 
i 307	 255 	 323 
i 949	 595 	 645 
i 605	 221 	 261 
i 358	 358 	 350 
i 393	 439 	 446 
i 314	 506 	 464 
i 926	 322 	 279 
i 37	 964 	 939 
i 261	 508 	 533 
i 86	 902 	 975 
i 248	 642 	 577 
i 793	 501 	 425 
i 917	 283 	 328 
i 197	 908 	 825 
i 566	 429 	 425 
i 11	 905 	 963 
i 249	 275 	 318 
i 209	 528 	 579 
i 656	 865 	 768 
i 546	 533 	 453 
i 145	 416 	 386 
i 584	 571 	 499 
i 778	 682 	 594 
i 675	 441 	 392 
i 34	 519 	 583 
i 927	 946 	 1012 
i 112	 762 	 678 
i 582	 513 	 471 
i 431	 297 	 386 
i 905	 312 	 310 
i 249	 403 	 430 
i 767	 714 	 658 
i 410	 842 	 742 
i 782	 896 	 931 
i 242	 236 	 277 
i 182	 968 	 995 
i 914	 821 	 870 
i 368	 894 	 859 
i 577	 264 	 315 
i 804	 217 	 250 
i 133	 656 	 738 
i 812	 334 	 370 
i 635	 532 	 450 
i 519	 532 	 606 
i 660	 244 	 167 
i 624	 874 	 833 
i 423	 550 	 492 
i 304	 326 	 341 
i 477	 619 	 550 
i 596	 406 	 497 
i 210	 997 	 915 
i 461	 921 	 1002 
i 934	 637 	 645 
i 409	 718 	 629 
i 559	 606 	 649 
i 419	 708 	 676 
i 913	 972 	 1025 
i 156	 271 	 184 
i 728	 785 	 794 
i 60	 924 	 852 
i 58	 888 	 858 
i 968	 971 	 1033 
i 561	 887 	 936 
i 245	 478 	 409 
i 801	 530 	 573 
i 474	 279 	 205 
i 443	 584 	 493 
i 623	 376 	 316 
i 382	 438 	 524 
i 297	 924 	 1022 
i 172	 161 	 70 
i 140	 474 	 377 
i 13	 307 	 322 
i 426	 971 	 1035 
i 897	 221 	 245 
i 88	 858 	 777 
i 620	 977 	 985 
i 918	 130 	 62 
i 287	 312 	 321 
i 202	 251 	 319 
i 259	 244 	 146 
i 667	 287 	 217 
i 888	 303 	 236 
i 856	 817 	 835 
i 981	 659 	 657 
i 821	 325 	 340 
i 796	 413 	 352 
i 818	 894 	 817 
i 46	 150 	 130 
i 204	 636 	 656 
i 353	 496 	 568 
i 552	 508 	 514 
i 768	 645 	 628 
i 562	 793 	 748 
i 180	 431 	 382 
i 421	 867 	 782 
i 760	 492 	 566 
i 641	 668 	 706 
i 686	 772 	 819 
i 277	 241 	 329 
i 710	 779 	 737 
i 158	 657 	 726 
i 759	 239 	 262 
i 527	 612 	 547 
i 887	 856 	 827 
i 738	 195 	 250 
i 167	 265 	 272 
i 794	 153 	 88 
i 537	 770 	 842 
i 684	 537 	 465 
i 436	 486 	 556 
i 51	 748 	 649 
i 196	 612 	 665 
i 759	 269 	 228 
i 598	 427 	 363 
i 694	 744 	 828 
i 867	 546 	 463 
i 916	 135 	 211 
i 657	 294 	 277 
i 138	 174 	 94 
i 560	 300 	 308 
i 277	 168 	 186 
i 840	 176 	 233 
i 20	 859 	 868 
i 376	 232 	 161 
i 89	 395 	 462 
i 578	 325 	 366 
i 606	 404 	 428 
i 812	 299 	 255 
i 882	 672 	 655 
i 96	 765 	 860 
i 160	 357 	 307 
i 234	 883 	 801 
i 76	 694 	 616 
i 213	 291 	 288 
i 532	 420 	 435 
i 774	 277 	 208 
i 104	 906 	 958 
i 316	 570 	 584 
i 948	 819 	 810 
i 685	 302 	 312 
i 961	 282 	 324 
i 830	 508 	 597 
i 487	 593 	 497 
i 690	 694 	 640 
i 39	 240 	 293 
i 226	 753 	 760 
i 121	 892 	 920 
i 637	 680 	 771 
i 435	 301 	 382 
i 650	 706 	 724 
i 843	 308 	 318 
i 291	 940 	 916 
i 833	 892 	 966 
i 489	 910 	 922 
i 635	 228 	 247 
i 358	 908 	 973 
i 237	 498 	 587 
i 876	 181 	 197 
i 91	 144 	 47 
i 760	 951 	 984 
i 982	 588 	 590 
i 915	 191 	 251 
i 794	 533 	 560 
i 693	 418 	 343 
i 825	 917 	 969 
i 722	 561 	 484 
i 159	 407 	 377 
i 238	 359 	 305 
i 276	 878 	 842 
i 221	 894 	 810 
i 757	 600 	 512 
i 847	 166 	 261 
i 323	 880 	 934 
i 669	 557 	 550 
i 576	 669 	 627 
i 84	 456 	 358 
i 417	 561 	 495 
i 696	 876 	 857 
i 559	 192 	 228 
i 440	 478 	 559 
i 990	 550 	 582 
i 54	 607 	 609 
i 919	 588 	 654 
i 422	 387 	 387 
i 50	 801 	 716 
i 438	 171 	 103 
i 945	 183 	 198 
i 806	 336 	 290 
i 898	 700 	 766 
i 312	 419 	 373 
i 806	 335 	 287 
i 364	 923 	 886 
i 901	 488 	 435 
i 213	 339 	 370 
i 989	 785 	 826 
i 59	 854 	 783 
i 141	 997 	 915 
i 394	 622 	 701 
i 57	 865 	 923 
i 404	 716 	 637 
i 655	 958 	 1040 
i 570	 303 	 258 
i 994	 585 	 520 
i 252	 794 	 772 
i 12	 489 	 465 
i 847	 229 	 216 
i 845	 358 	 373 
i 421	 438 	 532 
i 269	 346 	 252 
i 950	 163 	 149 
i 903	 258 	 175 
i 120	 180 	 211 
i 653	 426 	 456 
i 422	 585 	 666 
i 848	 933 	 1016 
i 980	 383 	 435 
i 259	 774 	 796 
i 627	 400 	 306 
i 891	 377 	 337 
i 951	 404 	 354 
i 118	 789 	 719 
i 196	 869 	 823 
i 551	 566 	 651 
i 85	 258 	 227 
i 10	 175 	 114 
i 316	 990 	 925 
i 62	 782 	 769 
i 387	 435 	 347 
i 687	 463 	 554 
i 17	 729 	 810 
i 780	 952 	 856 
i 633	 199 	 142 
i 145	 442 	 495 
i 312	 377 	 447 
i 384	 687 	 759 
i 374	 863 	 798 
i 129	 132 	 80 
i 494	 520 	 545 
i 889	 576 	 539 
i 586	 537 	 503 
i 532	 453 	 375 
i 632	 474 	 522 
i 6	 669 	 746 
i 306	 465 	 405 
i 954	 335 	 352 
i 801	 214 	 305 
i 824	 373 	 290 
i 285	 587 	 603 
i 809	 257 	 251 
i 289	 537 	 448 
i 674	 832 	 849 
i 84	 931 	 875 
i 712	 704 	 649 
i 111	 606 	 612 
i 363	 785 	 782 
i 480	 416 	 373 
i 775	 380 	 302 
i 312	 458 	 437 
i 476	 974 	 915 
i 956	 504 	 503 
i 767	 555 	 489 
i 690	 190 	 141 
i 359	 388 	 481 
i 915	 590 	 505 
i 674	 176 	 164 
i 19	 610 	 694 
i 321	 867 	 906 
i 711	 969 	 870 
i 683	 435 	 431 
i 127	 621 	 609 
i 626	 174 	 115 
i 716	 326 	 405 
i 28	 553 	 504 
i 567	 525 	 459 
i 641	 594 	 663 
i 203	 987 	 1060 
i 54	 917 	 854 
i 20	 647 	 726 
i 384	 655 	 671 
i 958	 197 	 238 
i 30	 589 	 556 
i 272	 774 	 684 
i 770	 684 	 599 
i 236	 913 	 942 
i 780	 178 	 135 
i 766	 932 	 930 
i 674	 813 	 821 
i 278	 980 	 992 
i 889	 890 	 979 
i 986	 520 	 601 
i 524	 261 	 348 
i 271	 559 	 500 
i 916	 606 	 701 
i 819	 677 	 619 
i 895	 363 	 461 
i 819	 619 	 671 
i 610	 166 	 152 
i 588	 650 	 692 
i 465	 262 	 282 
i 925	 216 	 233 
i 95	 132 	 54 
i 599	 964 	 940 
i 157	 259 	 218 
i 793	 239 	 162 
i 78	 430 	 332 
i 649	 425 	 491 
i 712	 212 	 200 
i 320	 598 	 504 
i 490	 342 	 341 
i 609	 877 	 861 
i 633	 511 	 514 
i 593	 611 	 533 
i 761	 952 	 906 
i 906	 330 	 242 
i 265	 435 	 363 
i 618	 447 	 505 
i 732	 299 	 299 
i 282	 692 	 756 
i 543	 719 	 681 
i 405	 271 	 355 
i 856	 645 	 656 
i 420	 214 	 143 
i 366	 316 	 397 
i 613	 557 	 620 
i 977	 614 	 530 
i 356	 740 	 779 
i 568	 554 	 540 
i 222	 112 	 154 
i 906	 843 	 794 
i 87	 232 	 264 
i 687	 163 	 166 
i 803	 656 	 743 
i 35	 788 	 748 
i 537	 708 	 791 
i 105	 543 	 621 
i 812	 615 	 564 
i 312	 347 	 410 
i 314	 730 	 637 
i 138	 475 	 563 
i 275	 702 	 608 
i 334	 401 	 444 
i 947	 860 	 864 
i 709	 803 	 814 
i 381	 183 	 101 
i 867	 997 	 936 
i 435	 901 	 803 
i 700	 234 	 198 
i 398	 960 	 987 
i 807	 994 	 1048 
i 473	 945 	 854 
i 799	 973 	 949 
i 642	 723 	 688 
i 421	 298 	 205 
i 503	 793 	 776 
i 500	 877 	 834 
i 390	 164 	 208 
i 528	 174 	 158 
i 484	 460 	 524 
i 478	 137 	 162 
i 417	 825 	 745 
i 387	 868 	 947 
i 76	 319 	 327 
i 286	 612 	 704 
i 54	 647 	 640 
i 915	 131 	 224 
i 976	 387 	 358 
i 48	 140 	 216 
i 442	 516 	 489 
i 471	 356 	 425 
i 275	 915 	 867 
i 127	 115 	 144 
i 361	 915 	 959 
i 925	 508 	 410 
i 529	 475 	 387 
i 552	 890 	 986 
i 863	 860 	 951 
i 896	 287 	 187 
i 353	 184 	 173 
i 629	 511 	 594 
i 534	 374 	 312 
i 539	 607 	 570 
i 444	 295 	 330 
i 891	 939 	 959 
i 301	 948 	 874 
i 178	 116 	 153 
i 21	 988 	 997 
i 219	 949 	 938 
i 302	 953 	 1012 
i 752	 460 	 445 
i 49	 386 	 478 
i 607	 556 	 556 
i 815	 838 	 927 
i 747	 553 	 620 
i 690	 201 	 128 
i 696	 320 	 283 
i 683	 929 	 896 
i 626	 529 	 539 
i 574	 925 	 996 
i 967	 746 	 767 
i 278	 238 	 269 
i 778	 205 	 157 
i 597	 650 	 565 
i 95	 602 	 667 
i 197	 457 	 460 
i 432	 579 	 521 
i 353	 859 	 938 
i 823	 268 	 272 
i 739	 761 	 680 
i 454	 632 	 544 
i 598	 283 	 251 
i 703	 867 	 791 
i 311	 212 	 255 
i 863	 282 	 344 
i 253	 128 	 29 
i 779	 587 	 574 
i 622	 776 	 834 
i 799	 683 	 706 
i 530	 259 	 229 
i 117	 344 	 405 
i 311	 401 	 382 
i 162	 705 	 626 
i 276	 812 	 796 
i 470	 560 	 516 
i 489	 393 	 400 
i 26	 401 	 364 
i 774	 792 	 879 
i 419	 607 	 654 
i 585	 265 	 218 
i 848	 580 	 556 
i 175	 410 	 449 
i 843	 771 	 842 
i 632	 869 	 795 
i 139	 354 	 374 
i 456	 607 	 525 
i 782	 196 	 119 
i 549	 477 	 555 
i 108	 422 	 384 
i 281	 189 	 268 
i 809	 427 	 475 
i 146	 768 	 851 
i 889	 498 	 550 
i 743	 371 	 349 
i 18	 490 	 496 
i 575	 137 	 234 
i 671	 220 	 274 
i 84	 325 	 289 
i 434	 229 	 214 
i 522	 505 	 546 
i 878	 412 	 415 
i 618	 184 	 216 
i 54	 112 	 122 
i 347	 790 	 749 
i 774	 252 	 214 
i 804	 725 	 802 
i 926	 716 	 728 
i 168	 513 	 541 
i 301	 798 	 713 
i 744	 289 	 309 
i 84	 919 	 914 
i 167	 491 	 410 
i 169	 192 	 122 
i 932	 684 	 683 
i 92	 948 	 902 
i 782	 338 	 253 
i 463	 239 	 139 
i 915	 737 	 671 
i 689	 421 	 415 
i 889	 490 	 433 
i 799	 135 	 94 
i 228	 561 	 554 
i 320	 647 	 673 
i 965	 780 	 793 
i 907	 334 	 365 
i 163	 576 	 564 
i 308	 644 	 724 
i 13	 646 	 709 
i 361	 798 	 799 
i 788	 328 	 307 
i 816	 519 	 458 
i 322	 785 	 770 
i 925	 310 	 358 
i 678	 874 	 916 
i 930	 488 	 511 
i 454	 184 	 240 
i 54	 576 	 493 
i 655	 490 	 410 
i 429	 329 	 321 
i 673	 781 	 730 
i 134	 246 	 159 
i 892	 421 	 398 
i 117	 799 	 761 
i 975	 572 	 670 
i 401	 315 	 399 
i 483	 863 	 837 
i 7	 668 	 653 
i 433	 746 	 662 
i 679	 835 	 837 
i 433	 356 	 293 
i 585	 578 	 541 
i 934	 636 	 578 
i 709	 981 	 946 
i 229	 370 	 330 
i 459	 362 	 402 
i 306	 291 	 228 
i 932	 625 	 563 
i 647	 116 	 141 
i 462	 190 	 151 
i 738	 645 	 693 
i 265	 810 	 775 
i 856	 205 	 157 
i 835	 392 	 485 
i 127	 684 	 623 
i 409	 954 	 985 
i 612	 691 	 783 
i 191	 857 	 936 
i 197	 141 	 149 
i 286	 699 	 600 
i 887	 972 	 1020 
i 675	 741 	 642 
i 780	 141 	 213 
i 98	 372 	 411 
i 742	 345 	 410 
i 691	 522 	 468 
i 344	 217 	 286 
i 184	 184 	 91 
i 218	 980 	 926 
i 880	 573 	 577 
i 848	 578 	 559 
i 557	 350 	 266 
i 592	 358 	 430 
i 886	 237 	 329 
i 150	 859 	 899 
i 612	 704 	 682 
i 732	 912 	 959 
i 814	 776 	 860 
i 792	 809 	 737 
i 314	 129 	 33 
i 839	 591 	 664 
i 109	 954 	 939 
i 387	 139 	 42 
i 530	 906 	 986 
i 372	 872 	 782 
i 39	 609 	 642 
i 940	 960 	 939 
i 689	 727 	 669 
i 475	 658 	 559 
i 496	 783 	 746 
i 37	 801 	 732 
i 985	 684 	 637 
i 17	 174 	 204 
i 911	 190 	 126 
i 768	 994 	 1005 
i 329	 153 	 171 
i 284	 746 	 753 
i 976	 211 	 155 
i 592	 401 	 441 
i 349	 406 	 345 
i 125	 690 	 636 
i 770	 831 	 774 
i 841	 180 	 126 
i 931	 762 	 691 
i 925	 926 	 1008 
i 973	 532 	 480 
i 688	 171 	 176 
i 802	 647 	 647 
i 129	 847 	 766 
i 461	 581 	 569 
i 114	 755 	 768 
i 923	 962 	 929 
i 2	 266 	 202 
i 735	 474 	 396 
i 653	 604 	 511 
i 127	 528 	 430 
i 195	 743 	 782 
i 799	 322 	 322 
i 628	 769 	 794 
i 157	 854 	 772 
i 882	 359 	 299 
i 840	 865 	 790 
i 16	 277 	 202 
i 425	 437 	 509 
i 979	 536 	 539 
i 449	 569 	 597 
i 161	 578 	 645 
i 398	 311 	 338 
i 139	 756 	 709 
i 974	 427 	 411 
i 254	 508 	 468 
i 103	 690 	 619 
i 289	 803 	 735 
i 656	 919 	 936 
i 135	 798 	 811 
i 650	 370 	 272 
i 176	 942 	 876 
i 402	 798 	 812 
i 129	 476 	 518 
i 485	 712 	 749 
i 932	 199 	 286 
i 583	 470 	 378 
i 363	 599 	 565 
i 272	 741 	 838 
i 46	 373 	 297 
i 337	 875 	 929 
i 273	 888 	 977 
i 47	 155 	 124 
i 458	 664 	 659 
i 135	 408 	 500 
i 234	 128 	 206 
i 637	 963 	 958 
i 187	 112 	 180 
i 895	 406 	 328 
i 191	 394 	 325 
i 52	 502 	 501 
i 926	 298 	 351 
i 975	 251 	 313 
i 598	 562 	 516 
i 932	 986 	 967 
i 952	 952 	 979 
i 911	 858 	 813 
i 913	 394 	 386 
i 245	 252 	 223 
i 564	 352 	 361 
i 5	 492 	 511 
i 216	 933 	 938 
i 374	 726 	 726 
i 881	 561 	 481 
i 866	 802 	 708 
i 813	 273 	 370 
i 654	 841 	 920 
i 972	 198 	 259 
i 132	 608 	 518 
i 403	 927 	 950 
i 832	 526 	 550 
i 757	 170 	 237 
i 449	 637 	 579 
i 955	 194 	 112 
i 733	 283 	 374 
i 916	 312 	 366 
i 738	 299 	 284 
i 836	 207 	 186 
i 396	 927 	 932 
i 314	 976 	 1062 
i 781	 637 	 689 
i 847	 302 	 306 
i 440	 159 	 253 
i 534	 348 	 433 
i 728	 431 	 462 
i 955	 396 	 411 
i 167	 194 	 156 
i 276	 573 	 502 
i 195	 927 	 936 
i 169	 509 	 580 
i 761	 449 	 477 
i 976	 240 	 237 
i 32	 703 	 788 
i 298	 677 	 669 
i 659	 611 	 549 
i 979	 308 	 237 
i 74	 819 	 781 
i 593	 209 	 226 
i 512	 341 	 397 
i 960	 826 	 916 
i 341	 701 	 743 
i 486	 382 	 420 
i 153	 816 	 860 
i 789	 752 	 655 
i 353	 275 	 310 
i 574	 445 	 476 
i 372	 576 	 622 
i 482	 855 	 820 
i 741	 490 	 557 
i 546	 299 	 358 
i 211	 257 	 184 
i 516	 891 	 915 
i 309	 616 	 671 
i 32	 368 	 381 
i 217	 386 	 469 
i 593	 989 	 987 
i 117	 685 	 758 
i 953	 447 	 416 
i 381	 736 	 653 
i 593	 591 	 618 
i 757	 411 	 480 
i 636	 534 	 506 
i 204	 201 	 235 
i 494	 892 	 932 
i 803	 508 	 591 
i 791	 437 	 439 
i 438	 876 	 901 
i 816	 757 	 773 
i 520	 177 	 269 
i 62	 256 	 267 
i 400	 821 	 783 
i 876	 685 	 774 
i 978	 118 	 48 
i 857	 715 	 744 
i 305	 451 	 441 
i 671	 378 	 326 
i 532	 833 	 869 
i 259	 503 	 502 
i 334	 131 	 34 
i 498	 987 	 902 
i 298	 592 	 587 
i 943	 871 	 841 
i 952	 826 	 792 
i 632	 962 	 900 
i 16	 648 	 647 
i 317	 160 	 93 
i 130	 375 	 414 
i 571	 980 	 1071 
i 594	 533 	 491 
i 581	 548 	 605 
i 123	 618 	 535 
i 978	 154 	 60 
i 783	 470 	 566 
i 741	 765 	 788 
i 346	 935 	 961 
i 402	 486 	 575 
i 700	 634 	 549 
i 678	 366 	 395 
i 153	 329 	 277 
i 646	 588 	 652 
i 217	 401 	 490 
i 267	 478 	 563 
i 670	 506 	 547 
i 407	 491 	 480 
i 334	 150 	 209 
i 756	 711 	 650 
i 345	 665 	 744 
i 632	 735 	 750 
i 877	 423 	 468 
i 415	 639 	 613 
i 741	 483 	 501 
i 155	 436 	 507 
i 600	 369 	 374 
i 29	 999 	 1085 
i 73	 509 	 462 
i 748	 328 	 233 
i 373	 503 	 476 
i 75	 412 	 312 
i 426	 923 	 998 
i 21	 682 	 640 
i 439	 125 	 31 
i 804	 651 	 588 
i 96	 524 	 581 
i 95	 993 	 1056 
i 543	 936 	 1014 
i 788	 286 	 313 
i 230	 308 	 210 
i 569	 637 	 554 
i 483	 638 	 640 
i 126	 531 	 537 
i 143	 792 	 886 
i 750	 823 	 878 
i 215	 991 	 1065 
i 208	 804 	 897 
i 136	 641 	 642 
i 333	 544 	 503 
i 555	 223 	 228 
i 147	 233 	 152 
i 740	 310 	 325 
i 213	 765 	 805 
i 979	 349 	 418 
i 780	 324 	 343 
i 770	 125 	 187 
i 550	 899 	 802 
i 148	 869 	 800 
i 635	 433 	 430 
i 761	 697 	 605 
i 899	 276 	 214 
i 124	 362 	 448 
i 860	 876 	 804 
i 129	 613 	 537 
i 369	 477 	 557 
i 385	 118 	 152 
i 272	 840 	 784 
i 125	 857 	 831 
i 487	 995 	 896 
i 147	 540 	 593 
i 334	 579 	 612 
i 616	 749 	 807 
i 477	 687 	 717 
i 43	 815 	 871 
i 455	 924 	 854 
i 464	 838 	 844 
i 284	 549 	 610 
i 124	 748 	 834 
i 119	 190 	 173 
i 602	 196 	 208 
i 130	 880 	 959 
i 846	 585 	 587 
i 495	 400 	 498 
i 288	 980 	 886 
i 203	 786 	 783 
i 23	 919 	 1009 
i 515	 506 	 453 
i 232	 334 	 305 
i 322	 273 	 268 
i 418	 644 	 560 
i 284	 257 	 198 
i 817	 167 	 78 
i 143	 624 	 634 
i 122	 616 	 683 
i 881	 646 	 554 
i 791	 192 	 104 
i 236	 150 	 165 
i 487	 360 	 422 
i 669	 680 	 606 
i 270	 216 	 226 
i 435	 287 	 353 
i 499	 473 	 503 
i 77	 523 	 581 
i 645	 124 	 207 
i 248	 870 	 929 
i 340	 908 	 925 
i 385	 965 	 1029 
i 665	 591 	 553 
i 307	 423 	 519 
i 426	 541 	 490 
i 625	 142 	 178 
i 33	 884 	 820 
i 497	 575 	 526 
i 513	 392 	 473 
i 368	 318 	 248 
i 265	 138 	 136 
i 226	 661 	 736 
i 766	 505 	 513 
i 118	 782 	 851 
i 603	 764 	 719 
i 638	 987 	 1067 
i 509	 706 	 792 
i 32	 870 	 856 
i 348	 212 	 300 
i 582	 127 	 89 
i 613	 263 	 278 
i 233	 702 	 762 
i 676	 593 	 606 
i 432	 187 	 224 
i 168	 942 	 899 
i 153	 298 	 383 
i 823	 209 	 196 
i 677	 150 	 143 
i 790	 532 	 595 
i 809	 481 	 460 
i 981	 758 	 660 
i 646	 380 	 328 
i 189	 203 	 286 
i 275	 707 	 677 
i 211	 428 	 431 
i 422	 684 	 718 
i 533	 619 	 617 
i 577	 117 	 51 
i 52	 532 	 624 
i 468	 368 	 422 
i 196	 721 	 771 
i 499	 730 	 709 
i 603	 945 	 962 
i 275	 874 	 946 
i 631	 297 	 211 
i 276	 758 	 756 
i 847	 465 	 370 
i 855	 905 	 925 
i 329	 168 	 198 
i 618	 134 	 58 
i 305	 819 	 782 
i 2	 598 	 661 
i 940	 952 	 936 
i 799	 585 	 624 
i 9	 462 	 427 
i 736	 526 	 546 
i 136	 965 	 955 
i 30	 989 	 950 
i 94	 636 	 663 
i 120	 329 	 279 
i 916	 439 	 450 
i 465	 723 	 735 
i 412	 561 	 561 
i 945	 936 	 895 
i 340	 666 	 627 
i 807	 957 	 865 
i 768	 604 	 540 
i 756	 117 	 58 
i 348	 389 	 349 
i 593	 954 	 938 
i 962	 291 	 259 
i 651	 788 	 849 
i 159	 397 	 340 
i 87	 843 	 775 
i 712	 220 	 220 
i 664	 494 	 456 
i 220	 534 	 449 
i 227	 695 	 762 
i 540	 881 	 817 
i 489	 262 	 317 
i 692	 639 	 686 
i 454	 942 	 920 
i 777	 769 	 778 
i 600	 963 	 990 
i 723	 220 	 189 
i 155	 667 	 569 
i 631	 944 	 890 
i 288	 125 	 116 
i 155	 868 	 967 
i 326	 142 	 139 
i 920	 832 	 767 
i 855	 600 	 626 
i 597	 947 	 928 
i 556	 546 	 447 
i 679	 222 	 268 
i 305	 532 	 609 
i 243	 542 	 545 
i 260	 748 	 809 
i 112	 266 	 358 
i 147	 264 	 221 
i 957	 697 	 638 
i 508	 856 	 768 
i 449	 529 	 561 
i 938	 893 	 836 
i 65	 901 	 980 
i 539	 664 	 604 
i 25	 565 	 553 
i 741	 138 	 178 
i 916	 856 	 918 
i 90	 823 	 915 
i 749	 190 	 273 
i 588	 376 	 361 
i 59	 434 	 509 
i 938	 133 	 196 
i 828	 327 	 403 
i 451	 234 	 217 
i 961	 413 	 401 
i 991	 808 	 744 
i 830	 544 	 464 
i 631	 380 	 318 
i 721	 345 	 432 
i 21	 273 	 278 
i 384	 653 	 670 
i 410	 543 	 547 
i 652	 379 	 349 
i 792	 273 	 333 
i 133	 645 	 697 
i 917	 149 	 200 
i 405	 313 	 330 
i 708	 403 	 346 
i 972	 572 	 659 
i 156	 518 	 609 
i 766	 987 	 955 
i 253	 619 	 669 
i 555	 196 	 176 
i 737	 509 	 448 
i 338	 333 	 298 
i 382	 124 	 73 
i 609	 796 	 826 
i 938	 428 	 399 
i 457	 621 	 587 
i 915	 566 	 563 
i 902	 529 	 479 
i 474	 833 	 833 
i 571	 612 	 523 
i 20	 972 	 1031 
i 270	 257 	 183 
i 285	 550 	 553 
i 56	 769 	 694 
i 412	 459 	 371 
i 986	 778 	 782 
i 499	 184 	 171 
i 969	 616 	 583 
i 782	 840 	 902 
i 347	 400 	 376 
i 316	 453 	 433 
i 481	 273 	 307 
i 975	 392 	 483 
i 715	 852 	 754 
i 108	 964 	 949 
i 858	 132 	 114 
i 940	 595 	 677 
i 509	 984 	 1060 
i 330	 396 	 428 
i 655	 231 	 132 
i 41	 573 	 537 
i 223	 932 	 993 
i 540	 642 	 698 
i 374	 605 	 604 
i 334	 617 	 637 
i 357	 996 	 988 
i 902	 474 	 454 
i 884	 395 	 477 
i 207	 289 	 237 
i 342	 878 	 957 
i 861	 886 	 973 
i 785	 286 	 217 
i 383	 113 	 152 
i 939	 806 	 720 
i 509	 358 	 339 
i 505	 894 	 946 
i 914	 415 	 448 
i 235	 772 	 782 
i 436	 693 	 744 
i 299	 906 	 825 
i 172	 813 	 905 
i 369	 757 	 806 
i 371	 899 	 824 
i 154	 632 	 545 
i 432	 697 	 712 
i 314	 170 	 86 
i 656	 849 	 948 
i 401	 552 	 498 
i 56	 153 	 186 
i 951	 826 	 919 
i 741	 914 	 841 
i 469	 879 	 880 
i 356	 654 	 729 
i 941	 769 	 675 
i 602	 830 	 822 
i 668	 455 	 510 
i 499	 529 	 515 
i 996	 527 	 594 
i 45	 733 	 811 
i 849	 438 	 506 
i 754	 409 	 425 
i 619	 533 	 443 
i 230	 984 	 965 
i 971	 876 	 846 
i 781	 905 	 995 
i 169	 428 	 452 
i 639	 231 	 154 
i 108	 617 	 540 
i 808	 470 	 401 
i 178	 374 	 275 
i 513	 234 	 286 
i 988	 753 	 729 
i 971	 800 	 822 
i 833	 274 	 290 
i 726	 585 	 557 
i 84	 542 	 548 
i 219	 205 	 139 
i 787	 311 	 267 
i 193	 414 	 331 
i 489	 556 	 509 
i 627	 564 	 619 
i 350	 354 	 407 
i 125	 694 	 742 
i 309	 349 	 363 
i 842	 868 	 827 
i 328	 303 	 279 
i 434	 778 	 798 
i 659	 931 	 908 
i 999	 292 	 308 
i 501	 371 	 285 
i 12	 608 	 647 
i 286	 412 	 321 
i 941	 207 	 141 
i 210	 865 	 861 
i 62	 485 	 449 
i 279	 751 	 781 
i 30	 202 	 118 
i 952	 736 	 784 
i 157	 193 	 241 
i 450	 710 	 658 
i 11	 772 	 723 
i 350	 503 	 511 
i 458	 545 	 541 
i 306	 698 	 736 
i 727	 237 	 287 
i 448	 524 	 430 
i 551	 214 	 126 
i 255	 289 	 192 
i 348	 950 	 884 
i 22	 722 	 746 
i 766	 939 	 965 
i 208	 277 	 373 
i 697	 759 	 747 
i 358	 299 	 348 
i 500	 914 	 908 
i 965	 696 	 780 
i 82	 726 	 720 
i 282	 782 	 827 
i 226	 795 	 710 
i 913	 948 	 867 
i 845	 613 	 686 
i 33	 287 	 201 
i 762	 271 	 324 
i 973	 663 	 588 
i 878	 438 	 463 
i 537	 860 	 878 
i 229	 791 	 826 
i 984	 323 	 414 
i 754	 971 	 907 
i 697	 150 	 69 
i 262	 238 	 326 
i 461	 118 	 213 
i 641	 183 	 230 
i 263	 867 	 909 
i 631	 980 	 997 
i 474	 650 	 575 
i 240	 288 	 259 
i 478	 889 	 856 
i 446	 851 	 769 
i 490	 125 	 183 
i 633	 211 	 121 
i 641	 160 	 162 
i 722	 138 	 68 
i 573	 794 	 777 
i 551	 537 	 446 
i 158	 172 	 176 
i 358	 285 	 337 
i 233	 601 	 549 
i 66	 903 	 940 
i 83	 986 	 921 
i 196	 800 	 862 
i 252	 847 	 837 
i 283	 414 	 348 
i 52	 552 	 601 
i 532	 923 	 882 
i 601	 967 	 958 
i 797	 544 	 606 
i 349	 334 	 243 
i 240	 548 	 470 
i 225	 270 	 209 
i 1	 427 	 405 
i 829	 258 	 286 
i 171	 660 	 745 
i 667	 814 	 909 
i 582	 589 	 590 
i 546	 855 	 777 
i 34	 371 	 452 
i 285	 206 	 157 
i 776	 248 	 247 
i 956	 349 	 393 
i 312	 523 	 567 
i 479	 870 	 880 
i 97	 552 	 596 
i 888	 486 	 463 
i 427	 465 	 559 
i 264	 917 	 920 
i 558	 126 	 135 
i 665	 933 	 999 
i 820	 272 	 294 
i 89	 714 	 727 
i 553	 466 	 541 
i 407	 219 	 190 
i 903	 709 	 699 
i 326	 461 	 429 
i 724	 807 	 861 
i 632	 781 	 687 
i 650	 352 	 370 
i 576	 841 	 792 
i 757	 693 	 608 
i 436	 348 	 281 
i 835	 852 	 895 
i 957	 745 	 670 
i 630	 174 	 80 
i 26	 578 	 549 
i 809	 883 	 799 
i 564	 679 	 721 
i 835	 709 	 681 
i 656	 347 	 434 
i 312	 576 	 615 
i 578	 645 	 571 
i 412	 794 	 887 
i 126	 545 	 630 
i 197	 658 	 669 
i 723	 685 	 701 
i 592	 113 	 91 
i 232	 185 	 275 
i 905	 820 	 877 
i 171	 254 	 243 
i 694	 200 	 251 
i 297	 820 	 787 
i 66	 939 	 988 
i 554	 911 	 985 
i 171	 846 	 760 
i 817	 452 	 510 
i 820	 970 	 947 
i 904	 429 	 452 
i 702	 389 	 393 
i 863	 202 	 240 
i 964	 598 	 575 
i 763	 382 	 419 
i 694	 681 	 731 
i 595	 456 	 416 
i 423	 344 	 338 
i 807	 406 	 364 
i 774	 223 	 145 
i 133	 566 	 469 
i 445	 226 	 269 
i 547	 691 	 707 
i 96	 419 	 428 
i 401	 764 	 725 
i 43	 484 	 384 
i 432	 263 	 282 
i 694	 534 	 438 
i 28	 956 	 1021 
i 154	 326 	 346 
i 665	 426 	 473 
i 795	 440 	 376 
i 448	 189 	 234 
i 795	 707 	 771 
i 531	 303 	 248 
i 951	 578 	 531 
i 123	 581 	 621 
i 598	 225 	 203 
i 549	 244 	 228 
i 791	 982 	 997 
i 147	 630 	 578 
i 517	 395 	 302 
i 605	 557 	 553 
i 276	 316 	 271 
i 493	 161 	 223 
i 19	 362 	 414 
i 548	 601 	 677 
i 676	 334 	 330 
i 826	 685 	 591 
i 806	 171 	 235 
i 390	 683 	 776 
i 710	 897 	 894 
i 213	 929 	 847 
i 444	 470 	 443 
i 500	 719 	 791 
i 783	 550 	 625 
i 335	 338 	 323 
i 586	 234 	 154 
i 233	 663 	 748 
i 302	 691 	 737 
i 945	 533 	 457 
i 829	 506 	 573 
i 750	 938 	 847 
i 155	 130 	 128 
i 839	 457 	 555 
i 334	 333 	 388 
i 589	 225 	 146 
i 728	 603 	 642 
i 350	 694 	 779 
i 3	 631 	 577 
i 478	 394 	 329 
i 923	 505 	 406 
i 853	 358 	 409 
i 875	 401 	 483 
i 266	 838 	 888 
i 515	 831 	 747 
i 643	 632 	 666 
i 198	 730 	 710 
i 854	 460 	 510 
i 440	 397 	 448 
i 759	 602 	 548 
i 203	 759 	 690 
i 482	 764 	 666 
i 808	 548 	 625 
i 627	 469 	 399 
i 438	 247 	 280 
i 25	 322 	 283 
i 720	 921 	 922 
i 114	 390 	 362 
i 435	 170 	 230 
i 988	 841 	 853 
i 718	 160 	 212 
i 454	 299 	 248 
i 945	 308 	 218 
i 349	 207 	 243 
i 503	 341 	 264 
i 741	 934 	 862 
i 653	 320 	 392 
i 967	 772 	 867 
i 35	 205 	 187 
i 856	 918 	 897 
i 911	 527 	 450 
i 124	 317 	 331 
i 346	 535 	 538 
i 454	 583 	 655 
i 713	 298 	 271 
i 639	 403 	 324 
i 875	 529 	 581 
i 619	 407 	 452 
i 724	 385 	 437 
i 633	 750 	 773 
i 102	 216 	 222 
i 335	 320 	 350 
i 812	 827 	 926 
i 344	 397 	 387 
i 555	 276 	 209 
i 884	 603 	 664 
i 355	 699 	 735 
i 688	 486 	 446 
i 996	 245 	 149 
i 716	 923 	 954 
i 834	 584 	 635 
i 70	 167 	 85 
i 875	 749 	 830 
i 198	 749 	 699 
i 385	 263 	 324 
i 938	 412 	 450 
i 600	 239 	 148 
i 23	 845 	 891 
i 175	 223 	 269 
i 89	 245 	 234 
i 622	 829 	 785 
i 685	 615 	 585 
i 403	 699 	 644 
i 121	 616 	 600 
i 293	 838 	 899 
i 631	 666 	 715 
i 776	 390 	 359 
i 602	 430 	 403 
i 729	 193 	 201 
i 879	 843 	 869 
i 688	 350 	 300 
i 257	 600 	 687 
i 918	 911 	 879 
i 487	 223 	 215 
i 305	 599 	 650 
i 929	 429 	 406 
i 244	 203 	 135 
i 604	 511 	 564 
i 697	 840 	 838 
i 521	 434 	 408 
i 790	 996 	 908 
i 341	 333 	 296 
i 241	 279 	 226 
i 367	 584 	 628 
i 916	 996 	 901 
i 275	 780 	 871 
i 379	 235 	 175 
i 830	 380 	 441 
i 650	 172 	 172 
i 15	 612 	 516 
i 11	 945 	 1008 
i 262	 112 	 43 
i 451	 395 	 374 
i 984	 607 	 659 
i 980	 361 	 397 
i 733	 387 	 478 
i 873	 351 	 317 
i 177	 532 	 464 
i 246	 360 	 423 
i 809	 809 	 874 
i 748	 831 	 899 
i 749	 666 	 586 
i 70	 805 	 815 
i 628	 268 	 275 
i 909	 947 	 950 
i 222	 663 	 613 
i 492	 623 	 547 
i 966	 920 	 880 
i 247	 177 	 186 
i 33	 902 	 873 
i 842	 750 	 671 
i 468	 609 	 679 
i 249	 699 	 783 
i 426	 302 	 312 
i 367	 780 	 772 
i 988	 352 	 388 
i 564	 575 	 509 
i 475	 686 	 614 
i 550	 954 	 931 
i 440	 552 	 536 
i 160	 869 	 821 
i 720	 963 	 1009 
i 383	 833 	 928 
i 598	 766 	 747 
i 352	 367 	 421 
i 623	 778 	 830 
i 146	 496 	 461 
i 793	 651 	 711 
i 742	 776 	 746 
i 238	 232 	 290 
i 92	 606 	 696 
i 51	 840 	 874 
i 863	 600 	 510 
i 601	 581 	 611 
i 889	 942 	 842 
i 640	 740 	 765 
i 74	 527 	 581 
i 681	 817 	 830 
i 430	 639 	 600 
i 567	 951 	 960 
i 125	 765 	 792 
i 944	 721 	 758 
i 495	 428 	 438 
i 26	 476 	 406 
i 960	 167 	 75 
i 668	 170 	 206 
i 138	 728 	 779 
i 931	 526 	 513 
i 527	 140 	 213 
i 472	 413 	 400 
i 208	 898 	 910 
i 894	 576 	 576 
i 252	 299 	 199 
i 663	 789 	 694 
i 726	 925 	 1022 
i 794	 963 	 993 
i 489	 681 	 739 
i 955	 464 	 508 
i 988	 853 	 803 
i 329	 736 	 780 
i 215	 234 	 319 
i 738	 732 	 796 
i 949	 292 	 207 
i 713	 292 	 339 
i 629	 315 	 308 
i 588	 302 	 254 
i 229	 884 	 933 
i 627	 699 	 739 
i 462	 453 	 491 
i 166	 675 	 579 
i 304	 428 	 375 
i 3	 366 	 460 
i 207	 210 	 294 
i 411	 278 	 305 
i 640	 935 	 888 
i 855	 461 	 531 
i 725	 692 	 608 
i 387	 469 	 511 
i 772	 207 	 141 
i 408	 823 	 790 
i 765	 843 	 871 
i 53	 164 	 192 
i 164	 142 	 212 
i 352	 963 	 915 
i 280	 641 	 721 
i 674	 878 	 929 
i 328	 748 	 744 
i 731	 822 	 895 
i 840	 564 	 592 
i 642	 717 	 626 
i 465	 129 	 191 
i 525	 699 	 772 
i 560	 383 	 289 
i 520	 251 	 227 
i 117	 484 	 516 
i 979	 396 	 363 
i 697	 180 	 212 
i 498	 609 	 588 
i 8	 493 	 440 
i 690	 174 	 249 
i 711	 218 	 186 
i 373	 942 	 1015 
i 680	 824 	 809 
i 838	 851 	 940 
i 258	 303 	 216 
i 579	 892 	 801 
i 657	 303 	 351 
i 218	 894 	 842 
i 648	 357 	 306 
i 720	 568 	 655 
i 841	 460 	 490 
i 777	 765 	 669 
i 579	 649 	 689 
i 413	 142 	 150 
i 629	 986 	 1045 
i 508	 156 	 131 
i 724	 197 	 104 
i 606	 858 	 808 
i 883	 183 	 263 
i 398	 404 	 428 
i 790	 350 	 342 
i 527	 929 	 876 
i 133	 950 	 1013 
i 168	 686 	 632 
i 152	 278 	 349 
i 203	 989 	 962 
i 300	 436 	 354 
i 141	 468 	 507 
i 222	 693 	 709 
i 552	 605 	 701 
i 822	 269 	 323 
i 742	 679 	 638 
i 686	 892 	 878 
i 334	 730 	 749 
i 522	 936 	 986 
i 511	 811 	 901 
i 877	 249 	 199 
i 279	 332 	 310 
i 934	 953 	 976 
i 491	 582 	 515 
i 669	 564 	 662 
i 309	 360 	 406 
i 188	 625 	 608 
i 885	 119 	 169 
i 813	 650 	 605 
i 601	 428 	 485 
i 758	 386 	 418 
i 8	 611 	 699 
i 954	 961 	 1036 
i 485	 619 	 592 
i 994	 769 	 676 
i 276	 760 	 729 
i 854	 523 	 529 
i 863	 895 	 878 
i 471	 676 	 622 
i 827	 920 	 986 
i 138	 729 	 747 
i 701	 430 	 449 
i 657	 378 	 388 
i 230	 268 	 175 
i 970	 594 	 500 
i 702	 626 	 587 
i 166	 933 	 865 
i 49	 518 	 423 
i 684	 890 	 889 
i 595	 207 	 171 
i 292	 948 	 940 
i 650	 585 	 517 
i 950	 228 	 292 
i 128	 720 	 630 
i 671	 753 	 657 
i 252	 782 	 826 
i 177	 167 	 244 
i 635	 311 	 398 
i 512	 334 	 358 
i 621	 775 	 718 
i 564	 173 	 174 
i 98	 584 	 515 
i 230	 728 	 649 
i 915	 568 	 515 
i 638	 612 	 693 
i 394	 631 	 562 
i 457	 385 	 352 
i 682	 286 	 380 
i 933	 230 	 226 
i 680	 783 	 703 
i 751	 975 	 1008 
i 283	 538 	 591 
i 977	 679 	 778 
i 492	 776 	 858 
i 57	 986 	 995 
i 642	 904 	 992 
i 950	 157 	 137 
i 148	 456 	 372 
i 282	 430 	 333 
i 39	 860 	 899 
i 12	 953 	 942 
i 492	 659 	 705 
i 132	 451 	 492 
i 880	 448 	 388 
i 865	 369 	 320 
i 758	 857 	 937 
i 810	 807 	 877 
i 199	 274 	 373 
i 558	 348 	 304 
i 401	 363 	 326 
i 349	 983 	 949 
i 965	 492 	 556 
i 349	 253 	 343 
i 728	 883 	 949 
i 19	 173 	 212 
i 858	 402 	 393 
i 642	 314 	 267 
i 826	 181 	 174 
i 94	 180 	 84 
i 377	 430 	 414 
i 358	 713 	 767 
i 787	 118 	 165 
i 947	 849 	 766 
i 817	 808 	 871 
i 887	 661 	 727 
i 216	 394 	 432 
i 444	 801 	 767 
i 523	 150 	 82 
i 601	 564 	 514 
i 960	 585 	 611 
i 638	 963 	 1060 
i 647	 762 	 817 
i 478	 530 	 574 
i 263	 608 	 616 
i 882	 444 	 429 
i 201	 296 	 324 
i 977	 912 	 829 
i 22	 320 	 342 
i 532	 463 	 405 
i 66	 689 	 623 
i 26	 361 	 423 
i 758	 352 	 343 
i 230	 153 	 239 
i 790	 796 	 735 
i 165	 388 	 303 
i 374	 769 	 725 
i 276	 452 	 403 
i 511	 529 	 484 
i 907	 183 	 245 
i 558	 371 	 446 
i 840	 524 	 604 
i 112	 356 	 387 
i 160	 762 	 839 
i 931	 704 	 739 
i 244	 880 	 948 
i 983	 951 	 894 
i 367	 311 	 309 
i 838	 540 	 441 
i 919	 788 	 870 
i 213	 619 	 613 
i 678	 509 	 471 
i 954	 421 	 405 
i 687	 118 	 134 
i 356	 909 	 911 
i 222	 624 	 675 
i 167	 485 	 533 
i 392	 679 	 600 
i 874	 229 	 318 
i 636	 234 	 307 
i 209	 156 	 71 
i 656	 575 	 626 
i 6	 852 	 894 
i 15	 340 	 319 
i 912	 858 	 909 
i 489	 426 	 521 
i 910	 210 	 138 
i 551	 869 	 875 
i 684	 965 	 946 
i 822	 918 	 827 
i 874	 799 	 749 
i 397	 869 	 951 
i 232	 654 	 737 
i 489	 398 	 484 
i 331	 753 	 821 
i 685	 536 	 502 
i 798	 515 	 463 
i 651	 643 	 701 
i 613	 229 	 224 
i 520	 593 	 553 
i 295	 634 	 568 
i 148	 860 	 874 
i 758	 780 	 840 
i 82	 706 	 664 
i 804	 644 	 668 
i 283	 505 	 466 
i 738	 801 	 722 
i 337	 128 	 179 
i 470	 834 	 808 
i 14	 370 	 448 
i 602	 638 	 575 
i 444	 793 	 759 
i 197	 412 	 330 
i 866	 237 	 171 
i 467	 497 	 592 
i 910	 162 	 114 
i 687	 436 	 535 
i 706	 531 	 498 
i 521	 316 	 377 
i 812	 645 	 709 
i 405	 549 	 533 
i 173	 714 	 787 
i 512	 121 	 33 
i 655	 202 	 287 
i 90	 356 	 335 
i 148	 337 	 298 
i 514	 569 	 667 
i 986	 568 	 608 
i 218	 868 	 812 
i 819	 696 	 602 
i 313	 536 	 523 
i 990	 911 	 933 
i 3	 792 	 717 
i 106	 847 	 902 
i 382	 785 	 858 
i 637	 249 	 152 
i 152	 522 	 528 
i 667	 517 	 520 
i 519	 251 	 298 
i 178	 448 	 458 
i 656	 478 	 551 
i 556	 868 	 939 
i 322	 524 	 596 
i 152	 635 	 728 
i 909	 439 	 408 
i 66	 323 	 420 
i 528	 338 	 265 
i 984	 810 	 870 
i 143	 381 	 345 
i 521	 145 	 145 
i 934	 638 	 569 
i 787	 520 	 562 
i 252	 394 	 301 
i 842	 270 	 207 
i 213	 240 	 159 
i 452	 550 	 482 
i 708	 537 	 574 
i 495	 659 	 693 
i 798	 486 	 549 
i 837	 773 	 740 
i 432	 330 	 284 
i 892	 469 	 380 
i 212	 214 	 176 
i 391	 245 	 175 
i 537	 411 	 384 
i 32	 496 	 559 
i 511	 640 	 645 
i 129	 364 	 268 
i 551	 963 	 1026 
i 297	 799 	 830 
i 543	 210 	 127 
i 946	 453 	 549 
i 63	 505 	 443 
i 214	 782 	 798 
i 551	 919 	 843 
i 985	 356 	 286 
i 581	 194 	 226 
i 866	 661 	 719 
i 824	 680 	 648 
i 600	 519 	 547 
i 712	 214 	 150 
i 97	 293 	 218 
i 541	 276 	 214 
i 297	 448 	 429 
i 207	 967 	 1058 
i 482	 185 	 273 
i 576	 321 	 325 
i 196	 911 	 888 
i 836	 727 	 669 
i 296	 144 	 206 
i 412	 713 	 718 
i 617	 876 	 900 
i 803	 992 	 924 
i 183	 273 	 265 
i 146	 633 	 666 
i 231	 595 	 524 
i 467	 543 	 588 
i 368	 120 	 204 
i 62	 466 	 517 
i 99	 656 	 566 
i 777	 490 	 482 
i 639	 958 	 874 
i 630	 622 	 699 
i 812	 767 	 680 
i 401	 288 	 230 
i 945	 880 	 868 
i 432	 123 	 205 
i 443	 768 	 723 
i 842	 698 	 666 
i 456	 482 	 470 
i 883	 528 	 471 
i 836	 942 	 1013 
i 412	 125 	 122 
i 151	 912 	 871 
i 350	 973 	 1012 
i 216	 275 	 303 
i 230	 670 	 585 
i 969	 592 	 595 
i 630	 841 	 813 
i 48	 255 	 318 
i 518	 646 	 686 
i 453	 839 	 846 
i 469	 711 	 800 
i 371	 254 	 173 
i 342	 519 	 508 
i 526	 252 	 284 
i 157	 825 	 903 
i 698	 893 	 965 
i 519	 466 	 464 
i 681	 787 	 795 
i 284	 625 	 536 
i 104	 358 	 360 
i 779	 835 	 930 
i 940	 789 	 759 
i 400	 876 	 914 
i 559	 386 	 329 
i 363	 976 	 951 
i 243	 881 	 795 
i 642	 760 	 778 
i 404	 309 	 263 
i 981	 790 	 801 
i 260	 842 	 874 
i 75	 407 	 394 
i 837	 389 	 364 
i 699	 701 	 757 
i 9	 428 	 395 
i 982	 623 	 663 
i 849	 957 	 1045 
i 580	 133 	 150 
i 803	 659 	 757 
i 568	 903 	 997 
i 391	 509 	 455 
i 724	 207 	 168 
i 38	 597 	 526 
i 702	 935 	 1003 
i 60	 740 	 810 
i 636	 152 	 219 
i 588	 776 	 813 
i 613	 727 	 680 
i 231	 360 	 273 
i 122	 352 	 379 
i 570	 328 	 233 
i 678	 534 	 584 
i 227	 808 	 865 
i 154	 937 	 935 
i 861	 799 	 809 
i 908	 669 	 606 
i 657	 523 	 578 
i 352	 243 	 221 
i 632	 479 	 503 
i 904	 541 	 589 
i 149	 218 	 180 
i 625	 242 	 340 
i 410	 911 	 854 
i 340	 724 	 698 
i 114	 273 	 219 
i 742	 764 	 692 
i 206	 932 	 991 
i 355	 733 	 663 
i 769	 191 	 247 
i 254	 743 	 780 
i 374	 514 	 581 
i 522	 793 	 785 
i 423	 785 	 859 
i 113	 978 	 919 
i 296	 420 	 384 
i 31	 627 	 540 
i 954	 752 	 706 
i 654	 574 	 599 
i 745	 707 	 686 
i 457	 514 	 543 
i 911	 236 	 140 
i 678	 979 	 988 
i 437	 499 	 592 
i 413	 384 	 300 
i 760	 571 	 546 
i 341	 859 	 840 
i 64	 917 	 889 
i 584	 269 	 172 
i 255	 826 	 878 
i 709	 289 	 232 
i 849	 866 	 791 
i 826	 887 	 948 
i 264	 483 	 431 
i 571	 455 	 486 
i 90	 528 	 511 
i 931	 862 	 913 
i 838	 335 	 399 
i 18	 656 	 636 
i 822	 670 	 701 
i 24	 457 	 430 
i 874	 650 	 593 
i 747	 763 	 671 
i 168	 591 	 552 
i 555	 807 	 882 
i 25	 500 	 593 
i 870	 870 	 949 
i 123	 654 	 701 
i 736	 494 	 545 
i 365	 854 	 869 
i 754	 551 	 571 
i 361	 878 	 873 
i 96	 182 	 126 
i 636	 221 	 199 
i 419	 494 	 583 
i 858	 387 	 480 
i 712	 359 	 426 
i 324	 269 	 361 
i 756	 925 	 964 
i 592	 708 	 620 
i 87	 332 	 395 
i 950	 867 	 802 
i 31	 400 	 355 
i 156	 598 	 680 
i 587	 945 	 911 
i 897	 896 	 833 
i 177	 869 	 949 
i 355	 727 	 672 
i 272	 693 	 789 
i 943	 425 	 439 
i 193	 481 	 513 
i 44	 320 	 342 
i 369	 480 	 508 
i 917	 724 	 783 
i 856	 645 	 621 
i 740	 939 	 895 
i 594	 218 	 209 
i 288	 130 	 192 
i 942	 331 	 248 
i 297	 314 	 219 
i 714	 824 	 768 
i 949	 522 	 474 
i 365	 176 	 202 
i 55	 745 	 755 
i 656	 564 	 545 
i 589	 905 	 834 
i 709	 266 	 314 
i 732	 673 	 578 
i 979	 507 	 601 
i 209	 583 	 536 
i 11	 608 	 704 
i 474	 805 	 891 
i 547	 150 	 109 
i 261	 713 	 683 
i 771	 314 	 215 
i 665	 676 	 695 
i 840	 807 	 768 
i 473	 578 	 485 
i 919	 605 	 508 
i 451	 580 	 525 
i 11	 820 	 767 
i 791	 805 	 847 
i 836	 745 	 696 
i 515	 120 	 123 
i 743	 432 	 390 
i 380	 440 	 531 
i 164	 971 	 1030 
i 689	 354 	 307 
i 246	 388 	 325 
i 773	 404 	 431 
i 571	 606 	 636 
i 352	 817 	 805 
i 66	 560 	 515 
i 76	 790 	 848 
i 438	 362 	 369 
i 808	 621 	 704 
i 775	 582 	 497 
i 50	 401 	 454 
i 362	 640 	 542 
i 693	 808 	 865 
i 250	 488 	 459 
i 45	 177 	 219 
i 551	 571 	 626 
i 315	 819 	 889 
i 598	 636 	 593 
i 172	 224 	 143 
i 701	 150 	 224 
i 28	 221 	 305 
i 624	 905 	 862 
i 408	 918 	 1013 
i 832	 730 	 675 
i 907	 161 	 115 
i 426	 793 	 857 
i 223	 595 	 522 
i 813	 464 	 511 
i 940	 722 	 803 
i 985	 809 	 830 
i 110	 697 	 724 
i 3	 628 	 580 
i 911	 883 	 916 
i 608	 864 	 864 
i 665	 178 	 159 
i 433	 421 	 488 
i 978	 265 	 176 
i 376	 388 	 462 
i 63	 154 	 216 
i 848	 961 	 1020 
i 508	 614 	 695 
i 91	 292 	 373 
i 958	 524 	 588 
i 806	 230 	 215 
i 882	 676 	 594 
i 232	 152 	 157 
i 406	 894 	 894 
i 718	 946 	 1021 
i 767	 831 	 919 
i 724	 664 	 722 
i 290	 483 	 442 
i 494	 399 	 376 
i 959	 318 	 287 
i 94	 158 	 88 
i 730	 539 	 446 
i 776	 622 	 575 
i 658	 201 	 235 
i 598	 649 	 627 
i 409	 542 	 473 
i 31	 491 	 567 
i 450	 306 	 240 
i 774	 572 	 605 
i 8	 919 	 944 
i 62	 339 	 383 
i 543	 477 	 467 
i 118	 509 	 454 
i 220	 748 	 825 
i 825	 459 	 455 
i 311	 807 	 885 
i 739	 949 	 1033 
i 959	 846 	 820 
i 478	 111 	 40 
i 387	 704 	 634 
i 644	 372 	 315 
i 57	 124 	 175 
i 505	 524 	 599 
i 223	 726 	 645 
i 614	 623 	 707 
i 398	 164 	 110 
i 342	 957 	 1051 
i 169	 888 	 973 
i 169	 330 	 311 
i 837	 460 	 518 
i 132	 597 	 584 
i 147	 788 	 787 
i 611	 573 	 473 
i 304	 463 	 407 
i 880	 549 	 616 
i 940	 478 	 424 
i 892	 683 	 698 
i 767	 657 	 705 
i 14	 594 	 676 
i 407	 956 	 1006 
i 954	 773 	 849 
i 717	 275 	 180 
i 238	 715 	 742 
i 635	 716 	 804 
i 128	 914 	 978 
i 541	 769 	 821 
i 185	 978 	 1009 
i 799	 601 	 585 
i 344	 374 	 361 
i 295	 297 	 365 
i 41	 964 	 1023 
i 225	 859 	 862 
i 904	 884 	 934 
i 585	 564 	 541 
i 489	 514 	 517 
i 230	 358 	 269 
i 205	 148 	 96 
i 756	 732 	 640 
i 53	 220 	 196 
i 263	 609 	 644 
i 223	 470 	 513 
i 65	 291 	 379 
i 935	 750 	 819 
i 446	 530 	 516 
i 899	 875 	 959 
i 178	 444 	 374 
i 220	 494 	 465 
i 919	 708 	 630 
i 43	 744 	 677 
i 603	 197 	 182 
i 8	 800 	 830 
i 211	 550 	 593 
i 930	 500 	 530 
i 403	 364 	 283 
i 263	 749 	 848 
i 638	 680 	 615 
i 70	 815 	 794 
i 742	 243 	 205 
i 455	 344 	 315 
i 552	 492 	 583 
i 329	 873 	 966 
i 822	 563 	 498 
i 261	 310 	 231 
i 546	 890 	 892 
i 265	 976 	 1030 
i 905	 974 	 956 
i 698	 240 	 236 
i 847	 592 	 536 
i 110	 871 	 906 
i 538	 299 	 245 
i 396	 263 	 275 
i 904	 234 	 210 
i 129	 392 	 420 
i 6	 488 	 425 
i 978	 942 	 932 
i 950	 741 	 712 
i 96	 218 	 129 
i 637	 647 	 727 
i 493	 846 	 748 
i 705	 561 	 571 
i 877	 767 	 856 
i 16	 376 	 446 
i 332	 716 	 812 
i 757	 399 	 496 
i 692	 567 	 659 
i 402	 971 	 1053 
i 523	 402 	 304 
i 127	 453 	 482 
i 953	 368 	 296 
i 460	 380 	 449 
i 198	 871 	 915 
i 496	 825 	 872 
i 177	 693 	 607 
i 501	 675 	 740 
i 16	 662 	 666 
i 983	 631 	 715 
i 311	 555 	 544 
i 696	 564 	 578 
i 985	 251 	 256 
i 289	 376 	 473 
i 145	 239 	 175 
i 948	 882 	 917 
i 603	 649 	 720 
i 239	 712 	 683 
i 859	 559 	 533 
i 444	 133 	 104 
i 943	 953 	 986 
i 454	 460 	 432 
i 611	 968 	 937 
i 909	 547 	 574 
i 55	 533 	 589 
i 921	 696 	 742 
i 528	 410 	 376 
i 205	 281 	 295 
i 709	 599 	 585 
i 734	 930 	 1005 
i 682	 357 	 421 
i 76	 951 	 905 
i 41	 385 	 462 
i 531	 695 	 754 
i 7	 374 	 443 
i 664	 182 	 236 
i 2	 832 	 791 
i 194	 241 	 241 
i 742	 750 	 692 
i 664	 246 	 335 
i 942	 136 	 162 
i 887	 865 	 906 
i 196	 220 	 269 
i 853	 118 	 73 
i 150	 825 	 781 
i 230	 691 	 780 
i 42	 488 	 577 
i 188	 754 	 682 
i 907	 313 	 389 
i 60	 503 	 512 
i 88	 457 	 455 
i 936	 128 	 103 
i 60	 756 	 770 
i 69	 530 	 515 
i 871	 776 	 791 
i 524	 139 	 200 
i 948	 981 	 1050 
i 672	 936 	 843 
i 900	 173 	 261 
i 341	 959 	 859 
i 731	 559 	 477 
i 751	 995 	 900 
i 477	 442 	 359 
i 948	 952 	 883 
i 697	 443 	 348 
i 729	 956 	 966 
i 708	 785 	 785 
i 636	 650 	 584 
i 706	 682 	 596 
i 661	 632 	 614 
i 166	 635 	 564 
i 161	 716 	 795 
i 534	 741 	 715 
i 481	 819 	 783 
i 855	 958 	 861 
i 806	 983 	 1032 
i 565	 585 	 576 
i 173	 141 	 59 
i 815	 295 	 354 
i 402	 360 	 352 
i 992	 729 	 754 
i 674	 858 	 915 
i 383	 766 	 730 
i 181	 209 	 269 
i 135	 495 	 526 
i 116	 513 	 505 
i 649	 289 	 194 
i 683	 695 	 635 
i 890	 778 	 681 
i 172	 600 	 583 
i 866	 121 	 103 
i 707	 678 	 595 
i 445	 489 	 482 
i 555	 774 	 803 
i 988	 597 	 653 
i 441	 292 	 371 
i 641	 704 	 713 
i 299	 730 	 676 
i 51	 908 	 832 
i 601	 923 	 881 
i 612	 406 	 338 
i 251	 772 	 845 
i 676	 847 	 809 
i 422	 375 	 448 
i 969	 952 	 1023 
i 174	 760 	 719 
i 841	 670 	 757 
i 538	 269 	 216 
i 435	 475 	 432 
i 349	 584 	 661 
c
c
W 1013191
c end of file