n 200
c  w 
i 775 	 3251 	 1609 	 2187
i 882 	 616 	 4145 	 4570
i 568 	 434 	 821 	 3111
i 1876 	 4014 	 4052 	 1388
i 1901 	 2469 	 1806 	 2555
i 1015 	 4663 	 2216 	 3173
i 1572 	 2511 	 2525 	 4406
i 1226 	 1776 	 766 	 10
i 9 	 2366 	 2187 	 2228
i 1188 	 1333 	 1799 	 4386
i 702 	 2611 	 2497 	 1450
i 648 	 1550 	 2829 	 1379
i 1603 	 4626 	 3925 	 1551
i 1715 	 1142 	 4715 	 3220
i 1456 	 2240 	 2627 	 1711
i 1602 	 3384 	 1711 	 4026
i 298 	 3889 	 1254 	 3713
i 87 	 3043 	 3099 	 1971
i 260 	 597 	 3411 	 2269
i 853 	 1241 	 3639 	 1147
i 345 	 2564 	 2688 	 157
i 1478 	 2403 	 3367 	 2340
i 1853 	 995 	 4041 	 3642
i 1747 	 752 	 2669 	 121
i 1852 	 3913 	 3824 	 4844
i 781 	 1924 	 1816 	 2602
i 1003 	 228 	 4862 	 4639
i 582 	 3502 	 786 	 2317
i 425 	 3465 	 2464 	 4754
i 345 	 832 	 2094 	 503
i 725 	 1135 	 4136 	 1188
i 750 	 1805 	 1299 	 1510
i 285 	 124 	 1355 	 2666
i 814 	 3162 	 269 	 4540
i 1351 	 131 	 4179 	 4829
i 1449 	 4956 	 2147 	 4681
i 1368 	 4601 	 4435 	 4280
i 171 	 1529 	 4774 	 2241
i 1061 	 3910 	 3420 	 4524
i 284 	 4710 	 1035 	 1424
i 1929 	 2381 	 4081 	 1862
i 215 	 4340 	 1403 	 3913
i 1784 	 582 	 3743 	 3086
i 214 	 890 	 2768 	 3951
i 194 	 2203 	 3232 	 915
i 1488 	 3007 	 3147 	 1378
i 765 	 1567 	 902 	 2623
i 509 	 1927 	 4038 	 1102
i 1719 	 3120 	 2955 	 4832
i 983 	 4348 	 3745 	 1923
i 1968 	 2489 	 10 	 460
i 1347 	 2769 	 4402 	 3851
i 1984 	 2634 	 4757 	 3685
i 254 	 2904 	 63 	 2549
i 1784 	 956 	 173 	 740
i 1148 	 4201 	 1832 	 2172
i 927 	 4777 	 2005 	 4772
i 1650 	 750 	 1696 	 4047
i 1291 	 1697 	 4497 	 1599
i 1782 	 3900 	 450 	 4418
i 612 	 208 	 3104 	 2166
i 1240 	 3157 	 4705 	 2565
i 1641 	 4868 	 3295 	 1978
i 1627 	 128 	 4141 	 1391
i 1958 	 1146 	 1164 	 4022
i 753 	 2851 	 3069 	 117
i 1815 	 2567 	 1706 	 3995
i 585 	 2147 	 3413 	 2991
i 937 	 1518 	 158 	 448
i 1866 	 4854 	 3003 	 3770
i 1889 	 1299 	 748 	 3793
i 565 	 4879 	 185 	 1313
i 408 	 1340 	 336 	 2903
i 1672 	 3395 	 3010 	 3719
i 383 	 4707 	 2714 	 2419
i 740 	 1128 	 411 	 4190
i 1053 	 560 	 4629 	 2303
i 163 	 2633 	 1073 	 137
i 1568 	 1811 	 3920 	 339
i 675 	 4096 	 1643 	 2707
i 172 	 1969 	 610 	 4607
i 144 	 3611 	 3327 	 1317
i 1326 	 1042 	 3727 	 173
i 863 	 4129 	 4354 	 4787
i 1871 	 3984 	 2090 	 94
i 645 	 3154 	 221 	 539
i 1982 	 4132 	 868 	 1647
i 1290 	 2502 	 4345 	 3654
i 1784 	 4945 	 3262 	 4816
i 1422 	 1589 	 1134 	 1875
i 1047 	 4852 	 2039 	 4773
i 1592 	 1394 	 4560 	 3661
i 149 	 1651 	 3745 	 1985
i 1918 	 3956 	 2514 	 4752
i 1234 	 3373 	 1399 	 1317
i 348 	 744 	 4962 	 337
i 274 	 3225 	 154 	 4237
i 1921 	 1278 	 1113 	 2427
i 450 	 3142 	 2200 	 112
i 1810 	 1761 	 3763 	 4894
i 1360 	 2508 	 1879 	 3199
i 584 	 4384 	 2951 	 4544
i 1102 	 4340 	 862 	 3622
i 32 	 824 	 3950 	 765
i 1615 	 4094 	 4993 	 3845
i 147 	 1106 	 1272 	 1494
i 1695 	 3462 	 1597 	 3766
i 87 	 361 	 3661 	 3616
i 1143 	 541 	 1815 	 4315
i 1966 	 4756 	 3860 	 2672
i 1638 	 4712 	 1295 	 4173
i 213 	 246 	 4929 	 4567
i 1732 	 4922 	 3412 	 4694
i 410 	 4675 	 1189 	 269
i 1254 	 2777 	 4025 	 3351
i 1250 	 2687 	 1967 	 988
i 1286 	 3773 	 304 	 3134
i 1411 	 4154 	 807 	 2627
i 1546 	 2093 	 1800 	 4394
i 930 	 1729 	 3961 	 1660
i 659 	 2374 	 1355 	 2672
i 818 	 2535 	 2931 	 187
i 123 	 1957 	 3528 	 3431
i 1853 	 496 	 4409 	 2853
i 1703 	 4704 	 987 	 2789
i 1543 	 1784 	 416 	 2725
i 1546 	 2207 	 2120 	 1197
i 1570 	 1081 	 2847 	 579
i 1378 	 4193 	 3241 	 496
i 690 	 1173 	 673 	 2031
i 1247 	 4191 	 462 	 2754
i 1871 	 4862 	 608 	 3937
i 1826 	 1585 	 1726 	 3425
i 1343 	 2133 	 1151 	 2227
i 1732 	 3261 	 3414 	 3258
i 1732 	 1262 	 3828 	 2779
i 180 	 2069 	 3265 	 2174
i 1292 	 3929 	 4195 	 1353
i 1247 	 4648 	 4098 	 2799
i 1804 	 4696 	 1736 	 4077
i 511 	 3453 	 2502 	 4631
i 232 	 3643 	 1859 	 4907
i 760 	 274 	 3166 	 1237
i 609 	 1994 	 4007 	 1972
i 1621 	 2273 	 4136 	 2286
i 479 	 3331 	 3630 	 4314
i 1191 	 2728 	 2113 	 2490
i 968 	 3840 	 1567 	 3696
i 916 	 4060 	 3328 	 2870
i 1080 	 187 	 2778 	 4599
i 179 	 944 	 837 	 1969
i 1170 	 4834 	 3931 	 1983
i 842 	 3068 	 4259 	 3300
i 558 	 2890 	 2615 	 4370
i 245 	 4718 	 1860 	 3032
i 1423 	 3418 	 1729 	 853
i 990 	 57 	 3713 	 183
i 92 	 1492 	 4773 	 677
i 969 	 610 	 2637 	 355
i 176 	 1568 	 2328 	 2543
i 1850 	 1588 	 844 	 1027
i 1787 	 3449 	 397 	 87
i 1266 	 2247 	 3109 	 1727
i 264 	 4829 	 2570 	 3135
i 1950 	 1283 	 3309 	 112
i 1105 	 3083 	 780 	 192
i 1472 	 3407 	 538 	 4118
i 1986 	 2857 	 1661 	 4593
i 1774 	 2495 	 620 	 3904
i 376 	 1007 	 3981 	 4103
i 1297 	 2091 	 830 	 3902
i 767 	 3391 	 2037 	 1797
i 1865 	 347 	 1900 	 2430
i 1367 	 2670 	 2613 	 2104
i 429 	 3142 	 1223 	 1043
i 398 	 2875 	 637 	 435
i 146 	 1247 	 4330 	 1306
i 896 	 3311 	 409 	 490
i 159 	 1230 	 4382 	 2314
i 1844 	 1420 	 4102 	 4276
i 702 	 1002 	 1707 	 179
i 1464 	 4311 	 2274 	 4730
i 980 	 3487 	 774 	 3442
i 543 	 1401 	 3867 	 1724
i 1054 	 3198 	 3020 	 4873
i 602 	 3420 	 364 	 1903
i 1856 	 4736 	 4208 	 4252
i 461 	 3311 	 3528 	 2905
i 1721 	 236 	 3074 	 2966
i 1814 	 348 	 2697 	 1990
i 1530 	 3461 	 433 	 189
i 1941 	 4291 	 1903 	 2491
i 994 	 4914 	 2365 	 3989
i 1333 	 2719 	 892 	 2976
i 981 	 101 	 2229 	 3602
i 1360 	 758 	 1507 	 2706
i 392 	 4572 	 672 	 521
i 1964 	 3360 	 2502 	 3737
i 727 	 2925 	 3916 	 1674
i 885 	 820 	 4155 	 4695
c c
W 108051
c end of file

