n 200
c  w 
i 463 	 3410 	 768 	 565
i 1341 	 1260 	 731 	 2632
i 1167 	 3219 	 4569 	 456
i 1152 	 2201 	 164 	 4209
i 60 	 1109 	 3494 	 4253
i 1788 	 4732 	 928 	 1983
i 1864 	 4825 	 2826 	 1578
i 772 	 4707 	 835 	 3087
i 1246 	 1593 	 3642 	 1474
i 1136 	 4364 	 4096 	 766
i 1032 	 3666 	 1212 	 468
i 345 	 1367 	 4667 	 1013
i 985 	 3161 	 267 	 1937
i 1156 	 1186 	 3911 	 2556
i 403 	 1737 	 4124 	 2936
i 576 	 4950 	 1024 	 4553
i 616 	 4656 	 1028 	 4378
i 1608 	 125 	 144 	 1605
i 1512 	 1347 	 2063 	 4639
i 1081 	 1730 	 653 	 171
i 1953 	 911 	 2099 	 2776
i 833 	 1010 	 333 	 3090
i 1094 	 4448 	 1026 	 4173
i 1759 	 2041 	 3727 	 943
i 677 	 4745 	 321 	 718
i 1944 	 456 	 2313 	 3642
i 716 	 4366 	 3281 	 4489
i 437 	 3924 	 4651 	 980
i 1930 	 1750 	 3746 	 1913
i 1099 	 4070 	 4993 	 488
i 1406 	 1020 	 4652 	 2916
i 1219 	 3379 	 3849 	 4739
i 1249 	 4161 	 458 	 2986
i 1843 	 2761 	 1628 	 1402
i 850 	 4900 	 891 	 3216
i 1529 	 542 	 4186 	 3650
i 912 	 2933 	 564 	 34
i 800 	 558 	 513 	 522
i 626 	 165 	 3428 	 4610
i 1413 	 2278 	 4349 	 1660
i 574 	 4798 	 4637 	 1048
i 1023 	 1265 	 2441 	 4678
i 464 	 3323 	 2895 	 4981
i 1542 	 2082 	 3632 	 1139
i 4 	 4186 	 1163 	 2010
i 1893 	 1667 	 2522 	 1303
i 727 	 951 	 913 	 358
i 1287 	 263 	 2009 	 4651
i 22 	 1646 	 699 	 2611
i 1159 	 3131 	 2290 	 4058
i 580 	 186 	 4039 	 311
i 902 	 2671 	 1440 	 2265
i 741 	 2594 	 4265 	 1592
i 1700 	 1788 	 2886 	 1074
i 1091 	 3790 	 1422 	 950
i 1617 	 3421 	 601 	 4095
i 25 	 1291 	 1707 	 2960
i 1764 	 3988 	 2018 	 867
i 1665 	 1057 	 1168 	 1423
i 1487 	 2599 	 3678 	 577
i 75 	 2944 	 2160 	 4436
i 1888 	 46 	 510 	 2452
i 1530 	 1923 	 3393 	 2870
i 136 	 3984 	 1966 	 403
i 108 	 3663 	 3353 	 4679
i 1059 	 372 	 546 	 1816
i 566 	 1705 	 3230 	 139
i 1717 	 1909 	 706 	 4479
i 1937 	 2856 	 3915 	 4566
i 1156 	 4416 	 2018 	 1719
i 534 	 412 	 4579 	 1675
i 1754 	 1545 	 2068 	 4653
i 81 	 422 	 4332 	 2851
i 311 	 4869 	 4658 	 2193
i 628 	 2888 	 2323 	 870
i 1915 	 3019 	 349 	 4631
i 348 	 4255 	 4197 	 3758
i 1468 	 1216 	 478 	 11
i 646 	 57 	 1676 	 1005
i 636 	 3734 	 659 	 1792
i 1658 	 4981 	 4634 	 4921
i 1940 	 4292 	 2115 	 1426
i 871 	 4428 	 2287 	 1969
i 978 	 2627 	 1601 	 3313
i 751 	 798 	 2072 	 553
i 800 	 2541 	 555 	 3613
i 1034 	 2221 	 4609 	 4172
i 380 	 268 	 965 	 103
i 98 	 599 	 24 	 101
i 1952 	 2129 	 1518 	 2064
i 621 	 3795 	 4023 	 3995
i 567 	 625 	 2309 	 3294
i 564 	 4372 	 3838 	 3408
i 764 	 4383 	 2022 	 4492
i 640 	 1632 	 3664 	 2551
i 754 	 4619 	 2644 	 2130
i 85 	 2659 	 2222 	 101
i 1911 	 3730 	 2156 	 1336
i 1009 	 1180 	 332 	 3937
i 716 	 2631 	 2232 	 3198
i 800 	 1071 	 1607 	 3907
i 180 	 3620 	 3399 	 2050
i 99 	 2064 	 4592 	 2133
i 672 	 2237 	 4253 	 1893
i 1954 	 1475 	 1985 	 4665
i 80 	 4131 	 1002 	 2721
i 122 	 1324 	 1659 	 2097
i 1578 	 3881 	 296 	 950
i 1977 	 1893 	 4848 	 398
i 203 	 3247 	 2439 	 756
i 122 	 2031 	 2879 	 1985
i 1703 	 2133 	 3869 	 4145
i 1439 	 854 	 3810 	 3794
i 1990 	 4803 	 1516 	 287
i 449 	 3165 	 2374 	 74
i 817 	 2660 	 1014 	 1990
i 1817 	 863 	 2379 	 58
i 1639 	 4808 	 805 	 4402
i 734 	 3675 	 1388 	 1097
i 321 	 257 	 242 	 4397
i 439 	 4043 	 3192 	 1077
i 1538 	 4698 	 1354 	 4964
i 1144 	 3719 	 38 	 4902
i 550 	 1043 	 1892 	 923
i 757 	 4261 	 972 	 997
i 1627 	 1767 	 399 	 909
i 175 	 1778 	 1997 	 1241
i 809 	 2230 	 638 	 3118
i 508 	 3821 	 4185 	 120
i 1407 	 540 	 84 	 1384
i 1699 	 112 	 1286 	 628
i 456 	 3169 	 1542 	 3032
i 971 	 2505 	 4019 	 1501
i 1704 	 4409 	 2401 	 4695
i 473 	 4388 	 936 	 3204
i 646 	 1565 	 1322 	 2882
i 152 	 507 	 2992 	 3896
i 413 	 3067 	 281 	 287
i 1267 	 1558 	 906 	 4306
i 1887 	 2439 	 2339 	 2149
i 1973 	 1359 	 3641 	 4196
i 305 	 1042 	 3892 	 1947
i 170 	 4818 	 151 	 2040
i 552 	 1464 	 4912 	 1760
i 783 	 2905 	 656 	 2990
i 387 	 928 	 3268 	 4133
i 989 	 4164 	 3439 	 2194
i 640 	 779 	 4334 	 1538
i 850 	 2976 	 735 	 2887
i 1603 	 4617 	 4824 	 4430
i 1774 	 4966 	 1470 	 819
i 570 	 1383 	 2570 	 3382
i 1711 	 3216 	 1373 	 251
i 1653 	 4631 	 4375 	 1612
i 1517 	 2815 	 3796 	 399
i 1433 	 3131 	 1927 	 712
i 441 	 2652 	 3589 	 116
i 906 	 3414 	 4536 	 1705
i 1351 	 1007 	 2515 	 4800
i 951 	 85 	 3183 	 1659
i 1316 	 4546 	 1901 	 2428
i 1670 	 1276 	 4030 	 2973
i 1632 	 2827 	 3363 	 2666
i 381 	 290 	 3368 	 2056
i 1172 	 1958 	 2162 	 203
i 147 	 1699 	 1899 	 3743
i 1077 	 4405 	 3544 	 76
i 1792 	 1727 	 1726 	 2773
i 508 	 3617 	 201 	 452
i 1953 	 4222 	 3416 	 3965
i 818 	 1779 	 1632 	 2997
i 823 	 4991 	 53 	 4984
i 778 	 2206 	 187 	 2312
i 1557 	 2077 	 1056 	 1591
i 591 	 4590 	 1657 	 963
i 526 	 3374 	 3727 	 2583
i 795 	 3919 	 3026 	 1875
i 1255 	 1443 	 841 	 190
i 1284 	 2463 	 3177 	 273
i 980 	 3221 	 258 	 4394
i 169 	 435 	 1707 	 4312
i 1000 	 2753 	 904 	 3975
i 936 	 2551 	 4928 	 3653
i 368 	 3656 	 1236 	 2907
i 1029 	 4253 	 4773 	 716
i 276 	 614 	 896 	 3899
i 1226 	 4064 	 4163 	 523
i 913 	 4411 	 4907 	 2703
i 1934 	 1615 	 2016 	 2340
i 1743 	 2910 	 1315 	 1703
i 183 	 1244 	 356 	 1378
i 1956 	 1583 	 4275 	 2465
i 333 	 4048 	 3171 	 1523
i 1861 	 4057 	 423 	 2721
i 1248 	 4576 	 3235 	 408
i 1594 	 3142 	 3101 	 3824
i 1898 	 117 	 1164 	 4106
i 1206 	 2470 	 810 	 3470
i 1481 	 1157 	 4838 	 3594
i 1091 	 4114 	 1059 	 3558
c c
W 101411
c end of file

