c Instance Type c
c
n 2000
c w	 v1	 v2
i 259	 712 	 801 
i 932	 775 	 683 
i 210	 745 	 787 
i 433	 730 	 726 
i 583	 177 	 111 
i 442	 677 	 677 
i 493	 778 	 704 
i 515	 905 	 948 
i 621	 706 	 761 
i 168	 616 	 569 
i 844	 470 	 475 
i 592	 423 	 414 
i 306	 461 	 494 
i 3	 207 	 126 
i 78	 636 	 672 
i 715	 789 	 714 
i 466	 347 	 370 
i 359	 465 	 391 
i 29	 214 	 264 
i 598	 905 	 989 
i 3	 253 	 306 
i 354	 719 	 690 
i 749	 237 	 269 
i 857	 830 	 863 
i 449	 919 	 967 
i 213	 638 	 629 
i 478	 749 	 833 
i 876	 410 	 366 
i 992	 528 	 490 
i 886	 309 	 390 
i 47	 239 	 321 
i 731	 920 	 873 
i 873	 349 	 251 
i 683	 939 	 1013 
i 593	 642 	 606 
i 186	 414 	 420 
i 904	 821 	 723 
i 241	 753 	 830 
i 710	 115 	 191 
i 933	 392 	 445 
i 79	 311 	 373 
i 989	 233 	 242 
i 258	 469 	 452 
i 190	 483 	 403 
i 787	 369 	 407 
i 129	 655 	 731 
i 927	 241 	 298 
i 650	 252 	 157 
i 655	 153 	 200 
i 971	 936 	 969 
i 198	 730 	 779 
i 336	 565 	 612 
i 739	 161 	 259 
i 158	 534 	 470 
i 449	 624 	 718 
i 62	 353 	 273 
i 208	 247 	 152 
i 367	 945 	 980 
i 414	 968 	 934 
i 343	 733 	 693 
i 40	 438 	 438 
i 551	 214 	 281 
i 608	 868 	 883 
i 85	 863 	 909 
i 662	 138 	 74 
i 935	 113 	 61 
i 90	 202 	 192 
i 28	 227 	 290 
i 992	 830 	 776 
i 692	 236 	 251 
i 61	 507 	 530 
i 177	 954 	 887 
i 30	 809 	 864 
i 876	 433 	 504 
i 907	 197 	 201 
i 910	 360 	 351 
i 14	 578 	 587 
i 145	 980 	 994 
i 953	 819 	 832 
i 96	 138 	 89 
i 541	 650 	 613 
i 490	 308 	 307 
i 276	 457 	 462 
i 639	 257 	 237 
i 736	 132 	 93 
i 18	 596 	 539 
i 542	 114 	 60 
i 520	 599 	 574 
i 318	 221 	 187 
i 348	 725 	 710 
i 954	 955 	 1048 
i 177	 350 	 341 
i 567	 792 	 838 
i 732	 371 	 345 
i 756	 728 	 649 
i 303	 114 	 39 
i 307	 309 	 342 
i 856	 516 	 453 
i 980	 851 	 852 
i 672	 256 	 327 
i 622	 635 	 696 
i 891	 606 	 703 
i 658	 124 	 134 
i 950	 776 	 733 
i 645	 218 	 126 
i 649	 315 	 283 
i 872	 427 	 457 
i 328	 132 	 133 
i 162	 300 	 297 
i 325	 751 	 683 
i 915	 622 	 678 
i 473	 453 	 487 
i 488	 441 	 407 
i 236	 933 	 889 
i 357	 298 	 383 
i 586	 335 	 350 
i 941	 641 	 630 
i 966	 331 	 386 
i 180	 782 	 869 
i 899	 327 	 279 
i 475	 470 	 405 
i 860	 276 	 306 
i 232	 875 	 802 
i 157	 281 	 255 
i 368	 532 	 578 
i 620	 467 	 430 
i 217	 979 	 930 
i 465	 489 	 434 
i 221	 290 	 271 
i 464	 235 	 195 
i 868	 469 	 524 
i 55	 628 	 655 
i 914	 317 	 391 
i 106	 441 	 346 
i 580	 774 	 753 
i 980	 535 	 438 
i 958	 817 	 763 
i 384	 158 	 197 
i 586	 359 	 442 
i 726	 719 	 695 
i 130	 990 	 940 
i 711	 794 	 755 
i 943	 474 	 418 
i 316	 360 	 325 
i 62	 385 	 466 
i 539	 738 	 815 
i 334	 753 	 822 
i 388	 960 	 905 
i 667	 692 	 755 
i 352	 620 	 628 
i 341	 961 	 995 
i 111	 296 	 272 
i 519	 568 	 533 
i 800	 764 	 792 
i 110	 166 	 206 
i 815	 972 	 920 
i 537	 871 	 886 
i 493	 734 	 826 
i 148	 937 	 963 
i 721	 773 	 869 
i 677	 366 	 330 
i 885	 963 	 950 
i 401	 414 	 504 
i 137	 704 	 754 
i 199	 386 	 458 
i 168	 122 	 157 
i 23	 338 	 281 
i 724	 851 	 892 
i 654	 820 	 891 
i 399	 493 	 508 
i 686	 479 	 429 
i 645	 768 	 696 
i 986	 266 	 274 
i 654	 225 	 260 
i 963	 896 	 971 
i 976	 775 	 683 
i 233	 490 	 403 
i 67	 682 	 740 
i 864	 423 	 411 
i 295	 296 	 364 
i 709	 809 	 814 
i 448	 147 	 81 
i 623	 272 	 204 
i 752	 753 	 815 
i 635	 467 	 522 
i 384	 357 	 407 
i 810	 395 	 492 
i 453	 454 	 364 
i 804	 268 	 351 
i 14	 662 	 604 
i 799	 523 	 607 
i 840	 993 	 966 
i 22	 259 	 357 
i 744	 401 	 449 
i 146	 236 	 211 
i 422	 927 	 979 
i 742	 708 	 722 
i 130	 696 	 601 
i 306	 743 	 809 
i 926	 669 	 737 
i 391	 858 	 886 
i 383	 787 	 783 
i 550	 227 	 227 
i 877	 219 	 168 
i 19	 880 	 858 
i 937	 328 	 391 
i 610	 117 	 128 
i 269	 627 	 664 
i 979	 649 	 747 
i 608	 498 	 582 
i 449	 359 	 321 
i 210	 930 	 968 
i 341	 470 	 419 
i 463	 918 	 842 
i 329	 250 	 178 
i 574	 600 	 515 
i 582	 437 	 474 
i 163	 934 	 1025 
i 768	 656 	 743 
i 205	 651 	 660 
i 484	 581 	 679 
i 407	 858 	 798 
i 811	 587 	 595 
i 720	 805 	 706 
i 877	 914 	 881 
i 429	 151 	 232 
i 795	 222 	 220 
i 721	 835 	 865 
i 336	 797 	 781 
i 943	 741 	 766 
i 473	 337 	 259 
i 314	 332 	 335 
i 849	 513 	 478 
i 631	 997 	 906 
i 535	 115 	 200 
i 581	 413 	 384 
i 706	 333 	 263 
i 521	 770 	 844 
i 293	 463 	 404 
i 3	 838 	 768 
i 257	 506 	 530 
i 506	 605 	 692 
i 958	 176 	 233 
i 955	 468 	 451 
i 960	 512 	 602 
i 301	 447 	 454 
i 552	 762 	 710 
i 294	 896 	 948 
i 690	 783 	 694 
i 509	 968 	 879 
i 953	 213 	 176 
i 509	 768 	 832 
i 583	 713 	 768 
i 985	 524 	 571 
i 436	 896 	 935 
i 814	 855 	 954 
i 548	 442 	 451 
i 432	 656 	 724 
i 188	 446 	 452 
i 153	 495 	 403 
i 268	 547 	 645 
i 8	 827 	 827 
i 685	 668 	 585 
i 151	 472 	 386 
i 34	 237 	 238 
i 871	 856 	 820 
i 244	 853 	 927 
i 857	 451 	 411 
i 235	 311 	 308 
i 667	 785 	 813 
i 159	 821 	 903 
i 964	 816 	 899 
i 592	 375 	 395 
i 999	 452 	 502 
i 142	 516 	 573 
i 980	 968 	 999 
i 815	 366 	 446 
i 199	 250 	 301 
i 424	 518 	 616 
i 182	 954 	 986 
i 981	 636 	 700 
i 775	 556 	 613 
i 74	 484 	 459 
i 458	 131 	 106 
i 914	 801 	 804 
i 878	 613 	 612 
i 166	 309 	 271 
i 323	 222 	 224 
i 781	 898 	 985 
i 730	 893 	 816 
i 321	 592 	 511 
i 822	 432 	 506 
i 243	 241 	 330 
i 266	 577 	 558 
i 43	 912 	 875 
i 608	 484 	 423 
i 831	 928 	 900 
i 957	 317 	 354 
i 843	 773 	 766 
i 723	 715 	 654 
i 265	 820 	 823 
i 627	 908 	 875 
i 774	 796 	 812 
i 299	 749 	 818 
i 200	 220 	 298 
i 620	 504 	 503 
i 539	 680 	 645 
i 772	 113 	 70 
i 517	 722 	 648 
i 198	 248 	 318 
i 995	 422 	 345 
i 892	 882 	 930 
i 664	 295 	 298 
i 383	 812 	 875 
i 507	 677 	 580 
i 949	 580 	 607 
i 590	 134 	 69 
i 593	 427 	 516 
i 281	 682 	 675 
i 436	 798 	 830 
i 786	 668 	 699 
i 654	 773 	 783 
i 861	 546 	 489 
i 651	 118 	 137 
i 288	 845 	 766 
i 815	 860 	 770 
i 842	 537 	 565 
i 199	 694 	 641 
i 842	 649 	 652 
i 615	 173 	 263 
i 242	 763 	 811 
i 986	 459 	 437 
i 477	 950 	 901 
i 485	 252 	 333 
i 311	 784 	 722 
i 154	 878 	 780 
i 634	 926 	 996 
i 291	 610 	 520 
i 895	 821 	 899 
i 966	 393 	 394 
i 700	 352 	 402 
i 93	 121 	 168 
i 37	 472 	 414 
i 196	 699 	 738 
i 954	 616 	 517 
i 817	 789 	 721 
i 735	 798 	 857 
i 297	 667 	 584 
i 97	 712 	 808 
i 414	 617 	 706 
i 685	 180 	 210 
i 697	 847 	 895 
i 104	 613 	 668 
i 765	 803 	 898 
i 335	 535 	 620 
i 98	 543 	 592 
i 871	 689 	 685 
i 498	 508 	 563 
i 175	 586 	 661 
i 745	 571 	 528 
i 823	 527 	 621 
i 651	 216 	 250 
i 217	 876 	 930 
i 994	 680 	 688 
i 472	 658 	 732 
i 959	 596 	 690 
i 609	 371 	 439 
i 58	 800 	 768 
i 593	 603 	 606 
i 112	 493 	 445 
i 579	 750 	 667 
i 698	 727 	 774 
i 559	 435 	 525 
i 200	 235 	 324 
i 816	 715 	 698 
i 362	 604 	 579 
i 655	 579 	 676 
i 431	 441 	 350 
i 985	 745 	 772 
i 415	 316 	 365 
i 135	 549 	 514 
i 828	 625 	 530 
i 194	 390 	 407 
i 333	 348 	 405 
i 14	 302 	 322 
i 568	 675 	 767 
i 95	 123 	 146 
i 467	 112 	 22 
i 181	 153 	 60 
i 411	 720 	 710 
i 904	 498 	 514 
i 483	 790 	 772 
i 797	 814 	 835 
i 66	 446 	 533 
i 280	 255 	 345 
i 914	 791 	 794 
i 928	 759 	 781 
i 930	 421 	 337 
i 978	 465 	 417 
i 664	 497 	 531 
i 100	 897 	 912 
i 864	 528 	 440 
i 656	 895 	 966 
i 34	 544 	 628 
i 196	 490 	 430 
i 961	 448 	 371 
i 690	 910 	 819 
i 40	 568 	 663 
i 438	 640 	 731 
i 872	 873 	 896 
i 757	 582 	 625 
i 227	 207 	 223 
i 109	 260 	 207 
i 596	 134 	 88 
i 24	 955 	 948 
i 403	 247 	 233 
i 303	 352 	 276 
i 816	 393 	 324 
i 412	 372 	 391 
i 270	 332 	 326 
i 800	 883 	 828 
i 908	 634 	 624 
i 77	 264 	 276 
i 104	 477 	 408 
i 54	 720 	 656 
i 207	 248 	 265 
i 478	 630 	 707 
i 795	 737 	 777 
i 90	 879 	 802 
i 340	 522 	 499 
i 209	 940 	 877 
i 797	 253 	 172 
i 969	 657 	 591 
i 382	 268 	 223 
i 68	 410 	 375 
i 222	 572 	 579 
i 807	 204 	 106 
i 512	 993 	 1054 
i 377	 731 	 810 
i 839	 835 	 782 
i 772	 290 	 279 
i 932	 456 	 404 
i 547	 541 	 483 
i 724	 694 	 713 
i 61	 939 	 971 
i 579	 343 	 419 
i 684	 820 	 858 
i 677	 832 	 772 
i 375	 662 	 678 
i 190	 571 	 555 
i 392	 783 	 721 
i 780	 291 	 216 
i 264	 508 	 542 
i 920	 698 	 677 
i 852	 338 	 329 
i 115	 927 	 834 
i 912	 825 	 868 
i 723	 551 	 530 
i 343	 733 	 787 
i 861	 360 	 452 
i 618	 734 	 704 
i 822	 906 	 832 
i 269	 128 	 107 
i 929	 725 	 688 
i 186	 188 	 122 
i 105	 593 	 550 
i 907	 625 	 564 
i 403	 376 	 460 
i 103	 729 	 681 
i 384	 527 	 452 
i 86	 494 	 542 
i 980	 809 	 822 
i 1	 928 	 995 
i 691	 393 	 445 
i 778	 676 	 766 
i 322	 828 	 738 
i 900	 192 	 284 
i 199	 368 	 341 
i 895	 297 	 290 
i 364	 532 	 602 
i 795	 644 	 731 
i 581	 416 	 499 
i 501	 919 	 1002 
i 818	 773 	 795 
i 454	 564 	 541 
i 261	 520 	 562 
i 353	 568 	 590 
i 642	 535 	 597 
i 852	 860 	 901 
i 326	 388 	 302 
i 925	 257 	 330 
i 270	 203 	 192 
i 179	 131 	 220 
i 924	 949 	 1002 
i 434	 603 	 547 
i 893	 949 	 945 
i 409	 692 	 759 
i 886	 347 	 342 
i 729	 179 	 144 
i 42	 807 	 838 
i 207	 869 	 885 
i 311	 750 	 820 
i 334	 259 	 165 
i 277	 213 	 303 
i 830	 895 	 872 
i 774	 203 	 159 
i 429	 631 	 669 
i 695	 485 	 500 
i 772	 909 	 870 
i 555	 313 	 282 
i 409	 896 	 906 
i 129	 524 	 596 
i 295	 391 	 330 
i 410	 418 	 413 
i 293	 377 	 338 
i 396	 722 	 638 
i 981	 972 	 973 
i 403	 697 	 637 
i 302	 321 	 416 
i 529	 593 	 599 
i 413	 902 	 989 
i 878	 506 	 419 
i 194	 385 	 357 
i 540	 562 	 616 
i 840	 985 	 898 
i 528	 368 	 360 
i 497	 440 	 428 
i 157	 892 	 961 
i 394	 184 	 113 
i 936	 162 	 197 
i 826	 634 	 552 
i 271	 580 	 673 
i 580	 641 	 573 
i 88	 963 	 1003 
i 72	 762 	 770 
i 361	 820 	 734 
i 731	 342 	 355 
i 610	 736 	 780 
i 692	 599 	 522 
i 750	 731 	 641 
i 340	 444 	 520 
i 868	 525 	 455 
i 465	 496 	 542 
i 424	 641 	 704 
i 157	 376 	 454 
i 954	 859 	 809 
i 215	 921 	 1017 
i 918	 537 	 555 
i 468	 293 	 250 
i 167	 398 	 305 
i 542	 447 	 422 
i 8	 341 	 289 
i 442	 476 	 517 
i 39	 238 	 164 
i 337	 967 	 924 
i 179	 869 	 817 
i 91	 204 	 195 
i 571	 189 	 164 
i 775	 716 	 785 
i 100	 969 	 871 
i 477	 112 	 122 
i 736	 446 	 458 
i 148	 662 	 562 
i 291	 403 	 311 
i 254	 520 	 495 
i 108	 777 	 788 
i 213	 993 	 1022 
i 301	 512 	 455 
i 981	 847 	 945 
i 947	 709 	 627 
i 948	 720 	 733 
i 326	 323 	 284 
i 946	 821 	 811 
i 275	 824 	 872 
i 735	 860 	 959 
i 485	 306 	 227 
i 478	 801 	 764 
i 928	 487 	 510 
i 757	 681 	 701 
i 431	 675 	 684 
i 116	 758 	 757 
i 354	 375 	 439 
i 154	 648 	 701 
i 955	 162 	 70 
i 798	 824 	 879 
i 19	 822 	 774 
i 795	 916 	 964 
i 219	 310 	 343 
i 861	 861 	 846 
i 496	 506 	 577 
i 224	 992 	 1086 
i 522	 545 	 510 
i 126	 387 	 382 
i 184	 181 	 168 
i 986	 219 	 165 
i 787	 910 	 860 
i 693	 255 	 164 
i 917	 913 	 866 
i 761	 619 	 544 
i 206	 998 	 1022 
i 198	 871 	 940 
i 686	 846 	 820 
i 997	 247 	 246 
i 76	 674 	 709 
i 198	 172 	 205 
i 98	 379 	 369 
i 260	 604 	 533 
i 163	 646 	 558 
i 734	 883 	 948 
i 733	 997 	 903 
i 588	 663 	 608 
i 415	 528 	 611 
i 568	 856 	 938 
i 202	 408 	 505 
i 271	 124 	 61 
i 573	 716 	 672 
i 128	 230 	 238 
i 730	 361 	 402 
i 599	 418 	 406 
i 596	 263 	 197 
i 218	 291 	 343 
i 686	 495 	 430 
i 526	 420 	 468 
i 860	 343 	 432 
i 876	 333 	 276 
i 557	 499 	 556 
i 692	 752 	 835 
i 973	 346 	 375 
i 319	 974 	 923 
i 491	 477 	 545 
i 693	 631 	 543 
i 126	 419 	 468 
i 474	 576 	 530 
i 736	 349 	 275 
i 986	 301 	 203 
i 424	 494 	 507 
i 145	 307 	 258 
i 410	 234 	 180 
i 381	 810 	 820 
i 792	 141 	 49 
i 379	 891 	 938 
i 725	 945 	 1017 
i 249	 721 	 688 
i 517	 964 	 878 
i 731	 195 	 106 
i 163	 204 	 200 
i 384	 709 	 734 
i 523	 940 	 847 
i 311	 258 	 241 
i 345	 749 	 691 
i 223	 787 	 805 
i 162	 553 	 516 
i 848	 431 	 443 
i 809	 730 	 646 
i 904	 795 	 857 
i 10	 848 	 943 
i 682	 389 	 360 
i 614	 948 	 1024 
i 780	 982 	 920 
i 499	 466 	 473 
i 260	 654 	 706 
i 757	 290 	 374 
i 118	 570 	 624 
i 814	 183 	 198 
i 585	 255 	 251 
i 414	 978 	 976 
i 728	 956 	 890 
i 670	 387 	 444 
i 650	 283 	 296 
i 50	 455 	 368 
i 661	 933 	 898 
i 862	 720 	 637 
i 379	 651 	 591 
i 461	 447 	 350 
i 624	 963 	 983 
i 599	 504 	 407 
i 550	 942 	 990 
i 861	 209 	 191 
i 55	 910 	 822 
i 442	 527 	 449 
i 367	 588 	 642 
i 54	 879 	 906 
i 661	 955 	 858 
i 41	 246 	 241 
i 998	 262 	 182 
i 442	 797 	 837 
i 377	 812 	 762 
i 488	 584 	 506 
i 387	 952 	 885 
i 856	 120 	 141 
i 393	 222 	 317 
i 258	 910 	 815 
i 207	 587 	 624 
i 360	 602 	 647 
i 530	 137 	 182 
i 303	 226 	 160 
i 92	 849 	 858 
i 624	 182 	 89 
i 571	 281 	 265 
i 582	 429 	 384 
i 707	 969 	 1003 
i 607	 947 	 1032 
i 144	 972 	 899 
i 696	 696 	 695 
i 725	 456 	 361 
i 855	 215 	 180 
i 686	 367 	 350 
i 767	 854 	 762 
i 959	 885 	 907 
i 317	 372 	 311 
i 283	 619 	 699 
i 225	 327 	 329 
i 194	 264 	 294 
i 852	 384 	 354 
i 242	 825 	 740 
i 360	 848 	 934 
i 648	 250 	 273 
i 484	 623 	 600 
i 355	 661 	 629 
i 649	 318 	 350 
i 222	 494 	 583 
i 465	 409 	 342 
i 637	 864 	 836 
i 945	 557 	 500 
i 748	 868 	 859 
i 578	 936 	 999 
i 734	 875 	 867 
i 311	 535 	 624 
i 929	 878 	 838 
i 164	 295 	 385 
i 595	 883 	 817 
i 930	 834 	 861 
i 777	 985 	 940 
i 280	 419 	 363 
i 132	 611 	 705 
i 60	 128 	 137 
i 919	 855 	 811 
i 398	 379 	 397 
i 261	 333 	 337 
i 468	 603 	 640 
i 337	 561 	 517 
i 152	 716 	 658 
i 135	 396 	 493 
i 482	 641 	 594 
i 45	 838 	 818 
i 65	 812 	 804 
i 901	 410 	 386 
i 204	 661 	 716 
i 454	 300 	 207 
i 9	 765 	 766 
i 516	 486 	 554 
i 198	 737 	 836 
i 518	 925 	 851 
i 116	 916 	 938 
i 934	 266 	 297 
i 723	 623 	 667 
i 61	 143 	 167 
i 680	 481 	 546 
i 893	 284 	 239 
i 629	 318 	 275 
i 53	 768 	 828 
i 757	 629 	 529 
i 673	 625 	 629 
i 580	 740 	 767 
i 755	 395 	 409 
i 331	 979 	 937 
i 368	 730 	 700 
i 785	 394 	 300 
i 980	 238 	 323 
i 214	 487 	 498 
i 953	 744 	 765 
i 537	 570 	 543 
i 115	 572 	 479 
i 823	 146 	 169 
i 144	 711 	 685 
i 121	 329 	 370 
i 817	 590 	 504 
i 136	 905 	 976 
i 279	 935 	 1002 
i 703	 871 	 781 
i 415	 478 	 379 
i 932	 131 	 139 
i 451	 457 	 488 
i 491	 492 	 488 
i 167	 154 	 179 
i 412	 487 	 536 
i 951	 226 	 238 
i 845	 292 	 331 
i 773	 167 	 262 
i 629	 914 	 950 
i 43	 961 	 880 
i 66	 968 	 873 
i 455	 562 	 557 
i 883	 259 	 353 
i 932	 688 	 615 
i 357	 356 	 365 
i 486	 131 	 131 
i 690	 632 	 601 
i 754	 365 	 288 
i 657	 345 	 394 
i 615	 951 	 1009 
i 579	 147 	 218 
i 88	 172 	 134 
i 254	 599 	 537 
i 903	 573 	 498 
i 180	 695 	 691 
i 203	 295 	 388 
i 789	 741 	 772 
i 75	 160 	 142 
i 339	 265 	 179 
i 284	 930 	 967 
i 326	 744 	 696 
i 395	 616 	 586 
i 944	 891 	 912 
i 465	 175 	 176 
i 123	 288 	 325 
i 330	 717 	 795 
i 39	 690 	 726 
i 94	 387 	 438 
i 268	 755 	 673 
i 191	 818 	 793 
i 903	 539 	 579 
i 471	 774 	 693 
i 350	 198 	 106 
i 422	 737 	 738 
i 621	 301 	 327 
i 304	 914 	 1006 
i 955	 818 	 917 
i 267	 535 	 453 
i 991	 318 	 290 
i 787	 402 	 412 
i 269	 739 	 730 
i 16	 476 	 561 
i 114	 564 	 519 
i 818	 603 	 642 
i 33	 167 	 131 
i 936	 727 	 751 
i 732	 692 	 707 
i 210	 692 	 761 
i 443	 775 	 842 
i 770	 207 	 231 
i 478	 698 	 776 
i 888	 214 	 295 
i 399	 148 	 52 
i 953	 394 	 462 
i 17	 126 	 200 
i 711	 411 	 473 
i 366	 966 	 974 
i 20	 592 	 642 
i 767	 455 	 394 
i 875	 311 	 404 
i 537	 867 	 855 
i 652	 772 	 738 
i 695	 692 	 738 
i 14	 712 	 749 
i 32	 571 	 611 
i 370	 459 	 441 
i 332	 291 	 346 
i 873	 773 	 832 
i 262	 553 	 566 
i 487	 726 	 714 
i 338	 696 	 791 
i 83	 201 	 227 
i 736	 496 	 460 
i 413	 258 	 225 
i 931	 867 	 841 
i 324	 602 	 649 
i 526	 969 	 883 
i 272	 772 	 860 
i 769	 593 	 534 
i 462	 207 	 245 
i 121	 599 	 505 
i 223	 579 	 501 
i 657	 250 	 319 
i 822	 539 	 491 
i 673	 840 	 778 
i 226	 280 	 283 
i 192	 938 	 846 
i 936	 112 	 75 
i 480	 952 	 868 
i 588	 247 	 256 
i 137	 863 	 896 
i 663	 891 	 968 
i 820	 992 	 1001 
i 302	 859 	 832 
i 123	 203 	 111 
i 314	 376 	 329 
i 244	 837 	 828 
i 246	 876 	 855 
i 193	 267 	 342 
i 346	 342 	 334 
i 193	 828 	 848 
i 71	 531 	 483 
i 63	 433 	 349 
i 904	 919 	 896 
i 9	 357 	 358 
i 307	 394 	 458 
i 124	 633 	 546 
i 984	 152 	 114 
i 161	 505 	 505 
i 421	 394 	 464 
i 228	 807 	 715 
i 701	 451 	 373 
i 65	 686 	 621 
i 973	 761 	 676 
i 251	 215 	 132 
i 570	 668 	 647 
i 158	 510 	 513 
i 205	 568 	 568 
i 648	 846 	 879 
i 967	 406 	 323 
i 750	 273 	 235 
i 134	 311 	 214 
i 781	 412 	 328 
i 513	 568 	 478 
i 631	 639 	 600 
i 258	 718 	 793 
i 707	 181 	 87 
i 223	 643 	 590 
i 50	 202 	 279 
i 381	 794 	 864 
i 564	 871 	 891 
i 789	 262 	 309 
i 129	 277 	 280 
i 643	 349 	 255 
i 239	 397 	 429 
i 921	 668 	 752 
i 1	 557 	 582 
i 599	 587 	 657 
i 703	 798 	 878 
i 472	 697 	 653 
i 328	 567 	 636 
i 498	 215 	 242 
i 685	 871 	 923 
i 953	 444 	 425 
i 276	 473 	 502 
i 903	 175 	 188 
i 406	 995 	 1008 
i 941	 666 	 599 
i 715	 535 	 609 
i 375	 448 	 416 
i 888	 699 	 732 
i 6	 563 	 496 
i 860	 239 	 309 
i 236	 919 	 980 
i 644	 392 	 308 
i 716	 966 	 1063 
i 712	 581 	 559 
i 337	 197 	 163 
i 814	 346 	 255 
i 194	 231 	 215 
i 856	 535 	 497 
i 365	 241 	 204 
i 510	 390 	 325 
i 419	 260 	 242 
i 735	 978 	 889 
i 697	 163 	 217 
i 227	 150 	 147 
i 324	 499 	 563 
i 589	 795 	 822 
i 724	 839 	 905 
i 202	 327 	 364 
i 348	 605 	 515 
i 663	 887 	 899 
i 831	 157 	 253 
i 806	 526 	 569 
i 865	 577 	 559 
i 909	 377 	 405 
i 347	 809 	 902 
i 117	 652 	 662 
i 935	 330 	 285 
i 179	 181 	 177 
i 734	 792 	 857 
i 608	 839 	 837 
i 661	 450 	 414 
i 129	 434 	 359 
i 653	 182 	 281 
i 953	 550 	 630 
i 739	 231 	 181 
i 349	 201 	 174 
i 596	 694 	 654 
i 675	 942 	 938 
i 441	 480 	 423 
i 261	 328 	 392 
i 643	 765 	 762 
i 7	 164 	 186 
i 87	 279 	 232 
i 582	 275 	 219 
i 718	 190 	 281 
i 819	 413 	 374 
i 475	 740 	 820 
i 410	 121 	 136 
i 826	 549 	 452 
i 71	 741 	 697 
i 807	 585 	 669 
i 867	 128 	 213 
i 57	 674 	 577 
i 242	 911 	 930 
i 331	 218 	 181 
i 672	 182 	 109 
i 380	 456 	 478 
i 392	 370 	 274 
i 884	 884 	 953 
i 593	 901 	 984 
i 128	 262 	 307 
i 147	 193 	 211 
i 780	 131 	 160 
i 680	 145 	 223 
i 801	 678 	 622 
i 882	 959 	 1037 
i 270	 190 	 144 
i 562	 733 	 766 
i 432	 752 	 762 
i 322	 616 	 544 
i 492	 543 	 497 
i 585	 299 	 282 
i 608	 826 	 765 
i 647	 515 	 590 
i 285	 418 	 453 
i 239	 616 	 628 
i 329	 522 	 588 
i 30	 767 	 745 
i 750	 470 	 535 
i 319	 960 	 889 
i 806	 199 	 226 
i 18	 440 	 385 
i 822	 812 	 878 
i 278	 988 	 984 
i 623	 879 	 931 
i 193	 595 	 495 
i 656	 205 	 171 
i 394	 945 	 917 
i 798	 406 	 328 
i 753	 252 	 238 
i 853	 383 	 330 
i 224	 952 	 903 
i 13	 263 	 178 
i 999	 115 	 86 
i 864	 542 	 637 
i 409	 333 	 267 
i 516	 336 	 401 
i 454	 632 	 576 
i 787	 954 	 857 
i 945	 165 	 219 
i 253	 549 	 574 
i 200	 761 	 831 
i 372	 988 	 1060 
i 377	 169 	 241 
i 861	 485 	 530 
i 112	 466 	 393 
i 365	 619 	 649 
i 951	 466 	 387 
i 900	 663 	 741 
i 962	 680 	 747 
i 456	 479 	 397 
i 188	 147 	 105 
i 175	 903 	 935 
i 241	 782 	 689 
i 661	 659 	 739 
i 62	 416 	 318 
i 634	 536 	 511 
i 34	 226 	 191 
i 654	 319 	 264 
i 296	 224 	 162 
i 710	 969 	 998 
i 751	 161 	 228 
i 643	 419 	 320 
i 399	 119 	 69 
i 16	 154 	 236 
i 359	 954 	 1048 
i 837	 965 	 986 
i 967	 410 	 438 
i 203	 702 	 660 
i 330	 906 	 924 
i 295	 188 	 148 
i 352	 763 	 673 
i 699	 617 	 656 
i 709	 625 	 543 
i 758	 848 	 769 
i 707	 769 	 762 
i 668	 745 	 706 
i 6	 396 	 350 
i 671	 965 	 960 
i 566	 338 	 399 
i 653	 863 	 783 
i 387	 241 	 231 
i 956	 287 	 217 
i 536	 905 	 977 
i 365	 988 	 1011 
i 106	 196 	 161 
i 820	 613 	 711 
i 141	 885 	 984 
i 103	 239 	 272 
i 359	 662 	 609 
i 205	 489 	 566 
i 351	 579 	 534 
i 549	 981 	 927 
i 443	 226 	 279 
i 430	 991 	 917 
i 526	 652 	 599 
i 91	 942 	 853 
i 961	 936 	 876 
i 107	 935 	 895 
i 727	 641 	 673 
i 153	 851 	 924 
i 679	 752 	 695 
i 658	 997 	 1050 
i 789	 315 	 257 
i 779	 998 	 1026 
i 389	 228 	 161 
i 324	 441 	 392 
i 252	 494 	 437 
i 179	 673 	 638 
i 776	 942 	 852 
i 608	 642 	 583 
i 330	 523 	 600 
i 328	 717 	 725 
i 558	 510 	 476 
i 557	 697 	 619 
i 689	 377 	 377 
i 62	 525 	 589 
i 493	 754 	 669 
i 125	 949 	 900 
i 61	 350 	 256 
i 658	 397 	 425 
i 123	 580 	 674 
i 804	 478 	 437 
i 254	 962 	 1033 
i 914	 369 	 351 
i 214	 468 	 388 
i 681	 914 	 846 
i 405	 758 	 789 
i 349	 827 	 883 
i 618	 166 	 234 
i 940	 194 	 193 
i 469	 763 	 787 
i 882	 737 	 722 
i 840	 113 	 149 
i 131	 874 	 892 
i 533	 351 	 412 
i 437	 442 	 439 
i 166	 586 	 664 
i 971	 280 	 228 
i 34	 973 	 1045 
i 128	 832 	 892 
i 862	 387 	 341 
i 567	 939 	 869 
i 570	 429 	 527 
i 429	 145 	 70 
i 700	 673 	 704 
i 73	 502 	 421 
i 607	 937 	 889 
i 797	 844 	 790 
i 768	 171 	 124 
i 580	 937 	 915 
i 890	 761 	 712 
i 822	 114 	 178 
i 181	 251 	 229 
i 219	 246 	 310 
i 851	 358 	 362 
i 293	 943 	 962 
i 223	 140 	 80 
i 48	 372 	 272 
i 115	 580 	 633 
i 45	 817 	 786 
i 776	 279 	 226 
i 780	 508 	 420 
i 938	 351 	 299 
i 92	 702 	 694 
i 370	 545 	 507 
i 307	 121 	 142 
i 339	 651 	 716 
i 633	 831 	 906 
i 161	 831 	 929 
i 955	 626 	 532 
i 146	 935 	 997 
i 592	 259 	 277 
i 863	 313 	 318 
i 528	 528 	 552 
i 18	 938 	 1036 
i 29	 327 	 286 
i 636	 865 	 892 
i 447	 712 	 665 
i 258	 601 	 587 
i 837	 592 	 569 
i 765	 623 	 629 
i 931	 455 	 379 
i 160	 980 	 1077 
i 629	 562 	 565 
i 560	 225 	 231 
i 803	 217 	 229 
i 651	 481 	 420 
i 328	 158 	 186 
i 879	 398 	 478 
i 421	 781 	 828 
i 996	 236 	 237 
i 384	 709 	 696 
i 362	 819 	 838 
i 870	 808 	 753 
i 999	 377 	 433 
i 119	 850 	 867 
i 536	 461 	 408 
i 589	 636 	 649 
i 912	 321 	 310 
i 667	 234 	 307 
i 808	 892 	 964 
i 482	 452 	 401 
i 280	 840 	 862 
i 64	 481 	 477 
i 364	 681 	 676 
i 196	 490 	 509 
i 589	 123 	 49 
i 181	 336 	 380 
i 418	 840 	 867 
i 556	 348 	 308 
i 435	 230 	 152 
i 818	 998 	 1016 
i 639	 329 	 403 
i 56	 872 	 959 
i 697	 409 	 369 
i 124	 836 	 835 
i 138	 479 	 396 
i 391	 598 	 551 
i 212	 353 	 390 
i 478	 919 	 867 
i 612	 301 	 336 
i 611	 401 	 399 
i 856	 929 	 855 
i 713	 817 	 754 
i 49	 762 	 839 
i 864	 141 	 43 
i 279	 583 	 512 
i 827	 660 	 667 
i 101	 898 	 948 
i 11	 618 	 563 
i 224	 833 	 901 
i 551	 545 	 535 
i 472	 985 	 946 
i 267	 215 	 119 
i 999	 383 	 297 
i 34	 282 	 369 
i 565	 291 	 233 
i 183	 423 	 331 
i 69	 902 	 830 
i 639	 681 	 611 
i 452	 885 	 860 
i 940	 744 	 829 
i 924	 258 	 237 
i 42	 533 	 566 
i 348	 552 	 585 
i 541	 615 	 654 
i 744	 558 	 510 
i 96	 749 	 738 
i 985	 787 	 789 
i 627	 914 	 844 
i 498	 161 	 182 
i 212	 497 	 506 
i 377	 433 	 426 
i 851	 788 	 790 
i 349	 491 	 562 
i 916	 194 	 174 
i 420	 816 	 744 
i 139	 161 	 109 
i 899	 559 	 504 
i 803	 127 	 197 
i 860	 264 	 234 
i 295	 802 	 814 
i 657	 398 	 485 
i 419	 816 	 874 
i 847	 381 	 309 
i 941	 256 	 167 
i 734	 612 	 607 
i 792	 741 	 764 
i 296	 955 	 958 
i 315	 267 	 230 
i 487	 137 	 73 
i 265	 449 	 444 
i 588	 950 	 876 
i 382	 897 	 907 
i 686	 711 	 691 
i 849	 836 	 804 
i 414	 887 	 802 
i 123	 422 	 495 
i 73	 970 	 902 
i 248	 540 	 535 
i 277	 824 	 917 
i 658	 984 	 930 
i 603	 518 	 581 
i 487	 637 	 577 
i 163	 239 	 316 
i 979	 595 	 642 
i 852	 899 	 828 
i 203	 966 	 920 
i 170	 849 	 817 
i 652	 995 	 1013 
i 455	 531 	 604 
i 438	 500 	 505 
i 896	 706 	 632 
i 488	 545 	 568 
i 633	 723 	 779 
i 179	 622 	 674 
i 66	 388 	 410 
i 29	 520 	 583 
i 859	 762 	 858 
i 853	 179 	 206 
i 327	 705 	 623 
i 765	 589 	 594 
i 434	 169 	 154 
i 922	 285 	 367 
i 612	 834 	 843 
i 188	 639 	 684 
i 500	 426 	 484 
i 960	 971 	 1034 
i 694	 807 	 842 
i 771	 793 	 799 
i 440	 471 	 542 
i 978	 552 	 576 
i 45	 133 	 44 
i 241	 512 	 608 
i 55	 435 	 453 
i 649	 921 	 977 
i 5	 678 	 634 
i 972	 492 	 440 
i 755	 331 	 418 
i 523	 934 	 975 
i 928	 518 	 447 
i 425	 392 	 317 
i 451	 946 	 880 
i 902	 997 	 979 
i 267	 979 	 972 
i 180	 617 	 540 
i 817	 422 	 346 
i 247	 671 	 589 
i 495	 885 	 954 
i 422	 828 	 802 
i 879	 567 	 526 
i 196	 698 	 742 
i 136	 809 	 743 
i 132	 961 	 876 
i 109	 437 	 405 
i 678	 851 	 855 
i 29	 954 	 922 
i 658	 172 	 189 
i 530	 254 	 170 
i 337	 118 	 118 
i 849	 448 	 424 
i 510	 713 	 728 
i 297	 468 	 510 
i 253	 624 	 693 
i 620	 692 	 782 
i 453	 998 	 1024 
i 402	 574 	 606 
i 471	 877 	 840 
i 632	 510 	 579 
i 640	 583 	 520 
i 20	 141 	 48 
i 698	 481 	 490 
i 101	 996 	 1064 
i 677	 742 	 660 
i 332	 605 	 647 
i 330	 564 	 497 
i 851	 238 	 251 
i 714	 826 	 734 
i 164	 220 	 254 
i 694	 975 	 937 
i 728	 251 	 217 
i 146	 282 	 188 
i 142	 767 	 693 
i 851	 626 	 687 
i 407	 710 	 638 
i 917	 456 	 450 
i 62	 605 	 569 
i 865	 223 	 130 
i 989	 259 	 198 
i 961	 857 	 935 
i 120	 247 	 271 
i 312	 543 	 596 
i 51	 570 	 651 
i 630	 687 	 739 
i 304	 517 	 450 
i 693	 641 	 558 
i 250	 170 	 99 
i 376	 457 	 359 
i 543	 489 	 389 
i 384	 666 	 758 
i 537	 571 	 487 
i 23	 235 	 213 
i 540	 917 	 905 
i 188	 836 	 750 
i 645	 622 	 597 
i 242	 771 	 685 
i 309	 847 	 811 
i 698	 977 	 1016 
i 124	 988 	 936 
i 748	 989 	 1013 
i 267	 957 	 889 
i 407	 141 	 77 
i 314	 491 	 535 
i 130	 886 	 968 
i 705	 952 	 963 
i 448	 400 	 459 
i 277	 463 	 384 
i 252	 749 	 810 
i 239	 480 	 565 
i 227	 694 	 729 
i 179	 359 	 448 
i 213	 502 	 472 
i 641	 665 	 698 
i 514	 419 	 477 
i 461	 340 	 339 
i 786	 835 	 924 
i 183	 655 	 599 
i 900	 750 	 745 
i 316	 578 	 620 
i 971	 515 	 603 
i 252	 229 	 153 
i 692	 181 	 147 
i 317	 493 	 588 
i 663	 195 	 192 
i 921	 902 	 991 
i 736	 457 	 504 
i 349	 411 	 494 
i 69	 611 	 675 
i 594	 145 	 72 
i 50	 781 	 702 
i 184	 730 	 701 
i 262	 837 	 747 
i 692	 245 	 218 
i 788	 223 	 129 
i 678	 658 	 748 
i 69	 613 	 651 
i 406	 379 	 286 
i 969	 307 	 228 
i 9	 147 	 187 
i 763	 268 	 318 
i 460	 364 	 450 
i 277	 684 	 623 
i 429	 730 	 807 
i 555	 169 	 204 
i 172	 198 	 169 
i 737	 157 	 141 
i 39	 771 	 836 
i 260	 806 	 865 
i 301	 902 	 963 
i 478	 636 	 650 
i 763	 415 	 320 
i 408	 357 	 318 
i 106	 532 	 579 
i 171	 433 	 391 
i 270	 146 	 138 
i 322	 462 	 401 
i 65	 838 	 785 
i 847	 687 	 686 
i 737	 508 	 567 
i 329	 337 	 292 
i 671	 844 	 752 
i 948	 871 	 860 
i 422	 255 	 265 
i 784	 909 	 953 
i 824	 278 	 376 
i 220	 689 	 652 
i 39	 867 	 843 
i 687	 190 	 135 
i 135	 632 	 724 
i 390	 454 	 412 
i 215	 700 	 792 
i 70	 736 	 818 
i 232	 245 	 211 
i 130	 737 	 660 
i 319	 491 	 579 
i 969	 486 	 418 
i 820	 766 	 706 
i 909	 216 	 293 
i 496	 418 	 322 
i 882	 387 	 369 
i 546	 647 	 672 
i 249	 615 	 654 
i 400	 537 	 623 
i 105	 834 	 745 
i 533	 940 	 915 
i 954	 890 	 859 
i 692	 146 	 79 
i 811	 326 	 241 
i 157	 228 	 242 
i 467	 250 	 241 
i 71	 618 	 518 
i 638	 288 	 238 
i 119	 908 	 938 
i 932	 846 	 897 
i 865	 899 	 856 
i 742	 346 	 294 
i 782	 655 	 742 
i 26	 804 	 853 
i 158	 873 	 953 
i 315	 493 	 467 
i 885	 899 	 887 
i 85	 900 	 815 
i 982	 234 	 173 
i 810	 813 	 739 
i 697	 596 	 695 
i 962	 852 	 899 
i 575	 179 	 183 
i 355	 122 	 131 
i 213	 786 	 826 
i 643	 700 	 603 
i 530	 141 	 221 
i 418	 533 	 630 
i 558	 604 	 698 
i 348	 781 	 837 
i 894	 897 	 892 
i 728	 894 	 882 
i 805	 661 	 564 
i 818	 235 	 209 
i 579	 720 	 736 
i 243	 456 	 401 
i 277	 472 	 523 
i 752	 387 	 322 
i 308	 377 	 423 
i 62	 351 	 267 
i 946	 157 	 251 
i 827	 582 	 622 
i 447	 975 	 976 
i 587	 989 	 954 
i 273	 430 	 511 
i 661	 949 	 878 
i 69	 262 	 246 
i 379	 935 	 870 
i 678	 201 	 197 
i 949	 853 	 862 
i 2	 925 	 923 
i 532	 903 	 867 
i 504	 639 	 692 
i 492	 202 	 172 
i 851	 493 	 518 
i 795	 409 	 366 
i 965	 541 	 512 
i 892	 918 	 965 
i 994	 187 	 170 
i 829	 618 	 590 
i 745	 214 	 187 
i 636	 653 	 732 
i 230	 938 	 918 
i 333	 732 	 810 
i 762	 158 	 207 
i 98	 716 	 724 
i 582	 972 	 973 
i 491	 401 	 380 
i 576	 167 	 145 
i 147	 536 	 480 
i 264	 860 	 953 
i 873	 296 	 316 
i 804	 205 	 271 
i 503	 563 	 496 
i 556	 468 	 553 
i 237	 242 	 147 
i 207	 723 	 744 
i 533	 283 	 202 
i 597	 637 	 672 
i 77	 986 	 1050 
i 919	 294 	 211 
i 129	 264 	 355 
i 236	 800 	 852 
i 744	 652 	 605 
i 147	 799 	 863 
i 295	 735 	 647 
i 983	 759 	 712 
i 178	 410 	 470 
i 770	 498 	 477 
i 755	 210 	 204 
i 961	 941 	 919 
i 135	 128 	 132 
i 910	 981 	 1032 
i 519	 771 	 771 
i 294	 120 	 149 
i 996	 852 	 940 
i 725	 906 	 991 
i 63	 255 	 176 
i 499	 966 	 1041 
i 611	 431 	 457 
i 545	 853 	 871 
i 564	 314 	 359 
i 543	 779 	 806 
i 287	 565 	 496 
i 297	 123 	 112 
i 131	 700 	 689 
i 26	 651 	 585 
i 188	 586 	 532 
i 151	 680 	 726 
i 511	 570 	 538 
i 346	 242 	 319 
i 575	 769 	 759 
i 327	 526 	 625 
i 838	 204 	 160 
i 852	 342 	 357 
i 515	 742 	 783 
i 124	 250 	 297 
i 658	 402 	 486 
i 299	 610 	 524 
i 816	 372 	 388 
i 963	 678 	 764 
i 704	 579 	 580 
i 172	 981 	 1047 
i 277	 977 	 1011 
i 537	 339 	 343 
i 248	 853 	 760 
i 405	 595 	 527 
i 732	 360 	 423 
i 294	 291 	 214 
i 588	 356 	 443 
i 227	 875 	 954 
i 753	 813 	 833 
i 732	 374 	 428 
i 706	 225 	 135 
i 963	 821 	 838 
i 799	 397 	 464 
i 344	 431 	 379 
i 624	 575 	 669 
i 827	 415 	 368 
i 104	 521 	 592 
i 963	 463 	 379 
i 754	 373 	 439 
i 51	 909 	 922 
i 179	 709 	 663 
i 978	 755 	 702 
i 301	 390 	 297 
i 661	 245 	 220 
i 184	 460 	 360 
i 526	 436 	 502 
i 987	 674 	 760 
i 384	 545 	 624 
i 679	 618 	 648 
i 577	 471 	 511 
i 251	 975 	 1051 
i 975	 329 	 401 
i 289	 539 	 471 
i 440	 570 	 634 
i 832	 908 	 809 
i 199	 911 	 917 
i 832	 761 	 764 
i 322	 703 	 783 
i 893	 613 	 629 
i 299	 304 	 235 
i 272	 929 	 911 
i 517	 824 	 801 
i 998	 700 	 734 
i 516	 843 	 765 
i 413	 685 	 774 
i 314	 691 	 620 
i 46	 275 	 370 
i 712	 738 	 698 
i 278	 652 	 590 
i 495	 281 	 279 
i 416	 423 	 475 
i 219	 788 	 744 
i 881	 241 	 196 
i 705	 841 	 900 
i 352	 942 	 883 
i 5	 895 	 899 
i 191	 136 	 149 
i 896	 117 	 72 
i 505	 384 	 395 
i 696	 556 	 466 
i 49	 994 	 987 
i 810	 784 	 821 
i 956	 144 	 157 
i 778	 393 	 347 
i 714	 211 	 236 
i 597	 397 	 423 
i 626	 861 	 925 
i 633	 476 	 519 
i 941	 724 	 668 
i 443	 330 	 413 
i 437	 376 	 469 
i 195	 793 	 848 
i 233	 515 	 561 
i 550	 131 	 133 
i 664	 375 	 320 
i 985	 932 	 996 
i 829	 604 	 593 
i 240	 445 	 361 
i 930	 194 	 98 
i 178	 391 	 384 
i 476	 319 	 399 
i 244	 290 	 209 
i 698	 981 	 947 
i 722	 745 	 821 
i 20	 311 	 320 
i 943	 512 	 518 
i 498	 355 	 327 
i 874	 754 	 774 
i 967	 828 	 834 
i 284	 849 	 890 
i 518	 375 	 312 
i 720	 290 	 275 
i 699	 378 	 303 
i 413	 672 	 741 
i 638	 568 	 641 
i 91	 164 	 226 
i 366	 636 	 598 
i 90	 957 	 893 
i 896	 603 	 533 
i 727	 186 	 172 
i 25	 816 	 906 
i 226	 980 	 1014 
i 527	 473 	 447 
i 159	 586 	 643 
i 673	 452 	 436 
i 733	 336 	 338 
i 325	 169 	 245 
i 277	 444 	 538 
i 830	 608 	 681 
i 915	 743 	 761 
i 709	 240 	 263 
i 687	 199 	 267 
i 95	 798 	 772 
i 630	 240 	 246 
i 15	 939 	 879 
i 268	 427 	 514 
i 333	 885 	 837 
i 708	 779 	 786 
i 268	 753 	 726 
i 979	 635 	 591 
i 126	 274 	 372 
i 225	 824 	 859 
i 997	 686 	 740 
i 144	 127 	 107 
i 76	 599 	 582 
i 432	 779 	 816 
i 303	 722 	 625 
i 56	 953 	 998 
i 777	 541 	 640 
i 367	 868 	 962 
i 551	 230 	 150 
i 354	 223 	 187 
i 2	 827 	 791 
i 21	 626 	 619 
i 570	 985 	 993 
i 322	 468 	 562 
i 9	 188 	 143 
i 956	 205 	 171 
i 441	 851 	 772 
i 293	 847 	 842 
i 428	 824 	 729 
i 554	 913 	 889 
i 360	 313 	 289 
i 940	 600 	 580 
i 924	 125 	 219 
i 327	 607 	 565 
i 415	 583 	 543 
i 521	 829 	 780 
i 354	 235 	 274 
i 183	 332 	 430 
i 985	 755 	 738 
i 888	 780 	 874 
i 117	 229 	 195 
i 667	 569 	 523 
i 684	 928 	 867 
i 243	 903 	 908 
i 774	 275 	 363 
i 582	 544 	 536 
i 722	 775 	 837 
i 971	 508 	 607 
i 696	 501 	 597 
i 449	 874 	 948 
i 583	 851 	 948 
i 99	 259 	 290 
i 18	 503 	 470 
i 909	 680 	 696 
i 95	 258 	 229 
i 583	 205 	 292 
i 330	 615 	 647 
i 777	 451 	 477 
i 216	 448 	 413 
i 75	 433 	 488 
i 907	 318 	 290 
i 75	 307 	 298 
i 516	 889 	 884 
i 157	 302 	 279 
i 324	 819 	 815 
i 430	 247 	 159 
i 998	 193 	 171 
i 381	 780 	 714 
i 760	 453 	 430 
i 123	 745 	 737 
i 356	 548 	 521 
i 577	 868 	 856 
i 452	 387 	 479 
i 667	 811 	 734 
i 465	 265 	 253 
i 618	 693 	 767 
i 710	 749 	 822 
i 464	 210 	 159 
i 849	 361 	 263 
i 563	 705 	 631 
i 56	 226 	 223 
i 907	 554 	 467 
i 219	 949 	 952 
i 7	 914 	 851 
i 181	 129 	 159 
i 835	 521 	 474 
i 553	 406 	 501 
i 665	 290 	 278 
i 947	 512 	 470 
i 616	 521 	 591 
i 745	 640 	 721 
i 245	 186 	 249 
i 188	 244 	 151 
i 91	 705 	 613 
i 112	 870 	 814 
i 573	 559 	 470 
i 906	 798 	 820 
i 108	 778 	 733 
i 559	 282 	 226 
i 21	 541 	 608 
i 616	 411 	 427 
i 700	 331 	 396 
i 851	 168 	 71 
i 520	 200 	 121 
i 375	 237 	 180 
i 879	 435 	 493 
i 652	 486 	 525 
i 404	 140 	 201 
i 596	 385 	 358 
i 81	 584 	 561 
i 418	 441 	 341 
i 666	 961 	 1001 
i 731	 809 	 819 
i 832	 825 	 739 
i 974	 921 	 910 
i 340	 227 	 192 
i 762	 932 	 1028 
i 796	 664 	 640 
i 106	 493 	 589 
i 638	 818 	 730 
i 10	 272 	 267 
i 966	 274 	 203 
i 752	 898 	 973 
i 556	 502 	 543 
i 467	 568 	 604 
i 598	 967 	 871 
i 522	 370 	 427 
i 145	 352 	 368 
i 575	 694 	 731 
i 370	 677 	 642 
i 551	 731 	 698 
i 735	 268 	 228 
i 621	 397 	 307 
i 62	 288 	 310 
i 576	 919 	 834 
i 539	 638 	 673 
i 830	 659 	 598 
i 103	 470 	 438 
i 759	 989 	 1072 
i 396	 712 	 669 
i 94	 113 	 180 
i 271	 412 	 426 
i 594	 681 	 619 
i 793	 729 	 680 
i 702	 383 	 449 
i 296	 452 	 426 
i 913	 163 	 103 
i 318	 338 	 298 
i 306	 642 	 554 
i 982	 567 	 558 
i 984	 822 	 832 
i 324	 678 	 742 
i 964	 299 	 282 
i 661	 472 	 414 
i 967	 699 	 781 
i 351	 550 	 491 
i 410	 879 	 803 
i 666	 169 	 156 
i 263	 438 	 487 
i 777	 494 	 539 
i 578	 901 	 943 
i 216	 502 	 409 
i 428	 345 	 245 
i 834	 715 	 747 
i 496	 902 	 927 
i 990	 824 	 920 
i 855	 120 	 98 
i 921	 229 	 140 
i 290	 620 	 583 
i 721	 394 	 313 
i 610	 152 	 186 
i 51	 785 	 863 
i 314	 817 	 780 
i 993	 818 	 748 
i 883	 518 	 547 
i 686	 188 	 215 
i 697	 171 	 170 
i 830	 518 	 501 
i 404	 568 	 609 
i 722	 852 	 837 
i 769	 938 	 845 
i 528	 649 	 566 
i 324	 552 	 532 
i 120	 835 	 814 
i 578	 970 	 925 
i 665	 658 	 751 
i 733	 338 	 370 
i 192	 778 	 776 
i 706	 259 	 338 
i 541	 887 	 911 
i 472	 379 	 356 
i 78	 412 	 495 
i 574	 491 	 439 
i 389	 849 	 821 
i 357	 311 	 398 
i 972	 560 	 580 
i 229	 529 	 496 
i 979	 230 	 235 
i 147	 669 	 615 
i 21	 577 	 631 
i 322	 240 	 189 
i 662	 586 	 551 
i 90	 512 	 591 
i 919	 726 	 683 
i 146	 157 	 186 
i 651	 991 	 1014 
i 122	 638 	 707 
i 256	 937 	 1002 
i 883	 517 	 611 
i 409	 725 	 823 
i 554	 524 	 486 
i 89	 744 	 839 
i 540	 144 	 56 
i 233	 944 	 1040 
i 286	 311 	 237 
i 276	 885 	 941 
i 869	 545 	 625 
i 799	 408 	 339 
i 256	 253 	 161 
i 947	 227 	 217 
i 413	 220 	 121 
i 126	 499 	 418 
i 163	 477 	 504 
i 100	 534 	 607 
i 326	 521 	 451 
i 197	 637 	 623 
i 686	 443 	 403 
i 21	 358 	 277 
i 181	 500 	 471 
i 313	 539 	 499 
i 436	 941 	 984 
i 872	 947 	 1015 
i 285	 143 	 43 
i 761	 709 	 629 
i 223	 592 	 577 
i 815	 729 	 754 
i 190	 223 	 185 
i 468	 490 	 456 
i 906	 578 	 580 
i 388	 894 	 959 
i 322	 274 	 226 
i 264	 910 	 836 
i 300	 768 	 751 
i 972	 771 	 707 
i 514	 863 	 843 
i 211	 355 	 298 
i 338	 912 	 893 
i 764	 300 	 375 
i 291	 596 	 652 
i 173	 164 	 98 
i 357	 899 	 897 
i 256	 243 	 294 
i 995	 362 	 273 
i 738	 735 	 640 
i 584	 895 	 903 
i 860	 365 	 415 
i 762	 559 	 477 
i 975	 923 	 994 
i 522	 813 	 742 
i 582	 620 	 583 
i 469	 772 	 807 
i 617	 321 	 407 
i 900	 993 	 1078 
i 603	 154 	 187 
i 485	 180 	 130 
i 771	 663 	 585 
i 276	 444 	 518 
i 190	 525 	 594 
i 979	 397 	 371 
i 552	 528 	 618 
i 296	 812 	 796 
i 533	 524 	 431 
i 526	 464 	 551 
i 575	 400 	 408 
i 652	 992 	 897 
i 274	 326 	 385 
i 649	 424 	 338 
i 116	 311 	 263 
i 438	 176 	 124 
i 907	 505 	 563 
i 696	 462 	 380 
i 162	 837 	 861 
i 560	 871 	 800 
i 885	 816 	 860 
i 876	 408 	 383 
i 119	 432 	 462 
c
c
W 501889
c end of file