c Instance Type c
c
n 2000
c w	 v1	 v2
i 647	 672 	 623 
i 694	 887 	 874 
i 505	 587 	 633 
i 664	 367 	 307 
i 818	 132 	 166 
i 402	 921 	 948 
i 414	 521 	 611 
i 436	 233 	 313 
i 886	 677 	 625 
i 450	 555 	 575 
i 82	 925 	 875 
i 954	 264 	 352 
i 491	 653 	 642 
i 780	 416 	 338 
i 804	 597 	 683 
i 716	 306 	 272 
i 178	 874 	 923 
i 316	 831 	 767 
i 953	 744 	 658 
i 454	 959 	 963 
i 370	 607 	 627 
i 543	 830 	 841 
i 154	 781 	 690 
i 497	 292 	 357 
i 45	 393 	 419 
i 265	 333 	 302 
i 123	 630 	 634 
i 933	 406 	 474 
i 646	 570 	 628 
i 601	 633 	 582 
i 160	 207 	 230 
i 969	 741 	 673 
i 723	 347 	 309 
i 927	 389 	 451 
i 246	 236 	 306 
i 496	 797 	 720 
i 81	 216 	 164 
i 413	 683 	 618 
i 930	 541 	 605 
i 518	 357 	 341 
i 626	 576 	 592 
i 336	 236 	 246 
i 602	 378 	 333 
i 915	 657 	 597 
i 57	 489 	 478 
i 828	 360 	 448 
i 947	 466 	 370 
i 591	 681 	 668 
i 75	 837 	 810 
i 352	 679 	 756 
i 875	 166 	 168 
i 17	 684 	 753 
i 318	 285 	 275 
i 933	 530 	 503 
i 359	 710 	 694 
i 639	 220 	 170 
i 39	 170 	 109 
i 680	 192 	 249 
i 498	 580 	 652 
i 137	 907 	 849 
i 199	 805 	 722 
i 843	 372 	 293 
i 41	 237 	 221 
i 512	 638 	 609 
i 187	 963 	 1006 
i 310	 449 	 420 
i 377	 671 	 649 
i 468	 847 	 761 
i 996	 658 	 672 
i 892	 535 	 576 
i 674	 725 	 806 
i 968	 804 	 854 
i 111	 899 	 957 
i 703	 387 	 348 
i 662	 705 	 703 
i 44	 453 	 513 
i 674	 769 	 704 
i 502	 230 	 259 
i 118	 297 	 325 
i 595	 806 	 813 
i 287	 548 	 490 
i 67	 466 	 401 
i 953	 246 	 204 
i 265	 951 	 1049 
i 932	 333 	 364 
i 318	 771 	 811 
i 59	 595 	 569 
i 193	 754 	 829 
i 402	 441 	 540 
i 184	 125 	 143 
i 675	 603 	 678 
i 76	 791 	 879 
i 229	 951 	 1030 
i 175	 320 	 252 
i 425	 315 	 233 
i 168	 899 	 881 
i 713	 633 	 627 
i 437	 966 	 998 
i 809	 857 	 769 
i 826	 852 	 801 
i 380	 488 	 572 
i 145	 379 	 279 
i 90	 329 	 274 
i 326	 237 	 217 
i 556	 381 	 446 
i 443	 465 	 564 
i 30	 832 	 873 
i 992	 361 	 290 
i 831	 950 	 1041 
i 666	 119 	 175 
i 91	 340 	 272 
i 392	 273 	 234 
i 638	 273 	 252 
i 780	 477 	 521 
i 86	 836 	 791 
i 484	 684 	 728 
i 295	 681 	 731 
i 577	 423 	 471 
i 522	 554 	 569 
i 531	 516 	 464 
i 789	 322 	 288 
i 972	 467 	 511 
i 156	 740 	 712 
i 568	 204 	 132 
i 385	 847 	 792 
i 30	 206 	 248 
i 672	 848 	 749 
i 24	 627 	 643 
i 523	 399 	 320 
i 978	 910 	 937 
i 217	 236 	 221 
i 617	 530 	 509 
i 326	 285 	 295 
i 431	 606 	 530 
i 260	 733 	 734 
i 367	 935 	 942 
i 196	 679 	 620 
i 776	 685 	 631 
i 102	 315 	 366 
i 1	 409 	 455 
i 142	 975 	 1065 
i 614	 464 	 477 
i 809	 819 	 897 
i 368	 422 	 387 
i 68	 531 	 547 
i 995	 982 	 1072 
i 635	 571 	 500 
i 281	 757 	 841 
i 511	 964 	 869 
i 846	 747 	 652 
i 818	 511 	 444 
i 217	 468 	 524 
i 14	 974 	 992 
i 364	 880 	 971 
i 837	 281 	 186 
i 818	 800 	 704 
i 337	 757 	 788 
i 64	 889 	 976 
i 24	 821 	 810 
i 740	 844 	 803 
i 191	 867 	 790 
i 593	 128 	 94 
i 564	 823 	 792 
i 430	 460 	 501 
i 621	 423 	 432 
i 398	 447 	 420 
i 125	 467 	 507 
i 1	 162 	 215 
i 799	 996 	 1054 
i 624	 506 	 512 
i 476	 770 	 814 
i 495	 872 	 834 
i 297	 278 	 353 
i 689	 586 	 547 
i 41	 328 	 413 
i 419	 815 	 780 
i 819	 251 	 241 
i 877	 876 	 866 
i 873	 668 	 618 
i 318	 482 	 557 
i 60	 954 	 924 
i 916	 706 	 775 
i 106	 985 	 913 
i 640	 876 	 942 
i 884	 261 	 335 
i 676	 199 	 157 
i 834	 490 	 412 
i 696	 891 	 988 
i 324	 405 	 477 
i 741	 628 	 564 
i 690	 519 	 467 
i 359	 832 	 763 
i 343	 696 	 648 
i 205	 824 	 904 
i 374	 676 	 733 
i 474	 564 	 557 
i 900	 825 	 785 
i 778	 925 	 1024 
i 109	 916 	 879 
i 692	 794 	 706 
i 151	 955 	 1005 
i 962	 280 	 202 
i 621	 421 	 411 
i 425	 655 	 686 
i 61	 570 	 476 
i 571	 382 	 382 
i 374	 796 	 776 
i 290	 174 	 110 
i 196	 170 	 128 
i 964	 454 	 550 
i 914	 508 	 434 
i 106	 287 	 206 
i 454	 385 	 428 
i 67	 787 	 715 
i 583	 482 	 422 
i 888	 510 	 564 
i 659	 958 	 887 
i 730	 429 	 416 
i 797	 591 	 617 
i 185	 851 	 870 
i 632	 836 	 838 
i 830	 956 	 979 
i 139	 153 	 67 
i 900	 792 	 719 
i 318	 919 	 963 
i 767	 211 	 233 
i 721	 899 	 852 
i 79	 142 	 42 
i 620	 532 	 591 
i 452	 208 	 304 
i 269	 740 	 762 
i 220	 308 	 296 
i 267	 858 	 874 
i 34	 923 	 919 
i 942	 157 	 217 
i 55	 799 	 812 
i 942	 453 	 410 
i 977	 693 	 666 
i 453	 693 	 790 
i 562	 513 	 501 
i 271	 497 	 538 
i 493	 154 	 239 
i 334	 549 	 487 
i 247	 178 	 123 
i 300	 608 	 542 
i 74	 432 	 376 
i 459	 937 	 870 
i 114	 305 	 233 
i 768	 633 	 652 
i 222	 622 	 553 
i 656	 125 	 110 
i 705	 755 	 839 
i 199	 691 	 642 
i 275	 864 	 864 
i 834	 177 	 237 
i 196	 329 	 404 
i 126	 529 	 495 
i 345	 677 	 666 
i 932	 806 	 749 
i 508	 448 	 435 
i 524	 589 	 507 
i 249	 971 	 1031 
i 901	 902 	 1001 
i 748	 241 	 195 
i 823	 688 	 609 
i 69	 513 	 473 
i 539	 403 	 389 
i 177	 700 	 755 
i 958	 210 	 251 
i 338	 403 	 346 
i 876	 793 	 840 
i 845	 877 	 974 
i 736	 700 	 777 
i 882	 699 	 726 
i 533	 942 	 934 
i 984	 150 	 156 
i 314	 421 	 334 
i 977	 804 	 753 
i 90	 604 	 544 
i 418	 344 	 352 
i 186	 536 	 519 
i 49	 305 	 257 
i 711	 294 	 393 
i 373	 196 	 272 
i 309	 762 	 745 
i 353	 283 	 262 
i 702	 755 	 797 
i 482	 817 	 855 
i 37	 146 	 201 
i 300	 328 	 267 
i 778	 810 	 786 
i 996	 294 	 280 
i 203	 528 	 456 
i 299	 528 	 531 
i 33	 424 	 488 
i 227	 793 	 728 
i 951	 259 	 334 
i 745	 894 	 866 
i 785	 619 	 598 
i 31	 423 	 462 
i 817	 599 	 594 
i 24	 940 	 934 
i 494	 435 	 470 
i 963	 562 	 657 
i 316	 132 	 33 
i 84	 864 	 810 
i 251	 133 	 70 
i 132	 915 	 1001 
i 703	 348 	 391 
i 55	 702 	 751 
i 604	 434 	 446 
i 538	 858 	 875 
i 903	 390 	 306 
i 411	 991 	 900 
i 435	 970 	 942 
i 284	 976 	 964 
i 309	 296 	 335 
i 214	 461 	 526 
i 481	 399 	 405 
i 147	 148 	 165 
i 511	 812 	 750 
i 352	 425 	 470 
i 666	 948 	 974 
i 657	 132 	 40 
i 623	 172 	 167 
i 597	 494 	 546 
i 805	 889 	 802 
i 200	 618 	 574 
i 525	 465 	 517 
i 566	 937 	 1019 
i 355	 569 	 553 
i 709	 738 	 792 
i 651	 496 	 483 
i 675	 168 	 87 
i 745	 206 	 249 
i 176	 630 	 593 
i 52	 418 	 342 
i 622	 479 	 443 
i 21	 731 	 800 
i 950	 521 	 503 
i 466	 441 	 494 
i 173	 815 	 810 
i 606	 613 	 538 
i 671	 113 	 173 
i 779	 198 	 207 
i 364	 837 	 881 
i 709	 229 	 284 
i 125	 337 	 316 
i 822	 623 	 606 
i 285	 486 	 459 
i 657	 852 	 919 
i 450	 646 	 547 
i 15	 180 	 202 
i 18	 294 	 251 
i 116	 120 	 32 
i 933	 607 	 592 
i 67	 362 	 289 
i 321	 163 	 115 
i 897	 517 	 434 
i 319	 889 	 863 
i 154	 329 	 234 
i 755	 183 	 178 
i 833	 190 	 188 
i 41	 736 	 737 
i 51	 990 	 1014 
i 609	 159 	 170 
i 892	 540 	 564 
i 951	 663 	 751 
i 408	 897 	 965 
i 284	 973 	 905 
i 530	 413 	 375 
i 611	 437 	 350 
i 700	 860 	 940 
i 404	 407 	 495 
i 394	 859 	 957 
i 448	 525 	 545 
i 931	 132 	 131 
i 553	 687 	 676 
i 437	 638 	 709 
i 407	 497 	 424 
i 747	 640 	 673 
i 114	 919 	 875 
i 956	 980 	 1076 
i 291	 894 	 870 
i 133	 844 	 899 
i 599	 839 	 784 
i 624	 486 	 417 
i 272	 927 	 969 
i 864	 436 	 365 
i 300	 308 	 318 
i 894	 432 	 392 
i 804	 139 	 121 
i 783	 388 	 362 
i 664	 370 	 402 
i 489	 712 	 770 
i 308	 515 	 493 
i 730	 715 	 618 
i 649	 855 	 813 
i 16	 598 	 529 
i 238	 729 	 719 
i 599	 334 	 303 
i 631	 602 	 532 
i 942	 970 	 1057 
i 235	 412 	 432 
i 911	 111 	 29 
i 366	 818 	 797 
i 47	 280 	 205 
i 884	 296 	 351 
i 433	 554 	 612 
i 129	 692 	 598 
i 380	 207 	 232 
i 932	 518 	 470 
i 899	 655 	 595 
i 239	 599 	 586 
i 240	 244 	 214 
i 36	 325 	 368 
i 226	 679 	 731 
i 435	 794 	 823 
i 933	 596 	 512 
i 588	 413 	 354 
i 697	 440 	 457 
i 156	 111 	 115 
i 768	 343 	 327 
i 318	 524 	 555 
i 468	 913 	 992 
i 709	 336 	 422 
i 349	 973 	 905 
i 117	 762 	 781 
i 663	 449 	 454 
i 4	 520 	 443 
i 374	 707 	 769 
i 375	 341 	 435 
i 636	 805 	 852 
i 101	 290 	 201 
i 4	 877 	 882 
i 258	 787 	 733 
i 228	 729 	 745 
i 960	 871 	 911 
i 342	 512 	 484 
i 802	 982 	 955 
i 473	 197 	 245 
i 733	 922 	 845 
i 514	 896 	 946 
i 716	 664 	 734 
i 578	 715 	 786 
i 339	 293 	 215 
i 35	 502 	 470 
i 890	 132 	 92 
i 341	 755 	 783 
i 321	 189 	 178 
i 419	 516 	 599 
i 332	 287 	 317 
i 215	 390 	 323 
i 838	 170 	 246 
i 518	 929 	 921 
i 724	 802 	 861 
i 165	 904 	 970 
i 189	 319 	 363 
i 913	 589 	 501 
i 3	 272 	 249 
i 459	 670 	 730 
i 657	 598 	 525 
i 971	 289 	 259 
i 39	 438 	 375 
i 959	 333 	 374 
i 737	 743 	 729 
i 629	 565 	 584 
i 864	 417 	 473 
i 402	 171 	 210 
i 584	 229 	 269 
i 213	 572 	 503 
i 761	 398 	 461 
i 962	 519 	 576 
i 331	 832 	 897 
i 581	 112 	 169 
i 293	 741 	 745 
i 804	 235 	 165 
i 149	 765 	 668 
i 217	 573 	 556 
i 350	 305 	 205 
i 868	 928 	 870 
i 192	 181 	 276 
i 652	 906 	 993 
i 464	 718 	 671 
i 465	 563 	 633 
i 174	 373 	 301 
i 314	 838 	 927 
i 50	 973 	 892 
i 571	 987 	 949 
i 790	 470 	 502 
i 709	 471 	 477 
i 788	 662 	 706 
i 683	 641 	 616 
i 366	 586 	 653 
i 875	 825 	 785 
i 171	 693 	 688 
i 988	 821 	 879 
i 958	 774 	 842 
i 944	 860 	 842 
i 349	 250 	 190 
i 754	 839 	 921 
i 375	 423 	 463 
i 971	 177 	 153 
i 506	 511 	 560 
i 310	 369 	 393 
i 965	 639 	 698 
i 764	 175 	 231 
i 510	 880 	 928 
i 354	 739 	 776 
i 510	 217 	 124 
i 330	 397 	 455 
i 681	 319 	 252 
i 756	 941 	 868 
i 208	 393 	 421 
i 498	 170 	 260 
i 94	 725 	 808 
i 167	 543 	 579 
i 32	 351 	 289 
i 738	 123 	 132 
i 858	 734 	 645 
i 181	 766 	 743 
i 415	 580 	 493 
i 349	 727 	 791 
i 667	 849 	 755 
i 733	 531 	 537 
i 425	 490 	 514 
i 912	 417 	 474 
i 184	 135 	 199 
i 197	 306 	 317 
i 897	 792 	 775 
i 634	 842 	 861 
i 162	 297 	 199 
i 855	 357 	 329 
i 686	 200 	 105 
i 160	 229 	 281 
i 586	 700 	 637 
i 931	 366 	 286 
i 958	 179 	 135 
i 180	 909 	 905 
i 946	 517 	 492 
i 769	 889 	 791 
i 978	 532 	 466 
i 255	 544 	 449 
i 356	 866 	 909 
i 489	 892 	 966 
i 153	 681 	 673 
i 440	 848 	 826 
i 517	 938 	 908 
i 415	 301 	 307 
i 872	 727 	 722 
i 748	 174 	 123 
i 222	 185 	 129 
i 709	 340 	 335 
i 559	 366 	 432 
i 438	 114 	 78 
i 81	 891 	 886 
i 910	 412 	 495 
i 841	 761 	 747 
i 55	 184 	 253 
i 748	 655 	 699 
i 820	 189 	 182 
i 904	 407 	 445 
i 163	 606 	 585 
i 451	 142 	 233 
i 454	 884 	 863 
i 333	 283 	 278 
i 672	 707 	 684 
i 403	 632 	 577 
i 486	 128 	 84 
i 98	 882 	 788 
i 187	 633 	 703 
i 520	 161 	 212 
i 78	 774 	 858 
i 113	 241 	 215 
i 983	 204 	 269 
i 178	 558 	 489 
i 848	 982 	 1047 
i 435	 439 	 385 
i 455	 642 	 685 
i 323	 895 	 958 
i 911	 924 	 824 
i 967	 793 	 797 
i 714	 578 	 598 
i 860	 507 	 549 
i 965	 837 	 876 
i 469	 681 	 755 
i 450	 822 	 866 
i 818	 670 	 601 
i 417	 877 	 899 
i 299	 626 	 713 
i 214	 463 	 532 
i 982	 466 	 529 
i 508	 931 	 936 
i 953	 576 	 554 
i 771	 321 	 292 
i 413	 941 	 1005 
i 213	 829 	 783 
i 842	 583 	 501 
i 705	 723 	 724 
i 285	 380 	 441 
i 682	 323 	 227 
i 82	 188 	 88 
i 4	 913 	 915 
i 527	 495 	 488 
i 764	 842 	 789 
i 698	 269 	 299 
i 507	 113 	 185 
i 38	 357 	 398 
i 727	 439 	 421 
i 30	 892 	 931 
i 269	 722 	 697 
i 357	 742 	 733 
i 260	 746 	 738 
i 692	 313 	 411 
i 514	 728 	 778 
i 692	 939 	 929 
i 695	 628 	 719 
i 972	 507 	 606 
i 342	 247 	 291 
i 221	 612 	 662 
i 908	 342 	 246 
i 618	 679 	 654 
i 334	 199 	 226 
i 562	 611 	 577 
i 256	 602 	 670 
i 188	 384 	 391 
i 770	 786 	 732 
i 217	 750 	 690 
i 370	 747 	 756 
i 934	 502 	 555 
i 196	 283 	 317 
i 835	 304 	 262 
i 934	 641 	 666 
i 497	 320 	 257 
i 50	 614 	 602 
i 358	 476 	 502 
i 118	 954 	 934 
i 837	 271 	 295 
i 554	 453 	 551 
i 994	 939 	 1023 
i 189	 731 	 655 
i 406	 442 	 533 
i 3	 703 	 780 
i 239	 371 	 348 
i 804	 539 	 526 
i 216	 934 	 992 
i 165	 608 	 690 
i 346	 966 	 1015 
i 731	 628 	 588 
i 663	 620 	 579 
i 361	 553 	 550 
i 734	 660 	 738 
i 400	 621 	 699 
i 693	 522 	 448 
i 176	 865 	 952 
i 102	 363 	 293 
i 661	 179 	 142 
i 623	 989 	 1021 
i 206	 766 	 745 
i 779	 146 	 57 
i 277	 410 	 393 
i 895	 842 	 772 
i 469	 745 	 755 
i 932	 651 	 600 
i 780	 769 	 753 
i 65	 713 	 717 
i 143	 849 	 786 
i 131	 243 	 304 
i 868	 833 	 735 
i 907	 295 	 353 
i 245	 347 	 261 
i 67	 720 	 813 
i 781	 857 	 843 
i 389	 460 	 433 
i 129	 680 	 609 
i 806	 167 	 109 
i 637	 634 	 604 
i 785	 799 	 796 
i 598	 628 	 598 
i 805	 641 	 593 
i 72	 458 	 459 
i 757	 520 	 534 
i 597	 490 	 460 
i 990	 876 	 924 
i 631	 314 	 388 
i 695	 445 	 480 
i 284	 634 	 596 
i 58	 949 	 869 
i 640	 491 	 530 
i 237	 806 	 806 
i 627	 149 	 164 
i 88	 598 	 564 
i 515	 218 	 303 
i 376	 532 	 615 
i 604	 303 	 313 
i 980	 189 	 138 
i 569	 791 	 796 
i 512	 182 	 199 
i 940	 271 	 216 
i 722	 891 	 883 
i 765	 450 	 368 
i 314	 962 	 897 
i 434	 368 	 406 
i 908	 306 	 219 
i 126	 234 	 268 
i 214	 724 	 754 
i 979	 942 	 886 
i 60	 523 	 569 
i 240	 156 	 190 
i 119	 357 	 336 
i 500	 769 	 701 
i 458	 849 	 844 
i 748	 119 	 200 
i 967	 735 	 798 
i 107	 796 	 884 
i 796	 506 	 437 
i 732	 198 	 125 
i 197	 397 	 336 
i 248	 161 	 148 
i 525	 761 	 771 
i 265	 224 	 134 
i 96	 368 	 370 
i 105	 791 	 742 
i 807	 710 	 655 
i 578	 549 	 515 
i 24	 499 	 425 
i 122	 639 	 711 
i 444	 761 	 672 
i 500	 935 	 896 
i 232	 433 	 499 
i 360	 925 	 844 
i 649	 973 	 911 
i 415	 539 	 498 
i 90	 771 	 691 
i 583	 973 	 1009 
i 21	 381 	 422 
i 615	 497 	 562 
i 346	 375 	 329 
i 274	 428 	 482 
i 636	 701 	 601 
i 553	 551 	 523 
i 523	 637 	 539 
i 6	 808 	 793 
i 748	 183 	 186 
i 718	 275 	 194 
i 23	 881 	 804 
i 457	 619 	 665 
i 755	 465 	 381 
i 113	 706 	 676 
i 776	 502 	 600 
i 272	 505 	 513 
i 864	 826 	 739 
i 648	 837 	 751 
i 729	 327 	 390 
i 914	 786 	 793 
i 781	 874 	 886 
i 353	 980 	 883 
i 752	 744 	 798 
i 422	 816 	 893 
i 862	 242 	 274 
i 306	 233 	 319 
i 111	 716 	 775 
i 928	 774 	 763 
i 172	 838 	 773 
i 931	 678 	 596 
i 790	 267 	 341 
i 768	 765 	 710 
i 482	 781 	 876 
i 276	 578 	 557 
i 424	 476 	 428 
i 562	 175 	 188 
i 243	 117 	 152 
i 988	 826 	 847 
i 807	 335 	 390 
i 445	 491 	 532 
i 621	 572 	 571 
i 357	 459 	 412 
i 111	 660 	 710 
i 637	 640 	 545 
i 49	 995 	 984 
i 122	 339 	 241 
i 129	 843 	 793 
i 933	 558 	 506 
i 186	 208 	 117 
i 614	 900 	 898 
i 134	 641 	 563 
i 525	 196 	 190 
i 144	 435 	 451 
i 738	 213 	 156 
i 733	 236 	 189 
i 990	 635 	 612 
i 814	 645 	 648 
i 318	 870 	 860 
i 427	 197 	 224 
i 315	 240 	 190 
i 911	 679 	 655 
i 9	 781 	 862 
i 373	 311 	 221 
i 488	 829 	 887 
i 628	 134 	 138 
i 219	 372 	 374 
i 820	 718 	 683 
i 675	 289 	 318 
i 771	 689 	 603 
i 917	 366 	 343 
i 557	 588 	 548 
i 312	 929 	 890 
i 537	 848 	 884 
i 346	 895 	 828 
i 372	 709 	 768 
i 666	 286 	 189 
i 350	 743 	 810 
i 550	 147 	 149 
i 201	 721 	 677 
i 488	 787 	 727 
i 25	 244 	 295 
i 945	 511 	 425 
i 775	 785 	 806 
i 657	 503 	 593 
i 330	 654 	 619 
i 527	 474 	 572 
i 238	 489 	 457 
i 279	 345 	 423 
i 966	 800 	 718 
i 727	 163 	 178 
i 876	 341 	 361 
i 327	 127 	 136 
i 87	 189 	 153 
i 527	 729 	 825 
i 139	 687 	 649 
i 548	 976 	 1043 
i 973	 969 	 884 
i 238	 383 	 353 
i 13	 287 	 251 
i 71	 368 	 277 
i 331	 884 	 968 
i 349	 532 	 482 
i 437	 132 	 99 
i 133	 421 	 494 
i 781	 404 	 304 
i 755	 681 	 691 
i 721	 537 	 542 
i 28	 605 	 657 
i 226	 920 	 975 
i 516	 316 	 385 
i 386	 359 	 294 
i 860	 292 	 297 
i 884	 515 	 607 
i 234	 816 	 735 
i 564	 697 	 772 
i 206	 700 	 726 
i 686	 302 	 272 
i 242	 769 	 745 
i 152	 558 	 579 
i 383	 359 	 283 
i 662	 222 	 224 
i 866	 380 	 354 
i 321	 848 	 799 
i 115	 815 	 812 
i 774	 901 	 811 
i 437	 792 	 743 
i 652	 466 	 555 
i 393	 781 	 718 
i 897	 232 	 199 
i 177	 772 	 816 
i 302	 883 	 859 
i 605	 447 	 396 
i 434	 777 	 791 
i 227	 115 	 152 
i 116	 549 	 541 
i 882	 597 	 676 
i 283	 827 	 836 
i 38	 778 	 866 
i 174	 944 	 1012 
i 918	 356 	 259 
i 787	 998 	 961 
i 166	 450 	 534 
i 915	 673 	 644 
i 920	 291 	 307 
i 414	 901 	 941 
i 961	 421 	 437 
i 767	 330 	 403 
i 519	 819 	 899 
i 457	 768 	 683 
i 733	 626 	 725 
i 731	 641 	 697 
i 114	 924 	 1013 
i 745	 855 	 928 
i 949	 284 	 341 
i 838	 804 	 743 
i 189	 537 	 469 
i 436	 166 	 251 
i 233	 936 	 925 
i 972	 850 	 930 
i 553	 919 	 946 
i 150	 916 	 889 
i 65	 724 	 720 
i 902	 679 	 624 
i 98	 559 	 493 
i 877	 368 	 270 
i 357	 546 	 486 
i 419	 689 	 716 
i 348	 625 	 698 
i 180	 133 	 201 
i 90	 936 	 915 
i 995	 612 	 620 
i 686	 938 	 959 
i 326	 477 	 479 
i 830	 677 	 698 
i 121	 833 	 830 
i 610	 845 	 913 
i 261	 135 	 87 
i 838	 702 	 723 
i 863	 586 	 643 
i 791	 445 	 520 
i 356	 797 	 871 
i 287	 392 	 403 
i 699	 933 	 1010 
i 337	 498 	 541 
i 149	 150 	 217 
i 975	 582 	 571 
i 3	 441 	 482 
i 667	 673 	 681 
i 202	 325 	 306 
i 579	 137 	 76 
i 351	 917 	 928 
i 667	 805 	 873 
i 593	 414 	 422 
i 30	 311 	 386 
i 75	 947 	 852 
i 604	 801 	 701 
i 976	 308 	 208 
i 609	 936 	 970 
i 850	 531 	 605 
i 880	 893 	 883 
i 787	 182 	 242 
i 569	 675 	 669 
i 910	 535 	 447 
i 137	 127 	 45 
i 78	 907 	 840 
i 854	 930 	 984 
i 77	 931 	 980 
i 5	 935 	 906 
i 477	 643 	 584 
i 358	 531 	 448 
i 438	 933 	 1008 
i 73	 758 	 747 
i 550	 288 	 259 
i 569	 345 	 343 
i 465	 429 	 442 
i 387	 578 	 562 
i 310	 376 	 375 
i 238	 153 	 153 
i 837	 471 	 567 
i 310	 656 	 623 
i 236	 735 	 790 
i 964	 625 	 694 
i 164	 131 	 110 
i 428	 447 	 540 
i 786	 884 	 870 
i 313	 501 	 564 
i 611	 877 	 802 
i 659	 432 	 405 
i 65	 880 	 820 
i 678	 863 	 865 
i 381	 275 	 324 
i 959	 965 	 1007 
i 982	 831 	 906 
i 361	 297 	 258 
i 232	 269 	 187 
i 670	 654 	 634 
i 532	 493 	 396 
i 893	 609 	 643 
i 758	 935 	 982 
i 604	 228 	 211 
i 789	 685 	 744 
i 750	 462 	 513 
i 561	 207 	 254 
i 770	 987 	 907 
i 949	 370 	 336 
i 560	 452 	 352 
i 991	 811 	 817 
i 551	 825 	 810 
i 479	 535 	 471 
i 611	 303 	 360 
i 257	 673 	 688 
i 651	 493 	 458 
i 760	 276 	 353 
i 746	 933 	 964 
i 38	 133 	 154 
i 422	 427 	 360 
i 210	 429 	 361 
i 14	 903 	 945 
i 492	 394 	 332 
i 708	 558 	 618 
i 341	 370 	 281 
i 771	 884 	 925 
i 957	 286 	 279 
i 882	 187 	 129 
i 907	 773 	 723 
i 264	 425 	 459 
i 621	 575 	 651 
i 513	 718 	 797 
i 832	 461 	 439 
i 335	 631 	 550 
i 627	 454 	 441 
i 497	 505 	 447 
i 694	 246 	 179 
i 781	 663 	 572 
i 527	 854 	 945 
i 880	 190 	 133 
i 404	 790 	 858 
i 87	 687 	 657 
i 481	 597 	 534 
i 66	 944 	 948 
i 452	 143 	 72 
i 895	 533 	 561 
i 49	 720 	 687 
i 670	 869 	 793 
i 507	 912 	 941 
i 596	 873 	 878 
i 360	 179 	 265 
i 9	 926 	 829 
i 556	 352 	 351 
i 494	 518 	 530 
i 531	 981 	 884 
i 7	 224 	 306 
i 692	 797 	 889 
i 545	 210 	 236 
i 446	 317 	 244 
i 304	 892 	 938 
i 381	 472 	 390 
i 299	 410 	 330 
i 570	 426 	 457 
i 29	 868 	 798 
i 8	 481 	 517 
i 136	 495 	 532 
i 907	 416 	 392 
i 20	 380 	 465 
i 251	 941 	 915 
i 130	 173 	 208 
i 536	 824 	 735 
i 873	 906 	 876 
i 228	 996 	 1080 
i 81	 692 	 782 
i 497	 827 	 919 
i 928	 545 	 464 
i 272	 269 	 169 
i 576	 607 	 511 
i 510	 541 	 495 
i 580	 871 	 851 
i 383	 583 	 670 
i 279	 633 	 695 
i 275	 948 	 856 
i 929	 881 	 805 
i 735	 840 	 863 
i 224	 805 	 814 
i 402	 891 	 954 
i 960	 894 	 872 
i 444	 914 	 994 
i 301	 269 	 265 
i 831	 627 	 700 
i 419	 574 	 503 
i 361	 408 	 392 
i 228	 444 	 413 
i 48	 552 	 468 
i 829	 212 	 173 
i 706	 698 	 739 
i 588	 537 	 570 
i 492	 888 	 810 
i 669	 802 	 784 
i 251	 344 	 293 
i 772	 226 	 259 
i 107	 355 	 260 
i 482	 729 	 679 
i 979	 150 	 110 
i 94	 225 	 151 
i 754	 499 	 566 
i 234	 241 	 226 
i 108	 837 	 920 
i 886	 938 	 955 
i 149	 418 	 485 
i 278	 637 	 659 
i 553	 339 	 382 
i 249	 363 	 302 
i 293	 589 	 524 
i 422	 857 	 811 
i 859	 974 	 879 
i 7	 830 	 782 
i 822	 319 	 292 
i 753	 245 	 196 
i 100	 767 	 747 
i 691	 623 	 659 
i 948	 276 	 223 
i 233	 914 	 910 
i 770	 203 	 258 
i 611	 362 	 301 
i 582	 604 	 515 
i 391	 628 	 540 
i 625	 860 	 937 
i 777	 299 	 327 
i 515	 526 	 573 
i 92	 885 	 871 
i 278	 602 	 577 
i 182	 811 	 833 
i 286	 352 	 328 
i 568	 154 	 252 
i 124	 331 	 345 
i 705	 383 	 476 
i 548	 440 	 458 
i 760	 340 	 313 
i 227	 909 	 985 
i 98	 678 	 772 
i 651	 172 	 122 
i 440	 509 	 495 
i 711	 163 	 206 
i 760	 503 	 460 
i 9	 496 	 478 
i 315	 118 	 41 
i 685	 976 	 1008 
i 943	 612 	 596 
i 841	 939 	 969 
i 480	 835 	 884 
i 549	 812 	 792 
i 996	 147 	 215 
i 57	 533 	 543 
i 498	 283 	 245 
i 931	 540 	 504 
i 939	 905 	 932 
i 913	 120 	 84 
i 478	 711 	 664 
i 410	 200 	 121 
i 225	 779 	 796 
i 14	 557 	 484 
i 54	 913 	 839 
i 529	 772 	 709 
i 723	 374 	 411 
i 206	 652 	 675 
i 100	 938 	 949 
i 111	 615 	 609 
i 786	 902 	 992 
i 886	 250 	 222 
i 639	 345 	 362 
i 141	 867 	 886 
i 45	 988 	 1018 
i 788	 217 	 153 
i 85	 386 	 466 
i 693	 996 	 918 
i 624	 657 	 598 
i 193	 265 	 229 
i 83	 685 	 606 
i 240	 641 	 739 
i 503	 961 	 987 
i 355	 592 	 646 
i 342	 236 	 299 
i 462	 816 	 837 
i 771	 977 	 1014 
i 768	 892 	 868 
i 383	 989 	 890 
i 556	 287 	 227 
i 203	 572 	 528 
i 798	 667 	 671 
i 755	 662 	 567 
i 298	 335 	 311 
i 438	 134 	 178 
i 232	 861 	 797 
i 206	 510 	 601 
i 85	 235 	 279 
i 73	 575 	 496 
i 272	 582 	 614 
i 790	 760 	 832 
i 417	 123 	 155 
i 37	 587 	 570 
i 290	 610 	 653 
i 316	 948 	 878 
i 161	 701 	 678 
i 610	 865 	 883 
i 750	 825 	 860 
i 273	 579 	 628 
i 803	 673 	 577 
i 534	 373 	 435 
i 548	 253 	 198 
i 85	 843 	 796 
i 647	 326 	 337 
i 589	 963 	 1037 
i 254	 212 	 118 
i 103	 556 	 584 
i 906	 193 	 171 
i 433	 795 	 828 
i 67	 573 	 566 
i 362	 592 	 492 
i 522	 424 	 434 
i 345	 628 	 655 
i 588	 864 	 820 
i 547	 469 	 543 
i 661	 355 	 280 
i 162	 384 	 330 
i 255	 955 	 882 
i 26	 416 	 430 
i 545	 119 	 146 
i 87	 537 	 636 
i 439	 541 	 544 
i 22	 143 	 215 
i 868	 710 	 700 
i 272	 963 	 1062 
i 547	 851 	 883 
i 854	 965 	 1029 
i 805	 281 	 196 
i 149	 403 	 323 
i 158	 910 	 939 
i 638	 586 	 632 
i 122	 584 	 518 
i 159	 157 	 96 
i 833	 925 	 837 
i 792	 439 	 406 
i 626	 439 	 515 
i 587	 137 	 184 
i 779	 869 	 877 
i 108	 938 	 976 
i 7	 141 	 210 
i 542	 718 	 715 
i 75	 482 	 503 
i 127	 637 	 690 
i 44	 810 	 830 
i 413	 867 	 845 
i 781	 276 	 179 
i 811	 172 	 193 
i 664	 828 	 804 
i 595	 421 	 419 
i 630	 146 	 145 
i 313	 901 	 809 
i 730	 444 	 367 
i 323	 985 	 933 
i 110	 778 	 735 
i 959	 423 	 462 
i 147	 772 	 767 
i 216	 788 	 746 
i 23	 438 	 528 
i 371	 779 	 789 
i 411	 328 	 264 
i 300	 772 	 770 
i 675	 808 	 752 
i 659	 911 	 920 
i 411	 237 	 268 
i 762	 490 	 513 
i 506	 221 	 273 
i 269	 647 	 742 
i 636	 906 	 1005 
i 389	 866 	 840 
i 634	 466 	 522 
i 378	 626 	 542 
i 163	 176 	 227 
i 64	 375 	 358 
i 206	 860 	 925 
i 633	 554 	 571 
i 757	 212 	 131 
i 361	 889 	 861 
i 256	 869 	 769 
i 105	 868 	 845 
i 505	 308 	 212 
i 85	 113 	 93 
i 159	 185 	 197 
i 456	 858 	 883 
i 299	 339 	 405 
i 798	 185 	 178 
i 912	 709 	 653 
i 788	 793 	 809 
i 641	 228 	 296 
i 493	 228 	 317 
i 714	 574 	 564 
i 717	 594 	 601 
i 801	 951 	 989 
i 642	 563 	 492 
i 898	 232 	 221 
i 982	 973 	 922 
i 655	 498 	 429 
i 424	 697 	 786 
i 555	 328 	 345 
i 687	 186 	 102 
i 208	 137 	 195 
i 752	 537 	 539 
i 697	 124 	 86 
i 207	 741 	 832 
i 344	 873 	 943 
i 315	 383 	 450 
i 750	 602 	 600 
i 410	 743 	 826 
i 654	 696 	 690 
i 739	 330 	 261 
i 769	 402 	 375 
i 249	 219 	 142 
i 265	 675 	 738 
i 973	 953 	 857 
i 831	 913 	 886 
i 138	 783 	 819 
i 690	 638 	 624 
i 402	 186 	 254 
i 61	 111 	 110 
i 308	 530 	 476 
i 635	 671 	 571 
i 758	 996 	 946 
i 392	 212 	 215 
i 340	 937 	 935 
i 243	 957 	 921 
i 999	 394 	 385 
i 593	 111 	 40 
i 678	 494 	 504 
i 679	 354 	 376 
i 151	 795 	 879 
i 781	 115 	 126 
i 777	 118 	 80 
i 891	 343 	 384 
i 821	 802 	 711 
i 773	 349 	 306 
i 93	 636 	 593 
i 93	 155 	 231 
i 525	 288 	 299 
i 798	 779 	 726 
i 568	 435 	 412 
i 573	 364 	 297 
i 581	 858 	 947 
i 842	 248 	 315 
i 621	 875 	 906 
i 889	 916 	 902 
i 481	 284 	 289 
i 531	 540 	 563 
i 731	 434 	 362 
i 483	 931 	 1019 
i 847	 253 	 255 
i 133	 599 	 515 
i 973	 750 	 782 
i 128	 703 	 704 
i 988	 559 	 484 
i 894	 256 	 159 
i 89	 640 	 639 
i 572	 219 	 124 
i 935	 769 	 821 
i 858	 896 	 844 
i 19	 845 	 763 
i 567	 410 	 354 
i 287	 484 	 423 
i 952	 186 	 151 
i 457	 637 	 599 
i 620	 752 	 693 
i 216	 768 	 727 
i 338	 323 	 396 
i 78	 349 	 409 
i 961	 137 	 169 
i 788	 354 	 390 
i 125	 435 	 384 
i 544	 634 	 641 
i 629	 810 	 807 
i 222	 211 	 299 
i 942	 491 	 503 
i 682	 676 	 732 
i 921	 941 	 864 
i 190	 825 	 764 
i 220	 651 	 582 
i 493	 351 	 440 
i 857	 957 	 870 
i 447	 289 	 311 
i 234	 765 	 713 
i 347	 310 	 302 
i 774	 260 	 241 
i 411	 762 	 679 
i 345	 567 	 468 
i 148	 672 	 611 
i 756	 846 	 829 
i 27	 986 	 1068 
i 978	 938 	 991 
i 180	 111 	 54 
i 915	 657 	 647 
i 140	 873 	 932 
i 308	 396 	 410 
i 41	 758 	 854 
i 554	 836 	 801 
i 186	 845 	 840 
i 14	 134 	 80 
i 998	 506 	 457 
i 929	 428 	 375 
i 930	 224 	 207 
i 545	 416 	 382 
i 402	 817 	 811 
i 723	 637 	 692 
i 451	 256 	 320 
i 268	 241 	 215 
i 95	 533 	 545 
i 121	 955 	 969 
i 565	 272 	 286 
i 922	 501 	 501 
i 51	 712 	 698 
i 394	 193 	 288 
i 188	 488 	 464 
i 780	 907 	 827 
i 944	 711 	 721 
i 92	 552 	 616 
i 566	 885 	 968 
i 517	 495 	 402 
i 698	 117 	 137 
i 138	 626 	 631 
i 814	 185 	 200 
i 906	 570 	 663 
i 332	 550 	 481 
i 228	 888 	 975 
i 904	 980 	 1056 
i 400	 584 	 678 
i 272	 426 	 434 
i 703	 352 	 263 
i 710	 385 	 436 
i 291	 921 	 999 
i 374	 499 	 540 
i 890	 121 	 143 
i 385	 983 	 1072 
i 260	 234 	 168 
i 238	 178 	 93 
i 771	 962 	 957 
i 127	 939 	 988 
i 398	 530 	 520 
i 707	 581 	 513 
i 619	 363 	 353 
i 56	 268 	 333 
i 68	 896 	 939 
i 49	 553 	 473 
i 188	 504 	 476 
i 264	 659 	 679 
i 223	 728 	 702 
i 155	 264 	 263 
i 626	 930 	 1009 
i 155	 443 	 463 
i 439	 588 	 532 
i 616	 992 	 947 
i 499	 839 	 808 
i 996	 588 	 567 
i 439	 681 	 697 
i 56	 115 	 184 
i 750	 650 	 563 
i 922	 981 	 925 
i 843	 536 	 605 
i 218	 445 	 345 
i 755	 982 	 970 
i 746	 292 	 203 
i 566	 540 	 551 
i 104	 848 	 858 
i 744	 310 	 408 
i 749	 828 	 737 
i 356	 692 	 751 
i 336	 754 	 798 
i 814	 952 	 964 
i 191	 819 	 875 
i 171	 823 	 830 
i 375	 328 	 284 
i 858	 381 	 450 
i 688	 877 	 967 
i 912	 481 	 520 
i 720	 476 	 465 
i 374	 520 	 580 
i 98	 341 	 268 
i 45	 982 	 1072 
i 840	 595 	 523 
i 642	 402 	 364 
i 886	 880 	 917 
i 191	 244 	 253 
i 53	 999 	 946 
i 470	 957 	 886 
i 880	 688 	 761 
i 341	 197 	 145 
i 600	 911 	 878 
i 581	 145 	 121 
i 127	 992 	 936 
i 454	 230 	 303 
i 320	 510 	 560 
i 470	 234 	 322 
i 469	 721 	 820 
i 422	 931 	 924 
i 73	 174 	 143 
i 169	 945 	 982 
i 70	 271 	 228 
i 108	 573 	 646 
i 100	 914 	 1013 
i 235	 225 	 215 
i 683	 995 	 1049 
i 822	 775 	 722 
i 509	 725 	 766 
i 432	 721 	 647 
i 503	 247 	 187 
i 442	 555 	 529 
i 623	 278 	 266 
i 144	 534 	 543 
i 48	 418 	 447 
i 176	 414 	 490 
i 171	 814 	 827 
i 917	 610 	 587 
i 609	 823 	 902 
i 296	 565 	 531 
i 450	 681 	 747 
i 949	 862 	 817 
i 138	 304 	 383 
i 614	 696 	 604 
i 959	 295 	 212 
i 301	 871 	 824 
i 94	 767 	 754 
i 655	 382 	 352 
i 457	 728 	 820 
i 967	 637 	 588 
i 610	 931 	 972 
i 455	 783 	 814 
i 672	 139 	 198 
i 331	 937 	 918 
i 538	 975 	 948 
i 394	 165 	 198 
i 133	 401 	 453 
i 438	 788 	 771 
i 133	 214 	 289 
i 725	 180 	 248 
i 647	 409 	 399 
i 404	 150 	 231 
i 435	 734 	 749 
i 366	 552 	 634 
i 338	 915 	 904 
i 400	 354 	 422 
i 726	 950 	 1044 
i 489	 739 	 721 
i 605	 222 	 230 
i 683	 111 	 64 
i 20	 861 	 944 
i 64	 374 	 338 
i 765	 292 	 343 
i 261	 807 	 731 
i 167	 727 	 718 
i 441	 236 	 307 
i 385	 985 	 1002 
i 92	 962 	 876 
i 218	 440 	 475 
i 218	 924 	 896 
i 62	 275 	 251 
i 358	 201 	 190 
i 562	 486 	 428 
i 346	 270 	 264 
i 40	 378 	 405 
i 182	 786 	 701 
i 165	 661 	 653 
i 123	 292 	 303 
i 492	 358 	 412 
i 407	 963 	 1061 
i 592	 397 	 307 
i 694	 737 	 719 
i 117	 245 	 339 
i 296	 433 	 397 
i 596	 853 	 825 
i 356	 533 	 541 
i 975	 604 	 645 
i 180	 128 	 193 
i 458	 622 	 586 
i 417	 421 	 466 
i 739	 414 	 377 
i 444	 462 	 364 
i 596	 829 	 754 
i 959	 806 	 791 
i 794	 202 	 106 
i 270	 522 	 497 
i 824	 114 	 84 
i 843	 742 	 748 
i 419	 589 	 687 
i 768	 874 	 855 
i 111	 632 	 561 
i 506	 916 	 934 
i 314	 928 	 865 
i 97	 154 	 83 
i 199	 533 	 621 
i 662	 552 	 494 
i 666	 888 	 794 
i 376	 313 	 388 
i 914	 786 	 745 
i 772	 778 	 691 
i 359	 251 	 186 
i 265	 381 	 417 
i 184	 906 	 1005 
i 233	 183 	 101 
i 708	 313 	 271 
i 205	 260 	 350 
i 79	 447 	 470 
i 307	 477 	 575 
i 67	 368 	 449 
i 816	 632 	 668 
i 974	 690 	 597 
i 279	 847 	 807 
i 175	 564 	 561 
i 257	 561 	 605 
i 484	 643 	 628 
i 652	 902 	 928 
i 31	 860 	 902 
i 443	 521 	 424 
i 733	 516 	 433 
i 320	 435 	 515 
i 972	 151 	 226 
i 800	 187 	 118 
i 311	 457 	 423 
i 817	 892 	 909 
i 417	 644 	 558 
i 307	 137 	 181 
i 149	 700 	 751 
i 611	 445 	 384 
i 67	 462 	 548 
i 432	 538 	 488 
i 478	 452 	 396 
i 563	 342 	 247 
i 953	 481 	 448 
i 832	 775 	 705 
i 433	 409 	 423 
i 462	 472 	 547 
i 126	 227 	 132 
i 502	 899 	 926 
i 898	 186 	 226 
i 380	 125 	 51 
i 763	 349 	 371 
i 25	 549 	 484 
i 441	 571 	 496 
i 189	 870 	 962 
i 524	 118 	 96 
i 931	 625 	 696 
i 63	 516 	 612 
i 949	 538 	 535 
i 35	 215 	 191 
i 52	 840 	 892 
i 320	 960 	 965 
i 813	 616 	 626 
i 332	 772 	 870 
i 186	 887 	 823 
i 195	 853 	 893 
i 773	 315 	 342 
i 229	 188 	 227 
i 710	 173 	 202 
i 828	 604 	 640 
i 649	 945 	 991 
i 605	 734 	 644 
i 174	 313 	 386 
i 917	 802 	 741 
i 791	 794 	 770 
i 627	 954 	 969 
i 857	 692 	 662 
i 944	 368 	 384 
i 15	 989 	 947 
i 570	 676 	 599 
i 510	 394 	 447 
i 212	 157 	 131 
i 439	 204 	 213 
i 217	 974 	 967 
i 985	 261 	 212 
i 935	 602 	 678 
i 589	 227 	 275 
i 879	 540 	 577 
i 867	 167 	 207 
i 504	 426 	 380 
i 822	 533 	 589 
i 874	 327 	 425 
i 979	 660 	 646 
i 951	 258 	 287 
i 121	 672 	 698 
i 673	 901 	 914 
i 804	 799 	 730 
i 288	 569 	 476 
i 352	 291 	 372 
i 707	 914 	 895 
i 182	 267 	 213 
i 426	 962 	 883 
i 45	 956 	 873 
i 211	 451 	 358 
i 842	 139 	 70 
i 732	 703 	 769 
i 506	 321 	 348 
i 23	 462 	 546 
i 225	 496 	 451 
i 130	 412 	 508 
i 306	 777 	 709 
i 264	 984 	 1002 
i 215	 190 	 217 
i 597	 268 	 337 
i 629	 302 	 339 
i 295	 443 	 427 
i 531	 294 	 379 
i 926	 860 	 949 
i 361	 793 	 727 
i 700	 149 	 109 
i 450	 134 	 155 
i 432	 281 	 355 
i 522	 806 	 723 
i 699	 482 	 518 
i 914	 344 	 306 
i 290	 956 	 977 
i 496	 441 	 368 
i 339	 375 	 288 
i 107	 330 	 315 
i 151	 484 	 409 
i 177	 754 	 769 
i 369	 406 	 307 
i 151	 293 	 299 
i 568	 371 	 317 
i 831	 979 	 908 
i 782	 369 	 355 
i 154	 910 	 996 
i 452	 145 	 98 
i 698	 204 	 179 
i 119	 584 	 589 
i 841	 698 	 738 
i 175	 322 	 236 
i 380	 330 	 274 
i 672	 802 	 860 
i 649	 118 	 142 
i 940	 247 	 228 
i 839	 633 	 644 
i 878	 571 	 473 
i 983	 811 	 852 
i 517	 257 	 322 
i 177	 726 	 759 
i 415	 463 	 531 
i 661	 527 	 471 
i 440	 726 	 805 
i 448	 540 	 549 
i 602	 205 	 202 
i 190	 566 	 531 
i 708	 175 	 115 
i 497	 185 	 122 
i 662	 816 	 856 
i 354	 663 	 739 
i 750	 369 	 328 
i 219	 231 	 322 
i 910	 430 	 409 
i 394	 337 	 406 
i 501	 823 	 812 
i 14	 366 	 393 
i 86	 655 	 624 
i 169	 836 	 904 
i 962	 113 	 114 
i 583	 739 	 810 
i 874	 634 	 655 
i 10	 897 	 962 
i 368	 859 	 906 
i 623	 323 	 249 
i 425	 186 	 212 
i 711	 584 	 613 
i 324	 262 	 308 
i 140	 570 	 650 
i 143	 430 	 502 
i 849	 879 	 868 
i 438	 754 	 718 
i 322	 407 	 372 
i 164	 255 	 294 
i 404	 912 	 876 
i 489	 142 	 191 
i 22	 706 	 697 
i 192	 392 	 448 
i 708	 155 	 239 
i 68	 956 	 868 
i 932	 834 	 916 
i 657	 342 	 312 
i 990	 627 	 661 
i 153	 921 	 988 
i 55	 652 	 599 
i 90	 938 	 983 
i 759	 713 	 762 
i 77	 231 	 319 
i 127	 925 	 954 
i 78	 854 	 897 
i 891	 910 	 940 
i 153	 832 	 793 
i 733	 254 	 213 
i 645	 852 	 842 
i 255	 707 	 707 
i 186	 920 	 938 
i 863	 678 	 648 
i 998	 456 	 442 
i 914	 404 	 415 
i 751	 981 	 1007 
i 651	 731 	 736 
i 463	 420 	 455 
i 625	 693 	 675 
i 459	 958 	 869 
i 130	 470 	 432 
i 41	 919 	 918 
i 679	 558 	 530 
i 68	 873 	 844 
i 398	 367 	 321 
i 377	 862 	 767 
i 75	 537 	 572 
i 423	 115 	 43 
i 79	 718 	 771 
i 32	 195 	 139 
i 436	 246 	 216 
i 345	 522 	 500 
i 848	 964 	 878 
i 706	 395 	 323 
i 994	 714 	 721 
i 839	 958 	 1041 
i 319	 981 	 1079 
i 325	 693 	 675 
i 9	 818 	 816 
i 104	 609 	 613 
i 256	 809 	 900 
i 718	 235 	 195 
i 678	 586 	 516 
i 998	 651 	 722 
i 678	 777 	 847 
i 631	 367 	 405 
i 610	 292 	 194 
i 266	 284 	 251 
i 62	 651 	 619 
i 622	 199 	 188 
i 408	 665 	 705 
i 547	 629 	 613 
i 82	 900 	 819 
i 690	 146 	 65 
i 440	 910 	 965 
i 728	 779 	 760 
i 932	 505 	 408 
i 128	 515 	 471 
i 735	 814 	 782 
i 835	 231 	 324 
i 459	 628 	 602 
i 42	 364 	 448 
i 929	 738 	 638 
i 969	 827 	 865 
i 868	 913 	 839 
i 620	 714 	 786 
i 65	 187 	 245 
i 519	 202 	 286 
i 311	 454 	 485 
i 446	 760 	 758 
i 29	 730 	 820 
i 314	 173 	 271 
i 20	 992 	 1076 
i 825	 995 	 1073 
i 728	 723 	 775 
i 408	 842 	 818 
i 494	 719 	 708 
i 597	 537 	 630 
i 983	 468 	 423 
i 714	 163 	 207 
i 411	 602 	 652 
i 482	 558 	 470 
i 474	 552 	 468 
i 469	 484 	 565 
i 158	 388 	 415 
i 980	 176 	 85 
i 665	 515 	 522 
i 146	 911 	 838 
i 547	 880 	 804 
i 607	 236 	 302 
i 160	 878 	 827 
i 663	 656 	 701 
i 160	 713 	 653 
i 580	 787 	 821 
i 892	 706 	 771 
i 965	 385 	 446 
i 421	 425 	 419 
i 321	 905 	 928 
i 187	 138 	 71 
i 329	 245 	 299 
i 192	 987 	 1073 
i 805	 317 	 336 
i 483	 963 	 1014 
i 244	 253 	 220 
i 914	 849 	 794 
i 223	 697 	 635 
i 576	 527 	 550 
i 470	 949 	 1036 
i 501	 611 	 535 
i 652	 760 	 750 
i 638	 559 	 587 
i 869	 500 	 489 
i 828	 141 	 227 
i 989	 814 	 749 
i 820	 224 	 142 
i 480	 428 	 390 
i 948	 600 	 677 
i 891	 258 	 229 
i 454	 202 	 273 
i 184	 312 	 314 
i 688	 714 	 643 
i 127	 397 	 300 
i 161	 797 	 866 
i 952	 737 	 804 
i 80	 894 	 925 
i 436	 974 	 901 
i 987	 363 	 280 
i 154	 264 	 359 
i 257	 583 	 568 
i 483	 458 	 480 
i 161	 913 	 873 
i 484	 156 	 141 
i 256	 173 	 190 
i 961	 926 	 934 
i 842	 782 	 806 
i 813	 477 	 388 
i 97	 599 	 507 
i 269	 674 	 613 
i 800	 653 	 643 
i 192	 146 	 233 
i 94	 691 	 610 
i 145	 960 	 976 
i 216	 451 	 518 
i 133	 975 	 1034 
i 888	 567 	 595 
i 300	 229 	 219 
i 849	 280 	 290 
i 483	 320 	 384 
i 94	 496 	 520 
i 134	 900 	 962 
i 786	 845 	 926 
i 741	 932 	 842 
i 125	 561 	 514 
i 97	 417 	 396 
i 610	 239 	 196 
i 743	 809 	 826 
i 934	 324 	 311 
i 170	 814 	 897 
i 604	 655 	 557 
i 492	 317 	 246 
i 319	 150 	 236 
i 243	 955 	 989 
i 749	 111 	 170 
i 95	 347 	 426 
i 240	 701 	 702 
i 26	 956 	 905 
i 267	 589 	 525 
i 59	 976 	 946 
i 670	 905 	 996 
i 902	 916 	 905 
i 947	 157 	 210 
i 896	 986 	 888 
i 897	 696 	 748 
i 163	 517 	 588 
i 827	 424 	 343 
i 778	 874 	 798 
i 317	 206 	 183 
i 291	 370 	 359 
i 185	 684 	 607 
i 91	 646 	 549 
i 143	 157 	 250 
i 128	 840 	 912 
i 786	 850 	 901 
i 244	 637 	 721 
i 597	 509 	 558 
i 455	 593 	 598 
i 563	 701 	 769 
i 854	 156 	 83 
i 500	 552 	 515 
i 103	 654 	 636 
i 155	 670 	 680 
i 974	 639 	 675 
i 806	 517 	 510 
i 399	 302 	 344 
i 846	 233 	 194 
i 390	 898 	 950 
i 54	 479 	 444 
i 105	 340 	 275 
i 600	 461 	 496 
i 213	 745 	 801 
i 842	 221 	 308 
i 437	 713 	 795 
i 893	 429 	 472 
i 110	 843 	 766 
i 247	 586 	 678 
i 133	 858 	 828 
i 547	 647 	 628 
i 805	 936 	 937 
i 200	 207 	 129 
i 913	 811 	 775 
i 38	 617 	 549 
i 715	 560 	 580 
i 74	 481 	 480 
i 897	 229 	 249 
i 432	 333 	 403 
i 273	 299 	 395 
i 876	 612 	 618 
i 804	 973 	 940 
i 912	 537 	 544 
i 700	 635 	 625 
i 271	 921 	 918 
i 776	 178 	 118 
i 193	 713 	 668 
i 327	 264 	 198 
i 576	 802 	 823 
i 788	 670 	 745 
i 353	 657 	 708 
i 323	 240 	 252 
i 802	 540 	 534 
i 392	 129 	 63 
i 304	 530 	 518 
i 380	 964 	 907 
i 58	 256 	 238 
i 231	 503 	 550 
i 9	 658 	 621 
i 638	 309 	 229 
i 253	 202 	 193 
i 399	 874 	 929 
i 882	 483 	 499 
i 903	 903 	 997 
i 374	 168 	 123 
i 335	 562 	 593 
i 499	 758 	 800 
c
c
W 485823
c end of file