c Instance Type c
c
n 2000
c w	 v1	 v2
i 605	 925 	 954 
i 372	 581 	 659 
i 658	 706 	 649 
i 989	 861 	 893 
i 516	 499 	 482 
i 681	 405 	 386 
i 223	 713 	 779 
i 245	 292 	 268 
i 812	 697 	 624 
i 363	 710 	 803 
i 279	 915 	 929 
i 807	 602 	 691 
i 477	 504 	 524 
i 322	 697 	 715 
i 759	 395 	 316 
i 90	 769 	 827 
i 768	 242 	 144 
i 971	 983 	 934 
i 632	 436 	 349 
i 307	 558 	 544 
i 212	 531 	 573 
i 764	 152 	 155 
i 208	 994 	 1092 
i 867	 641 	 604 
i 188	 280 	 195 
i 927	 377 	 310 
i 76	 191 	 277 
i 57	 203 	 284 
i 423	 431 	 438 
i 926	 493 	 561 
i 399	 877 	 788 
i 446	 619 	 683 
i 440	 190 	 95 
i 37	 186 	 264 
i 228	 467 	 383 
i 528	 535 	 436 
i 619	 682 	 598 
i 722	 623 	 551 
i 84	 540 	 552 
i 514	 129 	 127 
i 376	 879 	 956 
i 947	 929 	 896 
i 38	 769 	 824 
i 122	 794 	 856 
i 523	 700 	 608 
i 1	 773 	 786 
i 643	 781 	 718 
i 220	 857 	 938 
i 702	 983 	 1081 
i 723	 595 	 596 
i 588	 142 	 218 
i 509	 932 	 997 
i 250	 342 	 415 
i 20	 142 	 239 
i 682	 865 	 867 
i 428	 900 	 902 
i 183	 517 	 448 
i 22	 683 	 658 
i 4	 602 	 517 
i 548	 595 	 655 
i 583	 156 	 133 
i 508	 940 	 1019 
i 768	 788 	 717 
i 804	 670 	 603 
i 652	 660 	 729 
i 541	 226 	 181 
i 997	 681 	 672 
i 641	 819 	 815 
i 194	 263 	 259 
i 739	 332 	 238 
i 790	 155 	 178 
i 723	 500 	 424 
i 486	 409 	 487 
i 115	 541 	 580 
i 733	 689 	 658 
i 862	 555 	 632 
i 504	 801 	 878 
i 301	 321 	 326 
i 473	 749 	 793 
i 722	 290 	 281 
i 772	 319 	 268 
i 212	 867 	 961 
i 547	 977 	 968 
i 32	 880 	 894 
i 682	 610 	 571 
i 182	 919 	 852 
i 958	 819 	 853 
i 195	 718 	 812 
i 912	 297 	 286 
i 116	 938 	 871 
i 351	 458 	 546 
i 202	 680 	 610 
i 176	 656 	 696 
i 42	 175 	 221 
i 603	 684 	 666 
i 512	 957 	 976 
i 309	 218 	 228 
i 992	 816 	 865 
i 203	 793 	 825 
i 134	 302 	 357 
i 524	 453 	 378 
i 164	 402 	 367 
i 777	 539 	 540 
i 849	 273 	 282 
i 495	 925 	 854 
i 447	 404 	 436 
i 567	 934 	 1028 
i 361	 538 	 630 
i 129	 315 	 248 
i 344	 904 	 863 
i 729	 706 	 770 
i 58	 820 	 917 
i 539	 224 	 276 
i 722	 673 	 695 
i 638	 270 	 191 
i 967	 403 	 413 
i 893	 992 	 916 
i 374	 966 	 962 
i 604	 933 	 955 
i 496	 192 	 282 
i 167	 458 	 494 
i 964	 301 	 349 
i 93	 289 	 244 
i 725	 968 	 868 
i 904	 624 	 651 
i 234	 719 	 740 
i 225	 323 	 323 
i 187	 431 	 506 
i 113	 859 	 854 
i 205	 513 	 608 
i 595	 473 	 401 
i 809	 192 	 113 
i 10	 850 	 789 
i 973	 210 	 294 
i 551	 212 	 277 
i 236	 781 	 693 
i 475	 432 	 389 
i 835	 877 	 871 
i 678	 766 	 783 
i 132	 303 	 361 
i 539	 281 	 258 
i 630	 407 	 345 
i 462	 501 	 441 
i 574	 678 	 613 
i 688	 610 	 655 
i 443	 457 	 550 
i 804	 512 	 500 
i 667	 767 	 722 
i 405	 299 	 389 
i 621	 820 	 737 
i 813	 634 	 658 
i 147	 977 	 927 
i 587	 262 	 305 
i 225	 443 	 401 
i 786	 602 	 697 
i 176	 361 	 345 
i 627	 330 	 275 
i 365	 721 	 799 
i 577	 966 	 925 
i 376	 926 	 1009 
i 964	 113 	 159 
i 940	 668 	 743 
i 111	 894 	 887 
i 485	 642 	 680 
i 38	 901 	 896 
i 319	 883 	 913 
i 565	 370 	 325 
i 252	 571 	 600 
i 215	 476 	 420 
i 132	 741 	 760 
i 134	 669 	 681 
i 760	 432 	 432 
i 641	 325 	 347 
i 240	 739 	 658 
i 129	 465 	 391 
i 997	 889 	 879 
i 289	 580 	 483 
i 807	 829 	 783 
i 219	 514 	 510 
i 928	 712 	 735 
i 557	 354 	 403 
i 918	 855 	 857 
i 160	 413 	 343 
i 867	 958 	 936 
i 266	 156 	 159 
i 142	 276 	 279 
i 670	 679 	 740 
i 478	 696 	 718 
i 932	 936 	 1002 
i 608	 478 	 530 
i 883	 137 	 100 
i 720	 804 	 751 
i 61	 368 	 347 
i 15	 503 	 455 
i 67	 851 	 856 
i 253	 424 	 458 
i 893	 884 	 851 
i 551	 711 	 774 
i 480	 368 	 418 
i 893	 219 	 190 
i 923	 895 	 843 
i 703	 289 	 381 
i 992	 499 	 403 
i 435	 851 	 758 
i 268	 197 	 117 
i 620	 667 	 638 
i 490	 373 	 323 
i 167	 676 	 736 
i 456	 514 	 470 
i 578	 292 	 227 
i 461	 612 	 531 
i 661	 827 	 887 
i 99	 794 	 852 
i 932	 815 	 760 
i 29	 849 	 848 
i 654	 942 	 865 
i 950	 371 	 392 
i 586	 594 	 648 
i 40	 419 	 365 
i 245	 670 	 731 
i 808	 826 	 779 
i 614	 914 	 1000 
i 383	 738 	 643 
i 175	 556 	 648 
i 6	 760 	 858 
i 941	 313 	 342 
i 235	 418 	 437 
i 779	 959 	 895 
i 126	 758 	 702 
i 754	 963 	 956 
i 559	 793 	 747 
i 463	 143 	 220 
i 169	 971 	 925 
i 670	 997 	 986 
i 400	 962 	 952 
i 628	 954 	 932 
i 973	 639 	 664 
i 928	 279 	 260 
i 657	 440 	 446 
i 616	 637 	 594 
i 384	 162 	 231 
i 421	 406 	 367 
i 388	 307 	 302 
i 385	 548 	 477 
i 343	 945 	 954 
i 292	 458 	 393 
i 886	 807 	 737 
i 76	 477 	 392 
i 447	 839 	 886 
i 39	 424 	 394 
i 97	 680 	 727 
i 429	 543 	 474 
i 650	 819 	 827 
i 142	 356 	 441 
i 81	 488 	 442 
i 471	 976 	 988 
i 255	 244 	 234 
i 667	 379 	 384 
i 487	 449 	 543 
i 840	 214 	 116 
i 480	 527 	 448 
i 967	 292 	 299 
i 764	 431 	 368 
i 40	 914 	 880 
i 465	 851 	 833 
i 438	 204 	 280 
i 589	 706 	 633 
i 890	 218 	 278 
i 271	 686 	 644 
i 388	 662 	 588 
i 856	 672 	 694 
i 60	 769 	 784 
i 420	 359 	 327 
i 324	 526 	 502 
i 158	 820 	 889 
i 263	 297 	 254 
i 933	 192 	 266 
i 54	 313 	 365 
i 701	 139 	 46 
i 322	 398 	 382 
i 953	 515 	 470 
i 694	 169 	 136 
i 974	 684 	 735 
i 442	 988 	 904 
i 241	 439 	 387 
i 450	 304 	 304 
i 541	 557 	 544 
i 769	 445 	 443 
i 801	 236 	 174 
i 125	 268 	 270 
i 580	 645 	 638 
i 646	 893 	 825 
i 291	 306 	 233 
i 278	 981 	 996 
i 648	 166 	 229 
i 865	 380 	 333 
i 368	 828 	 889 
i 744	 328 	 343 
i 885	 765 	 741 
i 63	 936 	 937 
i 663	 504 	 421 
i 543	 920 	 966 
i 763	 175 	 79 
i 742	 296 	 255 
i 805	 810 	 899 
i 109	 649 	 711 
i 916	 887 	 822 
i 161	 718 	 802 
i 897	 343 	 404 
i 826	 681 	 755 
i 270	 241 	 247 
i 180	 317 	 232 
i 252	 966 	 1034 
i 461	 985 	 1001 
i 248	 362 	 339 
i 852	 315 	 314 
i 726	 148 	 130 
i 409	 308 	 322 
i 670	 240 	 233 
i 313	 958 	 917 
i 459	 843 	 856 
i 691	 429 	 477 
i 654	 497 	 596 
i 638	 355 	 346 
i 921	 873 	 913 
i 152	 328 	 339 
i 195	 768 	 724 
i 416	 245 	 283 
i 561	 754 	 726 
i 515	 282 	 317 
i 339	 545 	 471 
i 697	 159 	 224 
i 132	 821 	 817 
i 407	 819 	 742 
i 265	 336 	 244 
i 509	 963 	 901 
i 249	 569 	 546 
i 400	 822 	 882 
i 123	 548 	 520 
i 316	 871 	 946 
i 805	 583 	 526 
i 860	 703 	 786 
i 659	 549 	 458 
i 456	 976 	 966 
i 710	 193 	 236 
i 669	 229 	 174 
i 185	 400 	 395 
i 984	 744 	 818 
i 477	 569 	 668 
i 333	 893 	 855 
i 864	 785 	 708 
i 531	 979 	 1074 
i 24	 904 	 931 
i 997	 945 	 863 
i 90	 460 	 520 
i 223	 210 	 204 
i 549	 412 	 443 
i 262	 835 	 863 
i 778	 723 	 647 
i 658	 721 	 711 
i 418	 112 	 75 
i 395	 218 	 287 
i 287	 199 	 273 
i 226	 767 	 841 
i 619	 851 	 942 
i 731	 677 	 613 
i 71	 208 	 254 
i 884	 793 	 891 
i 574	 476 	 530 
i 262	 583 	 569 
i 263	 986 	 1055 
i 383	 380 	 328 
i 483	 246 	 251 
i 221	 133 	 184 
i 54	 907 	 882 
i 691	 871 	 792 
i 800	 145 	 80 
i 569	 796 	 708 
i 980	 790 	 817 
i 512	 588 	 667 
i 497	 971 	 902 
i 800	 836 	 844 
i 952	 163 	 68 
i 978	 634 	 583 
i 873	 417 	 376 
i 729	 751 	 849 
i 768	 845 	 903 
i 539	 113 	 85 
i 303	 167 	 135 
i 840	 732 	 802 
i 808	 640 	 609 
i 624	 782 	 711 
i 684	 375 	 295 
i 274	 398 	 313 
i 618	 617 	 707 
i 338	 883 	 919 
i 165	 875 	 865 
i 168	 690 	 788 
i 232	 121 	 79 
i 930	 424 	 350 
i 527	 293 	 381 
i 283	 603 	 616 
i 580	 736 	 686 
i 903	 826 	 830 
i 472	 897 	 825 
i 342	 856 	 852 
i 202	 575 	 604 
i 853	 976 	 1038 
i 864	 967 	 875 
i 218	 339 	 434 
i 422	 458 	 458 
i 975	 406 	 462 
i 679	 910 	 882 
i 484	 244 	 197 
i 369	 709 	 757 
i 208	 836 	 752 
i 730	 374 	 330 
i 703	 948 	 875 
i 667	 781 	 681 
i 923	 820 	 763 
i 315	 798 	 826 
i 647	 356 	 379 
i 546	 164 	 123 
i 696	 488 	 543 
i 370	 726 	 655 
i 186	 495 	 466 
i 482	 568 	 485 
i 424	 820 	 877 
i 179	 941 	 932 
i 976	 942 	 917 
i 750	 247 	 285 
i 26	 816 	 784 
i 87	 475 	 552 
i 511	 738 	 754 
i 204	 541 	 631 
i 637	 673 	 600 
i 152	 989 	 1013 
i 949	 176 	 84 
i 884	 877 	 821 
i 819	 393 	 333 
i 973	 731 	 821 
i 767	 459 	 554 
i 178	 763 	 675 
i 883	 663 	 677 
i 368	 292 	 347 
i 999	 251 	 233 
i 988	 374 	 387 
i 62	 926 	 928 
i 924	 966 	 945 
i 243	 275 	 218 
i 940	 453 	 391 
i 333	 409 	 500 
i 67	 388 	 315 
i 687	 444 	 347 
i 892	 954 	 931 
i 51	 755 	 732 
i 347	 234 	 208 
i 265	 737 	 724 
i 227	 306 	 278 
i 412	 660 	 680 
i 797	 854 	 862 
i 134	 135 	 210 
i 446	 988 	 1076 
i 821	 220 	 246 
i 769	 237 	 241 
i 495	 580 	 594 
i 634	 924 	 1008 
i 339	 368 	 304 
i 558	 756 	 738 
i 176	 188 	 252 
i 13	 725 	 749 
i 41	 319 	 369 
i 27	 210 	 150 
i 150	 159 	 63 
i 292	 720 	 778 
i 819	 297 	 254 
i 735	 806 	 889 
i 25	 736 	 687 
i 751	 900 	 963 
i 838	 376 	 474 
i 529	 219 	 119 
i 763	 772 	 680 
i 875	 554 	 468 
i 930	 732 	 676 
i 616	 752 	 754 
i 825	 566 	 532 
i 608	 820 	 733 
i 312	 748 	 666 
i 200	 977 	 1045 
i 499	 814 	 850 
i 621	 806 	 748 
i 365	 810 	 904 
i 863	 850 	 919 
i 562	 913 	 968 
i 284	 221 	 200 
i 796	 677 	 621 
i 594	 972 	 1038 
i 311	 143 	 71 
i 287	 225 	 193 
i 78	 974 	 1041 
i 859	 691 	 683 
i 646	 877 	 942 
i 478	 854 	 891 
i 381	 720 	 670 
i 505	 524 	 530 
i 142	 876 	 842 
i 111	 184 	 268 
i 148	 922 	 869 
i 276	 159 	 163 
i 248	 463 	 482 
i 899	 320 	 311 
i 762	 730 	 650 
i 598	 575 	 591 
i 284	 298 	 390 
i 749	 521 	 514 
i 610	 996 	 1017 
i 693	 401 	 444 
i 605	 334 	 407 
i 660	 543 	 471 
i 57	 117 	 95 
i 292	 650 	 607 
i 988	 168 	 78 
i 511	 261 	 291 
i 722	 779 	 865 
i 184	 745 	 781 
i 181	 272 	 230 
i 507	 813 	 910 
i 758	 564 	 582 
i 245	 445 	 395 
i 252	 572 	 533 
i 858	 919 	 939 
i 923	 288 	 305 
i 93	 334 	 254 
i 844	 912 	 976 
i 558	 854 	 755 
i 739	 572 	 509 
i 529	 834 	 872 
i 40	 821 	 811 
i 416	 459 	 498 
i 935	 683 	 772 
i 844	 957 	 1018 
i 44	 602 	 648 
i 295	 237 	 301 
i 197	 326 	 359 
i 34	 168 	 113 
i 553	 173 	 265 
i 366	 339 	 337 
i 166	 956 	 962 
i 558	 468 	 557 
i 202	 198 	 274 
i 154	 152 	 197 
i 706	 869 	 923 
i 848	 629 	 542 
i 91	 472 	 424 
i 156	 176 	 135 
i 226	 376 	 446 
i 483	 344 	 287 
i 434	 784 	 760 
i 836	 368 	 456 
i 934	 323 	 251 
i 981	 220 	 179 
i 834	 867 	 767 
i 418	 665 	 735 
i 824	 725 	 813 
i 898	 961 	 880 
i 197	 337 	 301 
i 460	 204 	 265 
i 217	 397 	 345 
i 507	 738 	 653 
i 746	 685 	 587 
i 868	 812 	 910 
i 720	 186 	 251 
i 344	 189 	 138 
i 36	 946 	 860 
i 991	 894 	 987 
i 246	 981 	 914 
i 351	 380 	 405 
i 674	 209 	 277 
i 380	 423 	 392 
i 27	 492 	 410 
i 815	 503 	 595 
i 900	 497 	 533 
i 987	 344 	 249 
i 927	 563 	 475 
i 809	 626 	 536 
i 788	 598 	 557 
i 92	 745 	 775 
i 202	 412 	 376 
i 554	 271 	 311 
i 982	 581 	 626 
i 424	 666 	 674 
i 859	 633 	 621 
i 122	 351 	 337 
i 630	 375 	 347 
i 210	 430 	 363 
i 757	 477 	 568 
i 471	 743 	 652 
i 810	 432 	 382 
i 990	 720 	 780 
i 520	 457 	 514 
i 145	 217 	 159 
i 732	 701 	 615 
i 4	 208 	 146 
i 301	 593 	 657 
i 660	 913 	 819 
i 73	 174 	 231 
i 783	 136 	 88 
i 146	 179 	 93 
i 831	 402 	 314 
i 221	 228 	 244 
i 341	 928 	 973 
i 6	 228 	 219 
i 116	 290 	 282 
i 658	 461 	 513 
i 560	 303 	 287 
i 632	 331 	 329 
i 660	 144 	 99 
i 738	 376 	 360 
i 67	 439 	 389 
i 199	 493 	 488 
i 119	 121 	 184 
i 251	 766 	 830 
i 453	 285 	 372 
i 847	 695 	 714 
i 64	 483 	 414 
i 312	 858 	 915 
i 350	 409 	 398 
i 649	 656 	 593 
i 19	 143 	 93 
i 449	 369 	 359 
i 460	 792 	 806 
i 198	 629 	 693 
i 394	 472 	 426 
i 52	 417 	 341 
i 471	 946 	 883 
i 312	 196 	 195 
i 647	 897 	 966 
i 261	 407 	 406 
i 298	 573 	 576 
i 589	 798 	 890 
i 356	 310 	 294 
i 939	 818 	 842 
i 346	 660 	 563 
i 690	 904 	 817 
i 630	 123 	 130 
i 726	 288 	 357 
i 611	 730 	 729 
i 944	 595 	 646 
i 465	 148 	 59 
i 238	 606 	 634 
i 463	 573 	 672 
i 259	 950 	 1037 
i 876	 614 	 570 
i 769	 627 	 721 
i 783	 687 	 707 
i 982	 275 	 241 
i 680	 141 	 229 
i 226	 582 	 659 
i 268	 367 	 337 
i 825	 416 	 433 
i 346	 988 	 898 
i 290	 988 	 950 
i 856	 933 	 870 
i 438	 297 	 388 
i 86	 274 	 322 
i 271	 811 	 855 
i 305	 216 	 196 
i 836	 165 	 190 
i 125	 953 	 1032 
i 468	 377 	 421 
i 455	 902 	 815 
i 441	 949 	 920 
i 367	 336 	 278 
i 576	 504 	 534 
i 759	 466 	 513 
i 547	 235 	 136 
i 665	 878 	 840 
i 726	 347 	 276 
i 674	 906 	 860 
i 974	 815 	 863 
i 864	 567 	 506 
i 807	 627 	 654 
i 62	 944 	 844 
i 504	 245 	 260 
i 903	 824 	 791 
i 43	 591 	 668 
i 905	 598 	 608 
i 173	 876 	 831 
i 68	 120 	 210 
i 859	 363 	 448 
i 373	 132 	 189 
i 953	 306 	 325 
i 892	 872 	 903 
i 44	 875 	 807 
i 846	 500 	 412 
i 387	 801 	 722 
i 934	 699 	 601 
i 796	 300 	 237 
i 806	 546 	 496 
i 90	 502 	 424 
i 114	 436 	 433 
i 334	 250 	 237 
i 190	 780 	 746 
i 50	 476 	 451 
i 488	 620 	 564 
i 265	 678 	 699 
i 927	 773 	 781 
i 140	 785 	 752 
i 629	 950 	 879 
i 71	 286 	 233 
i 437	 387 	 356 
i 593	 819 	 855 
i 347	 321 	 395 
i 758	 615 	 699 
i 331	 949 	 931 
i 968	 257 	 292 
i 714	 798 	 818 
i 473	 392 	 440 
i 418	 694 	 668 
i 616	 823 	 811 
i 926	 143 	 218 
i 723	 454 	 448 
i 959	 172 	 235 
i 527	 948 	 963 
i 470	 880 	 961 
i 635	 356 	 431 
i 409	 957 	 975 
i 726	 605 	 517 
i 382	 376 	 372 
i 184	 708 	 627 
i 221	 213 	 117 
i 606	 995 	 1044 
i 675	 526 	 567 
i 618	 366 	 312 
i 483	 880 	 920 
i 759	 798 	 765 
i 712	 689 	 738 
i 268	 327 	 321 
i 567	 384 	 455 
i 239	 813 	 720 
i 354	 901 	 852 
i 349	 923 	 996 
i 817	 698 	 706 
i 105	 437 	 368 
i 969	 645 	 673 
i 743	 381 	 361 
i 394	 683 	 605 
i 637	 459 	 435 
i 945	 881 	 971 
i 736	 753 	 690 
i 625	 788 	 796 
i 538	 130 	 208 
i 200	 900 	 941 
i 567	 493 	 555 
i 168	 635 	 691 
i 472	 318 	 323 
i 117	 676 	 760 
i 509	 778 	 789 
i 375	 229 	 229 
i 98	 185 	 132 
i 859	 353 	 425 
i 881	 836 	 816 
i 769	 741 	 761 
i 199	 482 	 415 
i 789	 317 	 284 
i 23	 124 	 185 
i 658	 592 	 676 
i 409	 521 	 507 
i 543	 128 	 189 
i 626	 575 	 656 
i 899	 788 	 840 
i 716	 667 	 696 
i 425	 135 	 117 
i 843	 670 	 692 
i 75	 820 	 800 
i 90	 230 	 215 
i 630	 949 	 865 
i 93	 882 	 880 
i 112	 378 	 284 
i 635	 208 	 240 
i 397	 124 	 136 
i 23	 804 	 759 
i 51	 489 	 529 
i 680	 858 	 866 
i 479	 515 	 538 
i 613	 873 	 914 
i 556	 361 	 328 
i 424	 435 	 421 
i 725	 873 	 881 
i 835	 904 	 839 
i 850	 603 	 618 
i 631	 213 	 232 
i 57	 459 	 488 
i 897	 193 	 158 
i 352	 677 	 738 
i 210	 339 	 323 
i 492	 969 	 1064 
i 857	 381 	 361 
i 715	 765 	 690 
i 607	 359 	 451 
i 162	 518 	 580 
i 277	 140 	 128 
i 668	 671 	 670 
i 761	 359 	 338 
i 399	 651 	 700 
i 656	 480 	 571 
i 621	 853 	 842 
i 926	 832 	 793 
i 662	 299 	 203 
i 942	 410 	 435 
i 400	 375 	 433 
i 433	 207 	 120 
i 64	 600 	 647 
i 343	 155 	 154 
i 950	 507 	 586 
i 366	 284 	 294 
i 202	 246 	 180 
i 14	 646 	 565 
i 225	 919 	 971 
i 562	 938 	 978 
i 860	 609 	 529 
i 968	 423 	 430 
i 519	 483 	 503 
i 569	 248 	 336 
i 15	 690 	 768 
i 210	 597 	 548 
i 363	 199 	 191 
i 965	 353 	 347 
i 874	 442 	 481 
i 805	 230 	 182 
i 366	 856 	 780 
i 717	 948 	 866 
i 137	 537 	 558 
i 291	 182 	 117 
i 942	 132 	 70 
i 491	 927 	 907 
i 590	 269 	 321 
i 863	 679 	 724 
i 237	 212 	 232 
i 371	 833 	 814 
i 210	 177 	 232 
i 152	 285 	 283 
i 631	 365 	 390 
i 712	 907 	 991 
i 736	 176 	 248 
i 654	 347 	 317 
i 832	 705 	 794 
i 472	 496 	 557 
i 586	 256 	 165 
i 399	 793 	 776 
i 474	 269 	 294 
i 670	 958 	 1013 
i 956	 508 	 489 
i 852	 179 	 103 
i 926	 998 	 1069 
i 193	 877 	 879 
i 861	 303 	 271 
i 296	 255 	 318 
i 459	 974 	 954 
i 227	 125 	 185 
i 405	 495 	 450 
i 359	 162 	 251 
i 805	 854 	 934 
i 882	 328 	 379 
i 881	 436 	 472 
i 743	 309 	 384 
i 960	 765 	 812 
i 123	 182 	 88 
i 94	 908 	 906 
i 111	 377 	 420 
i 543	 201 	 125 
i 601	 447 	 443 
i 437	 399 	 356 
i 682	 313 	 247 
i 49	 986 	 896 
i 273	 703 	 762 
i 9	 592 	 643 
i 89	 359 	 434 
i 985	 388 	 482 
i 286	 825 	 741 
i 388	 576 	 601 
i 766	 686 	 631 
i 92	 226 	 258 
i 320	 482 	 451 
i 304	 634 	 613 
i 970	 681 	 714 
i 513	 500 	 535 
i 792	 283 	 336 
i 104	 176 	 226 
i 908	 152 	 59 
i 431	 226 	 211 
i 79	 783 	 721 
i 208	 985 	 941 
i 626	 687 	 707 
i 216	 996 	 1077 
i 857	 459 	 534 
i 295	 164 	 141 
i 489	 766 	 702 
i 562	 557 	 514 
i 609	 336 	 274 
i 738	 370 	 394 
i 495	 748 	 788 
i 479	 919 	 1001 
i 129	 282 	 289 
i 125	 817 	 867 
i 516	 734 	 756 
i 577	 624 	 705 
i 314	 971 	 949 
i 816	 243 	 334 
i 71	 497 	 510 
i 362	 669 	 629 
i 79	 335 	 394 
i 988	 960 	 915 
i 181	 881 	 862 
i 975	 470 	 476 
i 677	 250 	 159 
i 255	 793 	 817 
i 223	 709 	 796 
i 372	 170 	 220 
i 806	 132 	 196 
i 434	 634 	 571 
i 686	 904 	 856 
i 642	 726 	 676 
i 509	 974 	 960 
i 913	 446 	 427 
i 71	 918 	 835 
i 838	 961 	 929 
i 511	 626 	 638 
i 578	 571 	 658 
i 602	 352 	 400 
i 192	 196 	 131 
i 85	 361 	 433 
i 776	 597 	 597 
i 747	 821 	 723 
i 126	 317 	 402 
i 35	 681 	 780 
i 990	 758 	 824 
i 571	 172 	 141 
i 89	 673 	 757 
i 361	 616 	 621 
i 457	 387 	 430 
i 739	 543 	 603 
i 286	 421 	 436 
i 86	 869 	 834 
i 319	 881 	 871 
i 960	 816 	 813 
i 688	 812 	 807 
i 757	 665 	 574 
i 390	 972 	 899 
i 959	 904 	 903 
i 270	 482 	 572 
i 757	 231 	 269 
i 107	 944 	 1039 
i 959	 569 	 481 
i 826	 859 	 835 
i 620	 371 	 339 
i 409	 802 	 708 
i 34	 336 	 393 
i 3	 377 	 312 
i 894	 498 	 425 
i 313	 939 	 920 
i 448	 898 	 831 
i 385	 625 	 579 
i 900	 607 	 553 
i 742	 664 	 575 
i 35	 116 	 151 
i 812	 422 	 339 
i 67	 450 	 374 
i 367	 262 	 186 
i 802	 421 	 324 
i 734	 543 	 509 
i 620	 906 	 961 
i 199	 164 	 96 
i 757	 406 	 318 
i 381	 611 	 672 
i 387	 663 	 731 
i 736	 377 	 407 
i 118	 455 	 498 
i 288	 562 	 479 
i 637	 671 	 748 
i 124	 686 	 710 
i 20	 980 	 928 
i 80	 782 	 770 
i 412	 928 	 867 
i 975	 984 	 999 
i 597	 812 	 905 
i 896	 670 	 710 
i 284	 362 	 426 
i 791	 113 	 34 
i 421	 189 	 238 
i 69	 979 	 1052 
i 47	 643 	 720 
i 802	 858 	 951 
i 721	 361 	 336 
i 704	 538 	 509 
i 493	 163 	 253 
i 123	 133 	 202 
i 406	 757 	 683 
i 409	 598 	 682 
i 497	 694 	 662 
i 474	 468 	 450 
i 73	 351 	 342 
i 914	 252 	 204 
i 197	 223 	 319 
i 677	 561 	 598 
i 736	 877 	 813 
i 762	 834 	 794 
i 490	 699 	 740 
i 38	 817 	 740 
i 694	 749 	 772 
i 97	 166 	 84 
i 367	 534 	 466 
i 526	 942 	 857 
i 653	 286 	 240 
i 160	 271 	 361 
i 22	 882 	 919 
i 835	 153 	 142 
i 497	 423 	 510 
i 292	 165 	 260 
i 10	 271 	 305 
i 73	 818 	 871 
i 548	 898 	 824 
i 484	 154 	 186 
i 681	 223 	 185 
i 862	 466 	 460 
i 729	 422 	 420 
i 778	 144 	 109 
i 130	 543 	 608 
i 192	 489 	 412 
i 372	 469 	 394 
i 168	 177 	 117 
i 54	 859 	 908 
i 103	 979 	 925 
i 229	 678 	 760 
i 629	 957 	 1012 
i 979	 489 	 490 
i 18	 928 	 884 
i 504	 332 	 314 
i 930	 178 	 199 
i 333	 283 	 378 
i 408	 397 	 326 
i 250	 576 	 515 
i 228	 353 	 313 
i 866	 561 	 567 
i 818	 485 	 416 
i 244	 287 	 214 
i 163	 737 	 668 
i 412	 990 	 1022 
i 487	 470 	 488 
i 681	 119 	 203 
i 5	 989 	 955 
i 528	 229 	 245 
i 801	 406 	 467 
i 309	 674 	 708 
i 730	 257 	 255 
i 928	 399 	 446 
i 633	 523 	 602 
i 623	 662 	 624 
i 27	 360 	 419 
i 37	 885 	 881 
i 25	 817 	 813 
i 158	 222 	 124 
i 490	 739 	 801 
i 124	 569 	 493 
i 289	 280 	 350 
i 614	 718 	 774 
i 79	 484 	 467 
i 699	 395 	 302 
i 979	 672 	 584 
i 851	 493 	 413 
i 646	 920 	 845 
i 771	 462 	 418 
i 478	 474 	 528 
i 994	 310 	 389 
i 185	 419 	 356 
i 868	 289 	 349 
i 289	 984 	 1060 
i 608	 464 	 479 
i 240	 498 	 509 
i 669	 555 	 537 
i 580	 645 	 556 
i 976	 758 	 823 
i 385	 121 	 82 
i 609	 809 	 769 
i 956	 718 	 715 
i 158	 884 	 854 
i 140	 708 	 736 
i 537	 601 	 551 
i 972	 227 	 224 
i 473	 724 	 655 
i 75	 200 	 247 
i 802	 250 	 293 
i 814	 986 	 906 
i 600	 369 	 411 
i 283	 636 	 669 
i 154	 178 	 242 
i 825	 492 	 584 
i 378	 174 	 174 
i 509	 396 	 390 
i 200	 832 	 921 
i 301	 973 	 876 
i 457	 742 	 806 
i 442	 489 	 516 
i 732	 579 	 526 
i 323	 321 	 324 
i 399	 913 	 947 
i 828	 757 	 756 
i 899	 724 	 799 
i 221	 280 	 256 
i 32	 700 	 716 
i 2	 651 	 727 
i 712	 669 	 637 
i 138	 511 	 567 
i 664	 188 	 191 
i 900	 398 	 465 
i 803	 859 	 806 
i 530	 568 	 481 
i 220	 121 	 213 
i 410	 900 	 837 
i 74	 352 	 295 
i 682	 871 	 814 
i 311	 768 	 854 
i 761	 183 	 96 
i 848	 879 	 925 
i 171	 448 	 474 
i 13	 305 	 292 
i 527	 516 	 609 
i 539	 574 	 511 
i 427	 542 	 561 
i 699	 707 	 740 
i 555	 900 	 870 
i 295	 205 	 237 
i 376	 144 	 128 
i 240	 204 	 158 
i 620	 855 	 843 
i 838	 528 	 518 
i 295	 916 	 1012 
i 815	 885 	 889 
i 301	 161 	 250 
i 972	 691 	 720 
i 860	 397 	 337 
i 966	 710 	 708 
i 5	 409 	 483 
i 110	 785 	 707 
i 947	 136 	 182 
i 417	 529 	 542 
i 323	 933 	 1005 
i 194	 916 	 951 
i 252	 489 	 584 
i 904	 442 	 532 
i 227	 127 	 189 
i 901	 306 	 361 
i 237	 746 	 802 
i 995	 630 	 708 
i 25	 728 	 795 
i 495	 489 	 440 
i 420	 994 	 1009 
i 326	 873 	 927 
i 752	 587 	 492 
i 126	 569 	 654 
i 145	 527 	 458 
i 364	 359 	 270 
i 79	 163 	 122 
i 663	 859 	 817 
i 359	 763 	 726 
i 783	 621 	 683 
i 778	 849 	 795 
i 635	 475 	 486 
i 172	 274 	 235 
i 687	 297 	 283 
i 156	 234 	 249 
i 435	 374 	 462 
i 494	 425 	 329 
i 336	 688 	 724 
i 70	 946 	 854 
i 643	 338 	 403 
i 474	 170 	 190 
i 884	 376 	 324 
i 69	 871 	 853 
i 278	 258 	 177 
i 417	 644 	 594 
i 713	 270 	 307 
i 68	 219 	 155 
i 717	 239 	 242 
i 657	 847 	 864 
i 913	 886 	 832 
i 980	 732 	 772 
i 279	 381 	 398 
i 135	 595 	 626 
i 301	 960 	 1046 
i 900	 159 	 129 
i 80	 384 	 297 
i 203	 997 	 923 
i 346	 270 	 339 
i 176	 731 	 732 
i 48	 364 	 348 
i 747	 569 	 549 
i 52	 306 	 341 
i 595	 829 	 891 
i 551	 524 	 447 
i 606	 465 	 368 
i 914	 778 	 697 
i 911	 836 	 795 
i 91	 954 	 982 
i 789	 820 	 883 
i 75	 382 	 455 
i 590	 755 	 777 
i 810	 223 	 255 
i 618	 827 	 778 
i 83	 662 	 724 
i 482	 765 	 748 
i 233	 779 	 745 
i 49	 863 	 811 
i 997	 239 	 205 
i 795	 811 	 735 
i 101	 650 	 589 
i 825	 532 	 589 
i 952	 188 	 207 
i 758	 778 	 721 
i 379	 121 	 80 
i 115	 842 	 897 
i 866	 324 	 226 
i 713	 618 	 530 
i 857	 834 	 745 
i 646	 241 	 311 
i 253	 350 	 440 
i 727	 525 	 580 
i 813	 335 	 381 
i 565	 866 	 864 
i 576	 168 	 241 
i 399	 433 	 529 
i 639	 237 	 307 
i 211	 249 	 261 
i 25	 303 	 287 
i 172	 356 	 269 
i 441	 226 	 190 
i 907	 185 	 94 
i 160	 878 	 950 
i 10	 640 	 625 
i 74	 187 	 87 
i 437	 960 	 940 
i 579	 946 	 854 
i 734	 813 	 763 
i 951	 426 	 381 
i 228	 801 	 790 
i 357	 861 	 938 
i 441	 257 	 316 
i 305	 299 	 390 
i 900	 175 	 268 
i 985	 554 	 461 
i 941	 556 	 551 
i 880	 914 	 824 
i 671	 950 	 1007 
i 26	 285 	 333 
i 801	 530 	 623 
i 645	 928 	 893 
i 810	 829 	 882 
i 22	 647 	 561 
i 95	 608 	 702 
i 593	 577 	 668 
i 95	 611 	 690 
i 998	 145 	 200 
i 942	 194 	 183 
i 139	 896 	 890 
i 610	 666 	 621 
i 530	 639 	 723 
i 338	 928 	 974 
i 941	 721 	 771 
i 501	 784 	 853 
i 26	 759 	 747 
i 588	 720 	 727 
i 627	 630 	 636 
i 722	 433 	 428 
i 606	 832 	 855 
i 231	 366 	 311 
i 825	 611 	 662 
i 745	 542 	 460 
i 432	 303 	 210 
i 190	 973 	 980 
i 918	 837 	 849 
i 605	 340 	 269 
i 189	 817 	 872 
i 552	 403 	 402 
i 364	 827 	 747 
i 650	 486 	 453 
i 214	 687 	 619 
i 699	 471 	 552 
i 915	 554 	 521 
i 886	 586 	 591 
i 703	 174 	 163 
i 962	 673 	 583 
i 756	 806 	 753 
i 86	 608 	 666 
i 891	 163 	 94 
i 314	 256 	 317 
i 963	 554 	 457 
i 368	 697 	 740 
i 867	 613 	 639 
i 403	 914 	 918 
i 474	 493 	 437 
i 107	 890 	 827 
i 888	 935 	 1023 
i 448	 260 	 165 
i 507	 963 	 1046 
i 670	 212 	 158 
i 170	 929 	 868 
i 829	 946 	 959 
i 395	 696 	 682 
i 299	 371 	 438 
i 729	 833 	 794 
i 606	 143 	 126 
i 534	 308 	 268 
i 702	 257 	 307 
i 662	 282 	 234 
i 776	 211 	 297 
i 697	 419 	 339 
i 637	 594 	 680 
i 296	 207 	 172 
i 588	 592 	 616 
i 401	 446 	 416 
i 438	 722 	 814 
i 660	 203 	 201 
i 825	 474 	 413 
i 19	 254 	 325 
i 132	 486 	 513 
i 478	 425 	 391 
i 22	 514 	 607 
i 131	 452 	 404 
i 672	 742 	 812 
i 50	 408 	 358 
i 737	 723 	 761 
i 841	 687 	 657 
i 250	 238 	 173 
i 412	 413 	 352 
i 834	 287 	 252 
i 188	 852 	 912 
i 641	 258 	 323 
i 27	 231 	 322 
i 736	 466 	 491 
i 72	 335 	 370 
i 759	 560 	 543 
i 408	 286 	 237 
i 551	 598 	 599 
i 891	 756 	 839 
i 90	 930 	 980 
i 924	 332 	 419 
i 90	 158 	 174 
i 225	 892 	 913 
i 625	 854 	 822 
i 876	 523 	 506 
i 382	 237 	 172 
i 579	 607 	 623 
i 128	 836 	 762 
i 854	 397 	 302 
i 776	 325 	 248 
i 25	 994 	 902 
i 79	 940 	 866 
i 957	 568 	 539 
i 793	 220 	 316 
i 258	 526 	 597 
i 401	 895 	 842 
i 959	 162 	 225 
i 775	 681 	 770 
i 98	 801 	 860 
i 339	 824 	 839 
i 332	 928 	 948 
i 266	 964 	 999 
i 780	 191 	 218 
i 903	 507 	 493 
i 370	 489 	 526 
i 253	 362 	 279 
i 311	 574 	 483 
i 951	 412 	 476 
i 728	 364 	 448 
i 531	 186 	 138 
i 450	 698 	 716 
i 410	 343 	 414 
i 500	 946 	 973 
i 945	 623 	 631 
i 371	 117 	 199 
i 654	 729 	 662 
i 176	 809 	 804 
i 515	 853 	 838 
i 800	 697 	 628 
i 885	 628 	 665 
i 547	 860 	 787 
i 808	 499 	 508 
i 748	 374 	 283 
i 326	 942 	 1040 
i 333	 536 	 508 
i 30	 458 	 361 
i 814	 605 	 543 
i 650	 139 	 180 
i 309	 519 	 520 
i 891	 657 	 635 
i 734	 379 	 467 
i 172	 500 	 549 
i 468	 986 	 985 
i 404	 138 	 202 
i 882	 130 	 61 
i 273	 453 	 390 
i 829	 467 	 367 
i 861	 638 	 667 
i 321	 377 	 468 
i 936	 828 	 898 
i 238	 289 	 305 
i 676	 235 	 286 
i 661	 901 	 845 
i 692	 454 	 479 
i 714	 297 	 298 
i 100	 435 	 491 
i 501	 600 	 622 
i 95	 600 	 594 
i 394	 289 	 348 
i 202	 252 	 298 
i 402	 119 	 212 
i 543	 639 	 668 
i 432	 423 	 384 
i 818	 622 	 721 
i 28	 291 	 333 
i 393	 744 	 806 
i 943	 552 	 514 
i 494	 207 	 188 
i 695	 629 	 689 
i 854	 447 	 347 
i 864	 208 	 189 
i 459	 180 	 269 
i 810	 754 	 729 
i 385	 137 	 76 
i 588	 136 	 81 
i 302	 769 	 792 
i 797	 603 	 615 
i 906	 882 	 793 
i 489	 355 	 405 
i 867	 179 	 200 
i 976	 182 	 176 
i 55	 543 	 628 
i 778	 497 	 544 
i 808	 835 	 759 
i 836	 122 	 164 
i 578	 322 	 224 
i 132	 872 	 934 
i 998	 482 	 525 
i 274	 532 	 473 
i 351	 311 	 226 
i 432	 850 	 760 
i 918	 379 	 300 
i 354	 316 	 392 
i 169	 974 	 1012 
i 181	 196 	 201 
i 419	 830 	 751 
i 276	 843 	 790 
i 693	 677 	 624 
i 168	 427 	 429 
i 394	 611 	 683 
i 225	 678 	 636 
i 527	 724 	 666 
i 759	 818 	 831 
i 730	 715 	 761 
i 826	 442 	 525 
i 636	 912 	 878 
i 461	 118 	 139 
i 98	 329 	 289 
i 453	 540 	 534 
i 17	 994 	 1066 
i 655	 871 	 788 
i 345	 243 	 266 
i 141	 432 	 407 
i 821	 935 	 856 
i 194	 699 	 785 
i 96	 624 	 637 
i 104	 921 	 826 
i 350	 574 	 499 
i 832	 843 	 859 
i 826	 372 	 391 
i 682	 252 	 202 
i 831	 331 	 350 
i 194	 880 	 927 
i 122	 324 	 335 
i 783	 419 	 469 
i 361	 359 	 428 
i 272	 864 	 954 
i 792	 890 	 850 
i 617	 114 	 40 
i 911	 630 	 721 
i 71	 271 	 299 
i 319	 495 	 489 
i 184	 136 	 169 
i 424	 790 	 847 
i 771	 397 	 411 
i 50	 177 	 263 
i 897	 930 	 870 
i 775	 886 	 985 
i 779	 264 	 286 
i 364	 383 	 387 
i 544	 347 	 365 
i 976	 917 	 999 
i 5	 448 	 367 
i 769	 151 	 155 
i 93	 851 	 809 
i 167	 470 	 438 
i 89	 409 	 356 
i 960	 589 	 491 
i 134	 586 	 644 
i 439	 241 	 172 
i 705	 707 	 747 
i 612	 346 	 381 
i 991	 269 	 305 
i 38	 355 	 345 
i 871	 818 	 827 
i 275	 188 	 230 
i 610	 493 	 553 
i 149	 706 	 758 
i 683	 719 	 797 
i 830	 536 	 502 
i 501	 676 	 583 
i 765	 411 	 441 
i 943	 125 	 153 
i 218	 733 	 768 
i 14	 247 	 257 
i 102	 731 	 796 
i 531	 476 	 463 
i 201	 298 	 314 
i 884	 975 	 928 
i 363	 880 	 799 
i 998	 288 	 307 
i 337	 322 	 294 
i 353	 900 	 861 
i 54	 581 	 586 
i 207	 296 	 303 
i 905	 786 	 814 
i 316	 631 	 565 
i 527	 130 	 104 
i 499	 649 	 600 
i 365	 887 	 911 
i 564	 974 	 997 
i 801	 617 	 708 
i 689	 941 	 902 
i 219	 326 	 298 
i 428	 793 	 806 
i 188	 384 	 378 
i 773	 954 	 1011 
i 794	 218 	 181 
i 401	 550 	 612 
i 275	 779 	 714 
i 247	 442 	 490 
i 816	 992 	 1000 
i 751	 954 	 900 
i 992	 340 	 330 
i 760	 663 	 739 
i 68	 280 	 193 
i 17	 701 	 769 
i 138	 514 	 541 
i 631	 796 	 703 
i 383	 631 	 593 
i 755	 791 	 802 
i 747	 563 	 538 
i 696	 158 	 83 
i 954	 366 	 289 
i 575	 768 	 843 
i 765	 662 	 751 
i 430	 723 	 815 
i 884	 582 	 502 
i 655	 259 	 305 
i 242	 292 	 215 
i 7	 570 	 644 
i 515	 178 	 201 
i 569	 511 	 474 
i 856	 624 	 578 
i 596	 729 	 798 
i 217	 622 	 644 
i 906	 575 	 483 
i 437	 544 	 629 
i 604	 634 	 650 
i 808	 397 	 461 
i 326	 501 	 566 
i 401	 387 	 355 
i 852	 938 	 1020 
i 429	 330 	 384 
i 125	 570 	 543 
i 700	 433 	 449 
i 224	 976 	 974 
i 711	 124 	 209 
i 300	 947 	 953 
i 622	 575 	 542 
i 62	 417 	 450 
i 373	 266 	 179 
i 304	 572 	 655 
i 551	 496 	 465 
i 68	 292 	 286 
i 430	 618 	 552 
i 404	 248 	 227 
i 419	 683 	 604 
i 360	 618 	 599 
i 881	 202 	 107 
i 227	 504 	 422 
i 402	 206 	 198 
i 921	 265 	 318 
i 355	 193 	 156 
i 558	 501 	 478 
i 129	 921 	 984 
i 283	 186 	 129 
i 927	 538 	 565 
i 499	 633 	 732 
i 601	 995 	 1071 
i 44	 132 	 53 
i 152	 213 	 214 
i 326	 625 	 610 
i 419	 418 	 474 
i 858	 700 	 668 
i 770	 154 	 148 
i 854	 879 	 929 
i 335	 186 	 222 
i 923	 753 	 689 
i 917	 752 	 808 
i 941	 645 	 710 
i 57	 740 	 835 
i 635	 303 	 263 
i 980	 685 	 729 
i 643	 494 	 510 
i 692	 799 	 769 
i 557	 329 	 270 
i 641	 111 	 119 
i 364	 717 	 709 
i 86	 878 	 854 
i 687	 685 	 649 
i 396	 531 	 506 
i 612	 511 	 413 
i 259	 782 	 880 
i 690	 536 	 563 
i 464	 163 	 128 
i 710	 475 	 552 
i 710	 658 	 663 
i 393	 249 	 327 
i 257	 661 	 756 
i 902	 111 	 143 
i 375	 398 	 309 
i 826	 735 	 769 
i 581	 748 	 834 
i 60	 743 	 767 
i 119	 421 	 338 
i 529	 714 	 773 
i 145	 613 	 614 
i 300	 193 	 272 
i 919	 986 	 917 
i 919	 965 	 876 
i 243	 667 	 653 
i 945	 720 	 672 
i 662	 428 	 496 
i 374	 367 	 447 
i 722	 920 	 824 
i 402	 996 	 1005 
i 967	 815 	 853 
i 61	 376 	 474 
i 46	 287 	 369 
i 7	 426 	 492 
i 632	 479 	 394 
i 318	 865 	 769 
i 675	 208 	 244 
i 963	 957 	 868 
i 874	 870 	 925 
i 870	 888 	 824 
i 663	 487 	 416 
i 961	 215 	 156 
i 161	 209 	 159 
i 516	 133 	 85 
i 930	 873 	 951 
i 779	 940 	 882 
i 889	 959 	 1036 
i 841	 677 	 747 
i 695	 728 	 772 
i 570	 531 	 549 
i 993	 692 	 643 
i 111	 824 	 767 
i 222	 120 	 95 
i 247	 346 	 424 
i 105	 578 	 643 
i 39	 483 	 503 
i 992	 671 	 669 
i 630	 570 	 537 
i 325	 437 	 343 
i 797	 192 	 212 
i 452	 720 	 738 
i 254	 949 	 989 
i 265	 255 	 340 
i 530	 592 	 526 
i 56	 499 	 454 
i 475	 343 	 306 
i 105	 881 	 842 
i 621	 431 	 518 
i 988	 729 	 681 
i 80	 757 	 669 
i 765	 402 	 404 
i 708	 930 	 983 
i 870	 667 	 573 
i 412	 602 	 614 
i 848	 757 	 780 
i 111	 115 	 33 
i 976	 396 	 335 
i 337	 671 	 734 
i 33	 617 	 678 
i 759	 852 	 929 
i 87	 907 	 937 
i 9	 474 	 446 
i 635	 267 	 213 
i 188	 296 	 324 
i 914	 796 	 794 
i 919	 456 	 476 
i 241	 538 	 553 
i 871	 713 	 795 
i 441	 552 	 641 
i 275	 380 	 421 
i 171	 279 	 337 
i 580	 859 	 919 
i 756	 290 	 277 
i 964	 495 	 519 
i 735	 178 	 185 
i 124	 614 	 605 
i 605	 260 	 299 
i 283	 774 	 788 
i 780	 698 	 600 
i 84	 651 	 608 
i 274	 391 	 382 
i 116	 207 	 114 
i 317	 920 	 978 
i 750	 419 	 470 
i 825	 974 	 972 
i 392	 565 	 588 
i 561	 973 	 917 
i 308	 706 	 707 
i 968	 325 	 282 
i 577	 336 	 309 
i 892	 591 	 619 
i 1	 997 	 1048 
i 910	 141 	 55 
i 258	 846 	 910 
i 230	 631 	 660 
i 740	 180 	 88 
i 711	 729 	 749 
i 381	 926 	 1008 
i 622	 487 	 562 
i 875	 740 	 731 
i 415	 179 	 148 
i 413	 750 	 719 
i 448	 535 	 487 
i 275	 601 	 604 
i 860	 445 	 494 
i 939	 134 	 131 
i 634	 171 	 110 
i 552	 707 	 722 
i 975	 627 	 567 
i 683	 520 	 435 
i 761	 926 	 924 
i 480	 347 	 428 
i 957	 658 	 628 
i 509	 890 	 915 
i 885	 462 	 459 
i 911	 237 	 222 
i 979	 671 	 583 
i 650	 847 	 869 
i 232	 474 	 491 
i 692	 653 	 607 
i 610	 722 	 628 
i 876	 271 	 273 
i 493	 187 	 181 
i 369	 501 	 597 
i 764	 171 	 244 
i 906	 605 	 660 
i 536	 986 	 1037 
i 365	 152 	 133 
i 773	 698 	 725 
i 384	 334 	 300 
i 73	 577 	 665 
i 253	 607 	 670 
i 339	 175 	 136 
i 778	 594 	 629 
i 846	 577 	 565 
i 403	 458 	 427 
i 388	 260 	 337 
i 435	 932 	 882 
i 96	 405 	 309 
i 347	 972 	 953 
i 871	 378 	 374 
i 430	 325 	 371 
i 502	 162 	 76 
i 47	 437 	 507 
i 572	 152 	 191 
i 962	 545 	 465 
i 131	 856 	 853 
i 55	 754 	 838 
i 386	 977 	 880 
i 355	 999 	 972 
i 656	 473 	 420 
i 896	 900 	 933 
i 954	 663 	 596 
i 323	 728 	 671 
i 369	 596 	 653 
i 857	 327 	 377 
i 696	 417 	 493 
i 420	 851 	 938 
i 395	 783 	 747 
i 394	 800 	 835 
i 801	 237 	 203 
i 690	 448 	 393 
i 312	 152 	 88 
i 7	 302 	 303 
i 552	 494 	 569 
i 795	 305 	 351 
i 140	 972 	 957 
i 973	 866 	 935 
i 729	 808 	 756 
i 506	 205 	 232 
i 647	 807 	 794 
i 28	 214 	 139 
i 74	 417 	 405 
i 289	 581 	 570 
i 720	 142 	 241 
i 938	 920 	 978 
i 907	 683 	 769 
i 757	 175 	 256 
i 542	 930 	 957 
i 648	 258 	 186 
i 432	 825 	 883 
i 548	 328 	 391 
i 893	 443 	 521 
i 422	 836 	 771 
i 458	 345 	 424 
i 369	 344 	 411 
i 13	 162 	 210 
i 85	 993 	 993 
i 7	 910 	 818 
i 173	 588 	 626 
i 977	 715 	 639 
i 222	 528 	 562 
i 595	 366 	 379 
i 411	 268 	 365 
i 674	 428 	 417 
i 937	 338 	 400 
i 995	 194 	 259 
i 987	 856 	 938 
i 887	 414 	 497 
i 424	 453 	 371 
i 104	 179 	 92 
i 573	 290 	 248 
i 860	 887 	 964 
i 38	 501 	 460 
i 395	 490 	 584 
i 651	 886 	 967 
i 745	 721 	 801 
i 584	 567 	 645 
i 925	 489 	 544 
i 310	 417 	 357 
i 387	 498 	 458 
i 588	 559 	 634 
i 462	 817 	 864 
i 901	 716 	 771 
i 329	 979 	 913 
i 201	 953 	 1017 
i 888	 872 	 885 
i 402	 786 	 716 
i 827	 689 	 604 
i 172	 491 	 468 
i 608	 670 	 724 
i 113	 941 	 913 
i 908	 833 	 897 
i 589	 600 	 644 
i 566	 400 	 310 
i 514	 552 	 502 
i 370	 393 	 321 
i 129	 897 	 905 
i 779	 142 	 116 
i 208	 210 	 218 
i 837	 553 	 483 
i 771	 350 	 303 
i 584	 671 	 605 
i 135	 514 	 566 
i 461	 270 	 235 
i 957	 317 	 385 
i 276	 544 	 486 
i 161	 671 	 638 
i 197	 266 	 189 
i 308	 597 	 562 
i 805	 192 	 124 
i 76	 327 	 414 
i 706	 562 	 565 
i 160	 716 	 746 
i 339	 505 	 427 
i 571	 796 	 710 
i 59	 655 	 624 
i 688	 842 	 843 
i 863	 255 	 295 
i 410	 361 	 263 
i 501	 651 	 714 
i 745	 797 	 875 
i 253	 739 	 758 
i 934	 312 	 363 
i 378	 893 	 812 
i 149	 994 	 1027 
i 760	 169 	 214 
i 583	 477 	 460 
i 746	 928 	 883 
i 28	 665 	 702 
i 635	 675 	 613 
i 407	 513 	 600 
i 115	 418 	 355 
i 341	 950 	 874 
i 221	 736 	 736 
i 215	 823 	 853 
i 281	 529 	 511 
i 693	 286 	 384 
i 612	 656 	 703 
i 236	 904 	 957 
i 871	 628 	 608 
i 324	 798 	 859 
i 669	 741 	 825 
i 614	 909 	 861 
i 317	 129 	 125 
i 119	 575 	 614 
i 589	 264 	 359 
i 786	 629 	 663 
i 400	 624 	 581 
i 293	 393 	 397 
i 875	 186 	 164 
i 648	 544 	 587 
i 357	 375 	 352 
i 255	 307 	 406 
i 276	 542 	 505 
i 798	 973 	 960 
i 970	 706 	 610 
i 554	 688 	 750 
i 132	 397 	 339 
i 449	 651 	 651 
i 533	 225 	 200 
i 21	 574 	 479 
i 318	 322 	 298 
i 539	 665 	 692 
i 25	 665 	 747 
i 995	 946 	 988 
i 665	 444 	 480 
i 316	 466 	 413 
i 638	 297 	 270 
i 246	 483 	 546 
i 375	 930 	 900 
i 896	 377 	 351 
i 135	 400 	 437 
i 758	 740 	 685 
i 382	 418 	 368 
i 322	 341 	 290 
i 697	 974 	 1056 
i 97	 692 	 637 
i 306	 903 	 976 
i 725	 342 	 264 
i 648	 179 	 176 
i 947	 491 	 467 
i 273	 820 	 823 
i 981	 543 	 498 
i 327	 745 	 776 
i 586	 969 	 1065 
i 558	 300 	 335 
i 212	 222 	 277 
i 104	 425 	 341 
i 363	 307 	 368 
i 440	 407 	 397 
i 868	 840 	 820 
i 666	 293 	 328 
i 153	 754 	 785 
i 867	 112 	 208 
i 833	 698 	 712 
i 47	 681 	 606 
i 172	 395 	 362 
i 526	 196 	 184 
i 747	 268 	 329 
i 81	 985 	 934 
i 901	 500 	 422 
i 107	 858 	 914 
i 830	 570 	 656 
i 832	 265 	 325 
i 493	 250 	 276 
i 136	 757 	 793 
i 456	 871 	 941 
i 552	 284 	 259 
i 728	 678 	 603 
i 712	 506 	 447 
i 151	 725 	 646 
i 992	 827 	 769 
i 509	 633 	 541 
i 682	 574 	 649 
i 839	 398 	 371 
i 567	 961 	 961 
i 422	 677 	 769 
i 617	 546 	 548 
i 256	 883 	 831 
i 700	 995 	 1085 
i 392	 290 	 210 
i 198	 385 	 304 
i 785	 575 	 595 
i 307	 613 	 570 
i 630	 503 	 428 
i 587	 831 	 869 
i 225	 391 	 313 
c
c
W 503920
c end of file