c Instance Type c
c
n 2000
c w	 v1	 v2
i 47	 200 	 115 
i 970	 569 	 638 
i 818	 447 	 401 
i 418	 470 	 559 
i 578	 111 	 150 
i 893	 750 	 811 
i 374	 742 	 803 
i 403	 491 	 516 
i 206	 697 	 748 
i 798	 551 	 451 
i 898	 558 	 468 
i 414	 629 	 533 
i 792	 494 	 561 
i 197	 735 	 686 
i 197	 687 	 753 
i 916	 421 	 466 
i 627	 248 	 168 
i 56	 966 	 966 
i 715	 637 	 679 
i 212	 423 	 424 
i 715	 426 	 407 
i 299	 471 	 535 
i 729	 489 	 511 
i 432	 346 	 408 
i 81	 574 	 475 
i 430	 426 	 510 
i 584	 184 	 194 
i 547	 274 	 295 
i 140	 722 	 686 
i 491	 465 	 471 
i 846	 917 	 866 
i 252	 389 	 398 
i 678	 231 	 186 
i 942	 776 	 817 
i 464	 607 	 664 
i 818	 614 	 557 
i 901	 546 	 606 
i 85	 147 	 116 
i 773	 686 	 683 
i 172	 972 	 1067 
i 78	 558 	 623 
i 392	 779 	 694 
i 527	 377 	 428 
i 276	 623 	 662 
i 834	 364 	 296 
i 401	 176 	 272 
i 890	 370 	 446 
i 931	 195 	 288 
i 578	 506 	 553 
i 548	 940 	 1022 
i 52	 922 	 1019 
i 803	 767 	 742 
i 103	 837 	 918 
i 679	 620 	 556 
i 963	 352 	 255 
i 38	 496 	 479 
i 330	 478 	 439 
i 425	 373 	 320 
i 869	 343 	 406 
i 802	 111 	 84 
i 715	 920 	 903 
i 454	 910 	 853 
i 271	 358 	 322 
i 843	 275 	 175 
i 116	 437 	 529 
i 548	 452 	 352 
i 962	 824 	 790 
i 258	 208 	 259 
i 519	 421 	 446 
i 520	 258 	 243 
i 431	 583 	 511 
i 330	 953 	 972 
i 608	 259 	 332 
i 793	 546 	 588 
i 161	 547 	 612 
i 545	 516 	 491 
i 348	 518 	 485 
i 457	 813 	 832 
i 806	 596 	 519 
i 972	 263 	 290 
i 504	 644 	 557 
i 452	 772 	 751 
i 619	 414 	 314 
i 109	 298 	 357 
i 599	 931 	 1022 
i 56	 778 	 778 
i 514	 224 	 294 
i 304	 525 	 486 
i 850	 167 	 90 
i 22	 270 	 187 
i 622	 835 	 853 
i 366	 895 	 803 
i 707	 358 	 390 
i 917	 362 	 416 
i 840	 183 	 157 
i 592	 146 	 131 
i 719	 594 	 681 
i 186	 462 	 410 
i 249	 737 	 655 
i 428	 840 	 763 
i 244	 918 	 965 
i 126	 555 	 475 
i 404	 594 	 656 
i 688	 294 	 339 
i 769	 979 	 992 
i 809	 419 	 351 
i 353	 798 	 873 
i 749	 745 	 658 
i 454	 961 	 923 
i 274	 155 	 203 
i 182	 257 	 353 
i 682	 912 	 834 
i 226	 115 	 117 
i 432	 835 	 775 
i 409	 593 	 687 
i 756	 209 	 265 
i 530	 352 	 278 
i 244	 245 	 321 
i 200	 303 	 270 
i 250	 582 	 603 
i 414	 352 	 410 
i 317	 339 	 333 
i 321	 437 	 476 
i 137	 895 	 821 
i 679	 186 	 194 
i 790	 161 	 120 
i 62	 855 	 920 
i 213	 974 	 887 
i 429	 869 	 822 
i 959	 279 	 282 
i 232	 821 	 907 
i 489	 636 	 586 
i 856	 169 	 183 
i 739	 791 	 832 
i 824	 907 	 884 
i 881	 499 	 434 
i 718	 763 	 710 
i 689	 608 	 598 
i 543	 671 	 746 
i 733	 910 	 977 
i 533	 483 	 397 
i 124	 424 	 435 
i 190	 647 	 630 
i 954	 266 	 196 
i 851	 895 	 990 
i 288	 349 	 420 
i 22	 506 	 521 
i 581	 717 	 670 
i 211	 229 	 291 
i 111	 122 	 130 
i 530	 868 	 783 
i 883	 931 	 871 
i 487	 540 	 517 
i 661	 909 	 877 
i 543	 158 	 96 
i 811	 139 	 135 
i 257	 903 	 903 
i 939	 528 	 444 
i 73	 766 	 725 
i 86	 598 	 579 
i 938	 192 	 279 
i 861	 260 	 324 
i 345	 438 	 399 
i 243	 784 	 877 
i 297	 201 	 203 
i 329	 374 	 338 
i 221	 803 	 818 
i 690	 362 	 365 
i 428	 438 	 456 
i 975	 701 	 736 
i 68	 174 	 196 
i 236	 118 	 113 
i 604	 848 	 912 
i 362	 232 	 144 
i 464	 204 	 176 
i 760	 659 	 696 
i 540	 946 	 1027 
i 823	 572 	 591 
i 191	 144 	 49 
i 855	 670 	 570 
i 926	 383 	 297 
i 934	 929 	 890 
i 763	 463 	 544 
i 900	 304 	 258 
i 6	 361 	 408 
i 622	 681 	 680 
i 561	 405 	 312 
i 81	 324 	 395 
i 120	 857 	 766 
i 748	 881 	 961 
i 55	 883 	 949 
i 975	 946 	 998 
i 372	 329 	 334 
i 589	 248 	 233 
i 870	 490 	 476 
i 513	 254 	 165 
i 843	 695 	 718 
i 84	 726 	 765 
i 922	 600 	 663 
i 789	 644 	 657 
i 658	 559 	 583 
i 598	 408 	 427 
i 843	 199 	 292 
i 997	 669 	 680 
i 424	 161 	 146 
i 586	 547 	 635 
i 243	 596 	 652 
i 935	 256 	 329 
i 486	 877 	 934 
i 86	 714 	 729 
i 590	 328 	 275 
i 924	 880 	 947 
i 24	 520 	 555 
i 652	 491 	 526 
i 708	 986 	 906 
i 200	 477 	 514 
i 746	 424 	 509 
i 909	 231 	 303 
i 771	 113 	 82 
i 451	 815 	 802 
i 695	 441 	 346 
i 560	 652 	 741 
i 21	 505 	 599 
i 449	 219 	 244 
i 433	 820 	 786 
i 845	 909 	 915 
i 198	 630 	 585 
i 334	 567 	 504 
i 336	 446 	 538 
i 129	 757 	 739 
i 501	 255 	 176 
i 110	 277 	 310 
i 554	 233 	 270 
i 676	 209 	 136 
i 474	 766 	 779 
i 372	 174 	 156 
i 956	 648 	 670 
i 469	 896 	 985 
i 846	 175 	 131 
i 573	 140 	 122 
i 735	 505 	 587 
i 922	 599 	 503 
i 61	 303 	 317 
i 172	 914 	 864 
i 908	 146 	 190 
i 979	 652 	 571 
i 584	 132 	 42 
i 468	 676 	 680 
i 541	 628 	 601 
i 574	 878 	 966 
i 18	 355 	 390 
i 567	 276 	 295 
i 783	 295 	 326 
i 687	 806 	 872 
i 727	 140 	 188 
i 337	 784 	 827 
i 360	 870 	 830 
i 996	 916 	 970 
i 578	 492 	 454 
i 442	 819 	 896 
i 716	 767 	 847 
i 902	 479 	 473 
i 111	 123 	 74 
i 892	 710 	 798 
i 925	 560 	 593 
i 682	 330 	 231 
i 536	 970 	 943 
i 443	 351 	 323 
i 871	 148 	 236 
i 668	 426 	 402 
i 407	 325 	 244 
i 821	 240 	 140 
i 836	 659 	 581 
i 511	 885 	 785 
i 17	 834 	 919 
i 264	 541 	 563 
i 230	 546 	 475 
i 500	 872 	 890 
i 542	 305 	 297 
i 897	 252 	 178 
i 139	 592 	 599 
i 284	 680 	 651 
i 900	 681 	 620 
i 772	 780 	 821 
i 586	 783 	 827 
i 71	 720 	 817 
i 561	 375 	 318 
i 418	 506 	 549 
i 637	 142 	 93 
i 796	 553 	 484 
i 339	 669 	 627 
i 978	 257 	 272 
i 620	 577 	 572 
i 373	 750 	 700 
i 129	 489 	 556 
i 814	 242 	 323 
i 112	 230 	 223 
i 557	 422 	 499 
i 592	 169 	 173 
i 90	 398 	 362 
i 718	 536 	 567 
i 883	 797 	 824 
i 408	 422 	 373 
i 127	 847 	 872 
i 552	 181 	 232 
i 700	 925 	 939 
i 835	 843 	 880 
i 186	 371 	 319 
i 251	 270 	 336 
i 575	 735 	 819 
i 55	 131 	 159 
i 827	 717 	 722 
i 178	 394 	 480 
i 6	 623 	 535 
i 85	 294 	 316 
i 1	 968 	 930 
i 824	 589 	 518 
i 117	 309 	 275 
i 296	 524 	 541 
i 998	 377 	 309 
i 23	 309 	 251 
i 704	 880 	 788 
i 24	 459 	 402 
i 600	 399 	 343 
i 806	 453 	 414 
i 771	 998 	 959 
i 309	 388 	 314 
i 532	 520 	 470 
i 997	 817 	 826 
i 297	 448 	 457 
i 521	 591 	 604 
i 387	 781 	 735 
i 778	 818 	 777 
i 104	 123 	 202 
i 489	 322 	 362 
i 488	 597 	 591 
i 799	 872 	 928 
i 261	 991 	 954 
i 56	 325 	 287 
i 435	 811 	 832 
i 975	 407 	 333 
i 729	 912 	 915 
i 525	 265 	 224 
i 539	 529 	 508 
i 777	 437 	 514 
i 325	 173 	 148 
i 181	 594 	 529 
i 171	 401 	 388 
i 412	 681 	 679 
i 200	 959 	 1044 
i 533	 612 	 692 
i 434	 728 	 754 
i 608	 298 	 229 
i 78	 561 	 600 
i 445	 916 	 910 
i 515	 817 	 876 
i 59	 262 	 357 
i 385	 418 	 347 
i 27	 806 	 818 
i 980	 354 	 405 
i 544	 289 	 247 
i 239	 202 	 247 
i 450	 763 	 729 
i 956	 902 	 884 
i 862	 632 	 703 
i 657	 164 	 138 
i 827	 873 	 858 
i 174	 853 	 915 
i 956	 986 	 1054 
i 230	 595 	 659 
i 431	 382 	 355 
i 534	 642 	 662 
i 268	 398 	 308 
i 159	 695 	 596 
i 745	 173 	 247 
i 805	 934 	 939 
i 663	 376 	 347 
i 498	 758 	 764 
i 483	 593 	 590 
i 28	 452 	 495 
i 333	 293 	 222 
i 930	 618 	 654 
i 254	 266 	 355 
i 911	 313 	 234 
i 981	 322 	 392 
i 908	 208 	 240 
i 207	 679 	 643 
i 934	 996 	 1060 
i 478	 578 	 538 
i 861	 122 	 88 
i 67	 759 	 792 
i 638	 890 	 909 
i 812	 607 	 676 
i 40	 563 	 615 
i 278	 660 	 708 
i 387	 531 	 561 
i 27	 229 	 300 
i 23	 516 	 574 
i 548	 357 	 310 
i 561	 628 	 554 
i 291	 923 	 862 
i 169	 625 	 692 
i 727	 266 	 295 
i 237	 132 	 169 
i 854	 808 	 901 
i 327	 579 	 549 
i 460	 269 	 244 
i 916	 142 	 122 
i 194	 846 	 935 
i 775	 196 	 198 
i 689	 313 	 373 
i 269	 490 	 584 
i 444	 344 	 383 
i 468	 920 	 1006 
i 253	 643 	 700 
i 780	 612 	 534 
i 958	 926 	 940 
i 993	 374 	 372 
i 820	 730 	 766 
i 917	 685 	 676 
i 146	 250 	 179 
i 572	 963 	 946 
i 834	 936 	 1008 
i 745	 667 	 632 
i 344	 608 	 624 
i 908	 420 	 392 
i 825	 522 	 486 
i 121	 144 	 106 
i 818	 580 	 506 
i 464	 300 	 210 
i 621	 708 	 647 
i 580	 841 	 894 
i 509	 324 	 344 
i 136	 200 	 169 
i 695	 493 	 531 
i 44	 121 	 140 
i 506	 443 	 428 
i 544	 728 	 737 
i 73	 118 	 90 
i 285	 237 	 302 
i 957	 283 	 272 
i 779	 458 	 363 
i 19	 252 	 259 
i 121	 788 	 822 
i 550	 208 	 181 
i 563	 823 	 805 
i 937	 468 	 551 
i 632	 846 	 838 
i 640	 442 	 449 
i 783	 766 	 830 
i 977	 613 	 668 
i 369	 124 	 135 
i 528	 151 	 166 
i 290	 630 	 669 
i 400	 340 	 289 
i 202	 669 	 730 
i 604	 148 	 197 
i 431	 965 	 940 
i 804	 488 	 391 
i 541	 964 	 1024 
i 107	 805 	 860 
i 122	 608 	 537 
i 167	 214 	 249 
i 751	 727 	 820 
i 10	 457 	 430 
i 638	 677 	 690 
i 680	 508 	 442 
i 642	 283 	 303 
i 67	 619 	 600 
i 28	 636 	 725 
i 808	 460 	 371 
i 368	 264 	 199 
i 485	 395 	 363 
i 178	 995 	 914 
i 568	 965 	 886 
i 205	 401 	 449 
i 651	 907 	 891 
i 845	 171 	 84 
i 417	 707 	 633 
i 9	 180 	 112 
i 401	 134 	 227 
i 573	 184 	 151 
i 893	 341 	 405 
i 888	 647 	 746 
i 849	 732 	 745 
i 177	 826 	 880 
i 73	 598 	 582 
i 141	 975 	 928 
i 811	 144 	 180 
i 890	 262 	 300 
i 917	 405 	 323 
i 999	 377 	 410 
i 259	 676 	 688 
i 862	 516 	 505 
i 561	 515 	 474 
i 366	 130 	 125 
i 913	 815 	 824 
i 885	 302 	 339 
i 923	 540 	 540 
i 95	 259 	 237 
i 425	 876 	 837 
i 724	 960 	 921 
i 360	 664 	 677 
i 817	 274 	 259 
i 272	 674 	 772 
i 294	 940 	 911 
i 87	 474 	 428 
i 301	 963 	 894 
i 783	 687 	 602 
i 951	 244 	 178 
i 812	 592 	 611 
i 767	 866 	 830 
i 391	 251 	 287 
i 574	 755 	 755 
i 208	 247 	 301 
i 142	 238 	 151 
i 551	 555 	 485 
i 509	 795 	 785 
i 158	 934 	 881 
i 307	 116 	 53 
i 848	 271 	 171 
i 699	 803 	 856 
i 857	 203 	 134 
i 581	 811 	 857 
i 734	 367 	 455 
i 878	 166 	 82 
i 378	 225 	 251 
i 149	 361 	 289 
i 75	 765 	 725 
i 81	 977 	 998 
i 261	 256 	 247 
i 41	 257 	 188 
i 144	 940 	 842 
i 931	 192 	 210 
i 221	 844 	 809 
i 283	 792 	 733 
i 412	 866 	 882 
i 694	 540 	 586 
i 431	 667 	 728 
i 405	 934 	 1011 
i 568	 585 	 514 
i 733	 990 	 928 
i 666	 239 	 205 
i 758	 249 	 202 
i 583	 777 	 774 
i 350	 179 	 232 
i 201	 363 	 299 
i 683	 883 	 958 
i 310	 645 	 606 
i 236	 475 	 517 
i 768	 376 	 332 
i 758	 509 	 411 
i 902	 678 	 713 
i 59	 975 	 962 
i 808	 323 	 226 
i 885	 755 	 729 
i 170	 550 	 564 
i 38	 712 	 662 
i 640	 601 	 613 
i 50	 874 	 933 
i 348	 618 	 631 
i 796	 867 	 832 
i 435	 878 	 823 
i 408	 593 	 550 
i 646	 981 	 900 
i 372	 999 	 1095 
i 866	 439 	 369 
i 542	 946 	 883 
i 94	 283 	 348 
i 952	 784 	 859 
i 523	 605 	 550 
i 374	 221 	 125 
i 238	 511 	 502 
i 780	 714 	 787 
i 759	 969 	 971 
i 758	 164 	 240 
i 128	 147 	 196 
i 67	 281 	 239 
i 261	 448 	 425 
i 19	 295 	 262 
i 574	 187 	 259 
i 698	 387 	 333 
i 149	 407 	 401 
i 827	 814 	 764 
i 792	 694 	 596 
i 852	 260 	 313 
i 893	 156 	 235 
i 85	 822 	 914 
i 465	 192 	 136 
i 672	 534 	 482 
i 758	 835 	 898 
i 70	 711 	 714 
i 404	 920 	 952 
i 195	 451 	 449 
i 852	 675 	 631 
i 21	 685 	 612 
i 73	 480 	 386 
i 872	 388 	 310 
i 964	 356 	 371 
i 441	 556 	 506 
i 256	 772 	 674 
i 931	 609 	 525 
i 841	 179 	 175 
i 225	 769 	 804 
i 859	 318 	 324 
i 506	 570 	 580 
i 921	 691 	 715 
i 235	 718 	 717 
i 511	 820 	 812 
i 12	 446 	 526 
i 755	 671 	 602 
i 317	 680 	 597 
i 393	 751 	 837 
i 135	 292 	 222 
i 367	 895 	 797 
i 884	 478 	 482 
i 537	 968 	 956 
i 221	 633 	 668 
i 19	 185 	 122 
i 397	 594 	 533 
i 27	 507 	 597 
i 667	 646 	 600 
i 388	 725 	 757 
i 592	 663 	 722 
i 474	 801 	 734 
i 888	 813 	 722 
i 852	 387 	 404 
i 441	 779 	 840 
i 524	 491 	 556 
i 69	 657 	 601 
i 514	 834 	 784 
i 118	 793 	 876 
i 808	 145 	 106 
i 430	 735 	 814 
i 207	 556 	 530 
i 997	 703 	 654 
i 308	 747 	 669 
i 61	 381 	 391 
i 489	 210 	 125 
i 104	 945 	 874 
i 917	 255 	 287 
i 685	 478 	 533 
i 724	 404 	 421 
i 427	 676 	 579 
i 927	 584 	 528 
i 594	 915 	 859 
i 311	 256 	 261 
i 615	 356 	 373 
i 726	 847 	 762 
i 665	 916 	 852 
i 827	 156 	 75 
i 241	 743 	 799 
i 571	 546 	 547 
i 207	 178 	 264 
i 740	 193 	 265 
i 644	 392 	 383 
i 808	 588 	 641 
i 85	 169 	 145 
i 912	 692 	 613 
i 818	 761 	 815 
i 869	 921 	 941 
i 581	 120 	 188 
i 71	 817 	 799 
i 147	 379 	 403 
i 240	 321 	 293 
i 556	 199 	 99 
i 93	 606 	 668 
i 158	 400 	 479 
i 812	 741 	 802 
i 543	 838 	 863 
i 455	 638 	 637 
i 466	 285 	 200 
i 261	 145 	 74 
i 563	 513 	 472 
i 800	 175 	 182 
i 900	 495 	 413 
i 458	 499 	 435 
i 783	 333 	 301 
i 492	 241 	 171 
i 311	 961 	 1000 
i 904	 631 	 561 
i 101	 184 	 207 
i 140	 254 	 329 
i 592	 387 	 375 
i 664	 651 	 599 
i 98	 239 	 167 
i 535	 321 	 341 
i 785	 486 	 462 
i 932	 790 	 865 
i 889	 928 	 865 
i 474	 660 	 578 
i 557	 796 	 734 
i 718	 458 	 424 
i 31	 351 	 435 
i 638	 744 	 761 
i 783	 960 	 997 
i 21	 198 	 142 
i 442	 732 	 633 
i 207	 184 	 271 
i 127	 963 	 1028 
i 744	 240 	 200 
i 516	 321 	 392 
i 906	 493 	 508 
i 177	 788 	 809 
i 889	 721 	 670 
i 845	 355 	 260 
i 944	 965 	 874 
i 644	 272 	 270 
i 726	 277 	 316 
i 685	 222 	 287 
i 830	 958 	 971 
i 68	 337 	 254 
i 498	 212 	 310 
i 260	 725 	 658 
i 946	 376 	 287 
i 221	 595 	 675 
i 183	 620 	 689 
i 364	 664 	 662 
i 552	 212 	 155 
i 677	 833 	 913 
i 631	 677 	 723 
i 885	 294 	 354 
i 999	 370 	 329 
i 690	 362 	 373 
i 989	 511 	 512 
i 534	 562 	 607 
i 108	 476 	 557 
i 730	 340 	 294 
i 844	 777 	 842 
i 657	 971 	 971 
i 294	 885 	 811 
i 501	 648 	 551 
i 793	 472 	 375 
i 76	 739 	 780 
i 527	 347 	 386 
i 35	 797 	 743 
i 446	 554 	 521 
i 704	 474 	 387 
i 455	 717 	 799 
i 422	 561 	 575 
i 294	 119 	 192 
i 898	 238 	 211 
i 305	 255 	 186 
i 12	 271 	 217 
i 278	 902 	 954 
i 50	 634 	 693 
i 549	 840 	 788 
i 957	 253 	 342 
i 639	 316 	 296 
i 146	 239 	 303 
i 156	 747 	 670 
i 299	 627 	 529 
i 461	 952 	 915 
i 642	 204 	 170 
i 532	 413 	 434 
i 121	 201 	 232 
i 941	 908 	 849 
i 103	 234 	 167 
i 333	 186 	 246 
i 478	 543 	 633 
i 194	 386 	 307 
i 775	 489 	 470 
i 722	 502 	 575 
i 827	 786 	 787 
i 168	 191 	 99 
i 270	 733 	 665 
i 167	 430 	 350 
i 306	 615 	 555 
i 392	 762 	 769 
i 877	 588 	 491 
i 187	 544 	 485 
i 613	 639 	 735 
i 54	 999 	 1040 
i 813	 881 	 887 
i 904	 443 	 483 
i 604	 479 	 573 
i 963	 622 	 549 
i 530	 713 	 701 
i 263	 895 	 962 
i 800	 484 	 526 
i 289	 499 	 579 
i 883	 685 	 687 
i 883	 672 	 685 
i 749	 411 	 386 
i 124	 886 	 842 
i 538	 621 	 698 
i 114	 595 	 665 
i 792	 718 	 694 
i 675	 224 	 252 
i 96	 967 	 955 
i 532	 712 	 758 
i 179	 623 	 646 
i 809	 190 	 189 
i 148	 693 	 642 
i 20	 141 	 115 
i 593	 393 	 475 
i 139	 293 	 197 
i 821	 160 	 223 
i 949	 499 	 497 
i 912	 182 	 199 
i 589	 577 	 500 
i 166	 339 	 298 
i 256	 886 	 807 
i 911	 441 	 391 
i 945	 661 	 615 
i 263	 991 	 1064 
i 468	 911 	 811 
i 524	 933 	 998 
i 960	 769 	 823 
i 42	 316 	 353 
i 566	 837 	 792 
i 823	 942 	 930 
i 696	 317 	 356 
i 68	 411 	 432 
i 686	 636 	 646 
i 677	 879 	 942 
i 578	 759 	 716 
i 503	 762 	 823 
i 244	 607 	 661 
i 475	 406 	 468 
i 293	 128 	 103 
i 229	 373 	 313 
i 460	 766 	 845 
i 798	 497 	 589 
i 390	 149 	 179 
i 254	 641 	 606 
i 983	 478 	 559 
i 716	 732 	 713 
i 275	 562 	 592 
i 607	 358 	 283 
i 627	 190 	 174 
i 923	 526 	 555 
i 661	 704 	 625 
i 96	 612 	 693 
i 139	 580 	 539 
i 735	 269 	 279 
i 150	 560 	 567 
i 848	 477 	 427 
i 357	 840 	 845 
i 635	 531 	 457 
i 724	 645 	 697 
i 192	 131 	 167 
i 859	 708 	 676 
i 423	 806 	 794 
i 951	 724 	 739 
i 130	 989 	 951 
i 636	 591 	 583 
i 48	 177 	 139 
i 868	 401 	 434 
i 342	 868 	 828 
i 943	 987 	 892 
i 966	 774 	 717 
i 638	 493 	 408 
i 420	 800 	 800 
i 110	 302 	 292 
i 99	 817 	 833 
i 638	 208 	 151 
i 713	 620 	 573 
i 40	 897 	 824 
i 892	 602 	 597 
i 878	 872 	 856 
i 625	 896 	 873 
i 56	 202 	 106 
i 830	 272 	 260 
i 47	 719 	 729 
i 840	 233 	 263 
i 949	 752 	 710 
i 523	 946 	 846 
i 407	 294 	 202 
i 960	 414 	 501 
i 816	 838 	 900 
i 701	 323 	 310 
i 804	 667 	 665 
i 986	 688 	 652 
i 671	 194 	 168 
i 808	 687 	 629 
i 530	 378 	 310 
i 470	 637 	 673 
i 676	 640 	 558 
i 19	 679 	 589 
i 837	 622 	 695 
i 77	 456 	 469 
i 702	 846 	 820 
i 352	 396 	 367 
i 447	 684 	 590 
i 96	 124 	 191 
i 396	 312 	 285 
i 988	 455 	 522 
i 584	 174 	 177 
i 223	 255 	 261 
i 798	 300 	 274 
i 187	 183 	 172 
i 14	 689 	 618 
i 335	 132 	 132 
i 979	 451 	 540 
i 995	 478 	 386 
i 223	 335 	 322 
i 610	 663 	 648 
i 681	 519 	 421 
i 843	 977 	 923 
i 58	 563 	 469 
i 139	 892 	 835 
i 789	 401 	 347 
i 813	 533 	 546 
i 197	 979 	 988 
i 610	 933 	 941 
i 863	 972 	 1025 
i 485	 474 	 449 
i 944	 854 	 765 
i 919	 864 	 944 
i 429	 183 	 274 
i 308	 212 	 131 
i 634	 406 	 483 
i 110	 613 	 652 
i 88	 228 	 307 
i 13	 714 	 715 
i 981	 307 	 280 
i 390	 987 	 1057 
i 226	 432 	 491 
i 74	 483 	 526 
i 155	 394 	 323 
i 269	 357 	 348 
i 601	 443 	 360 
i 166	 341 	 280 
i 298	 963 	 920 
i 976	 871 	 830 
i 198	 432 	 388 
i 184	 760 	 794 
i 546	 631 	 710 
i 964	 452 	 545 
i 284	 202 	 126 
i 560	 333 	 311 
i 933	 738 	 836 
i 194	 818 	 750 
i 153	 995 	 986 
i 8	 361 	 347 
i 369	 628 	 654 
i 100	 878 	 941 
i 684	 585 	 557 
i 69	 494 	 459 
i 172	 467 	 489 
i 422	 578 	 512 
i 128	 928 	 848 
i 922	 923 	 882 
i 918	 177 	 167 
i 201	 585 	 576 
i 782	 972 	 1037 
i 645	 645 	 730 
i 180	 482 	 503 
i 611	 804 	 839 
i 12	 206 	 275 
i 537	 748 	 702 
i 456	 900 	 879 
i 371	 993 	 957 
i 446	 369 	 316 
i 979	 769 	 756 
i 947	 286 	 230 
i 549	 132 	 205 
i 966	 954 	 863 
i 747	 607 	 638 
i 854	 321 	 354 
i 572	 186 	 127 
i 460	 427 	 459 
i 453	 781 	 687 
i 743	 177 	 172 
i 484	 390 	 381 
i 682	 780 	 761 
i 705	 977 	 1067 
i 654	 859 	 943 
i 213	 900 	 933 
i 449	 595 	 599 
i 535	 301 	 220 
i 891	 484 	 495 
i 645	 184 	 85 
i 720	 213 	 263 
i 35	 638 	 585 
i 787	 155 	 238 
i 762	 515 	 539 
i 604	 475 	 430 
i 492	 404 	 402 
i 38	 999 	 1087 
i 252	 575 	 570 
i 671	 659 	 632 
i 753	 264 	 166 
i 868	 272 	 318 
i 461	 941 	 994 
i 512	 262 	 272 
i 967	 189 	 152 
i 377	 743 	 827 
i 707	 990 	 972 
i 706	 538 	 527 
i 228	 485 	 525 
i 845	 907 	 881 
i 19	 343 	 268 
i 200	 353 	 451 
i 134	 115 	 106 
i 304	 796 	 889 
i 392	 400 	 486 
i 103	 682 	 644 
i 93	 611 	 514 
i 572	 977 	 1021 
i 993	 487 	 577 
i 889	 221 	 280 
i 151	 552 	 615 
i 424	 663 	 565 
i 429	 658 	 587 
i 201	 174 	 164 
i 527	 144 	 212 
i 169	 975 	 1064 
i 731	 361 	 268 
i 706	 377 	 399 
i 130	 131 	 151 
i 254	 977 	 975 
i 750	 796 	 824 
i 372	 632 	 545 
i 987	 645 	 644 
i 59	 777 	 816 
i 97	 290 	 234 
i 69	 152 	 130 
i 351	 993 	 918 
i 650	 138 	 204 
i 673	 682 	 774 
i 648	 330 	 273 
i 419	 769 	 861 
i 6	 453 	 420 
i 606	 514 	 478 
i 357	 956 	 932 
i 559	 688 	 683 
i 605	 888 	 897 
i 598	 349 	 428 
i 629	 460 	 469 
i 272	 311 	 255 
i 519	 276 	 349 
i 260	 467 	 424 
i 644	 436 	 394 
i 98	 736 	 816 
i 49	 135 	 86 
i 698	 475 	 538 
i 572	 901 	 885 
i 840	 499 	 402 
i 234	 408 	 437 
i 459	 896 	 979 
i 645	 204 	 191 
i 47	 978 	 1017 
i 413	 346 	 314 
i 117	 607 	 595 
i 144	 519 	 516 
i 554	 747 	 684 
i 443	 584 	 636 
i 879	 958 	 978 
i 215	 975 	 1041 
i 99	 662 	 620 
i 204	 591 	 678 
i 180	 981 	 1078 
i 444	 712 	 691 
i 3	 127 	 130 
i 462	 519 	 550 
i 179	 954 	 896 
i 711	 232 	 263 
i 664	 907 	 914 
i 637	 552 	 602 
i 258	 405 	 474 
i 798	 667 	 577 
i 777	 613 	 559 
i 454	 601 	 636 
i 473	 956 	 991 
i 931	 526 	 454 
i 880	 224 	 187 
i 17	 413 	 318 
i 912	 996 	 1034 
i 410	 584 	 550 
i 741	 362 	 379 
i 368	 227 	 204 
i 932	 274 	 206 
i 485	 481 	 504 
i 436	 193 	 111 
i 903	 796 	 700 
i 31	 921 	 1001 
i 371	 316 	 399 
i 368	 343 	 409 
i 900	 960 	 908 
i 183	 366 	 462 
i 314	 890 	 860 
i 498	 345 	 301 
i 914	 491 	 544 
i 8	 152 	 92 
i 778	 232 	 153 
i 691	 252 	 179 
i 921	 165 	 167 
i 183	 982 	 1057 
i 139	 833 	 888 
i 425	 159 	 251 
i 302	 144 	 98 
i 566	 456 	 510 
i 993	 708 	 745 
i 41	 502 	 540 
i 177	 684 	 678 
i 336	 780 	 712 
i 397	 903 	 820 
i 377	 468 	 421 
i 190	 359 	 340 
i 244	 162 	 228 
i 282	 127 	 53 
i 670	 371 	 410 
i 343	 169 	 207 
i 783	 780 	 826 
i 429	 509 	 591 
i 182	 930 	 879 
i 73	 187 	 215 
i 475	 263 	 167 
i 754	 502 	 444 
i 812	 864 	 854 
i 830	 715 	 762 
i 124	 834 	 815 
i 190	 568 	 617 
i 943	 295 	 301 
i 391	 948 	 1040 
i 313	 869 	 797 
i 399	 199 	 142 
i 570	 771 	 809 
i 11	 790 	 778 
i 857	 977 	 928 
i 538	 492 	 409 
i 352	 257 	 198 
i 866	 618 	 597 
i 75	 396 	 364 
i 17	 869 	 915 
i 869	 835 	 744 
i 969	 961 	 949 
i 712	 264 	 166 
i 476	 878 	 783 
i 450	 384 	 460 
i 879	 612 	 596 
i 45	 689 	 743 
i 615	 876 	 903 
i 936	 342 	 384 
i 789	 646 	 691 
i 604	 409 	 428 
i 561	 450 	 463 
i 734	 846 	 801 
i 597	 859 	 910 
i 905	 881 	 822 
i 469	 777 	 694 
i 120	 263 	 188 
i 980	 949 	 997 
i 241	 628 	 664 
i 843	 373 	 367 
i 179	 132 	 46 
i 561	 664 	 691 
i 389	 280 	 253 
i 231	 528 	 621 
i 98	 311 	 385 
i 848	 494 	 462 
i 20	 570 	 562 
i 963	 685 	 673 
i 545	 458 	 494 
i 840	 174 	 179 
i 865	 592 	 632 
i 488	 658 	 611 
i 678	 334 	 365 
i 149	 662 	 739 
i 374	 633 	 729 
i 805	 519 	 585 
i 322	 823 	 893 
i 968	 344 	 406 
i 359	 737 	 708 
i 430	 455 	 395 
i 971	 922 	 835 
i 587	 660 	 670 
i 838	 897 	 843 
i 459	 590 	 565 
i 47	 489 	 539 
i 506	 474 	 485 
i 307	 325 	 401 
i 569	 193 	 262 
i 274	 917 	 858 
i 661	 348 	 375 
i 574	 527 	 548 
i 192	 585 	 524 
i 76	 188 	 95 
i 615	 393 	 391 
i 41	 731 	 739 
i 450	 511 	 420 
i 691	 119 	 89 
i 784	 902 	 986 
i 691	 768 	 707 
i 959	 953 	 1024 
i 427	 631 	 617 
i 960	 285 	 309 
i 48	 460 	 499 
i 366	 492 	 454 
i 64	 931 	 901 
i 514	 524 	 584 
i 524	 566 	 564 
i 415	 881 	 836 
i 155	 813 	 907 
i 103	 989 	 1074 
i 688	 863 	 834 
i 884	 358 	 321 
i 277	 912 	 884 
i 705	 645 	 691 
i 629	 924 	 982 
i 94	 350 	 311 
i 606	 175 	 241 
i 473	 615 	 564 
i 263	 862 	 842 
i 252	 836 	 836 
i 98	 773 	 711 
i 377	 201 	 115 
i 279	 483 	 453 
i 879	 807 	 718 
i 794	 567 	 604 
i 63	 383 	 438 
i 136	 657 	 634 
i 702	 507 	 578 
i 548	 725 	 649 
i 364	 192 	 166 
i 109	 638 	 632 
i 210	 808 	 877 
i 628	 874 	 799 
i 412	 298 	 198 
i 925	 348 	 407 
i 233	 958 	 1030 
i 846	 762 	 861 
i 293	 216 	 255 
i 983	 978 	 927 
i 75	 197 	 219 
i 668	 528 	 572 
i 453	 946 	 1032 
i 312	 810 	 821 
i 522	 921 	 1015 
i 790	 925 	 1004 
i 743	 745 	 670 
i 477	 622 	 717 
i 595	 619 	 572 
i 571	 352 	 302 
i 668	 572 	 537 
i 137	 227 	 325 
i 77	 867 	 856 
i 863	 805 	 856 
i 774	 413 	 369 
i 690	 387 	 301 
i 404	 295 	 357 
i 979	 409 	 367 
i 551	 387 	 464 
i 822	 625 	 616 
i 342	 848 	 772 
i 472	 249 	 201 
i 323	 243 	 210 
i 105	 640 	 580 
i 445	 426 	 521 
i 756	 675 	 708 
i 963	 737 	 650 
i 299	 572 	 481 
i 610	 830 	 850 
i 188	 728 	 712 
i 18	 245 	 297 
i 173	 355 	 302 
i 323	 588 	 599 
i 918	 888 	 920 
i 273	 178 	 99 
i 907	 156 	 229 
i 613	 747 	 812 
i 132	 809 	 734 
i 941	 852 	 899 
i 636	 497 	 582 
i 787	 872 	 960 
i 63	 663 	 586 
i 599	 873 	 860 
i 474	 482 	 453 
i 550	 184 	 210 
i 600	 281 	 288 
i 317	 162 	 92 
i 103	 899 	 855 
i 936	 123 	 67 
i 371	 779 	 850 
i 228	 712 	 741 
i 849	 662 	 703 
i 707	 765 	 726 
i 126	 266 	 322 
i 209	 583 	 549 
i 401	 254 	 340 
i 459	 733 	 682 
i 346	 867 	 837 
i 360	 229 	 186 
i 112	 428 	 459 
i 788	 304 	 381 
i 409	 879 	 926 
i 145	 621 	 609 
i 319	 895 	 908 
i 851	 702 	 757 
i 13	 997 	 932 
i 712	 938 	 965 
i 563	 271 	 367 
i 696	 584 	 552 
i 54	 840 	 830 
i 271	 537 	 485 
i 135	 437 	 467 
i 708	 203 	 262 
i 591	 598 	 520 
i 257	 215 	 308 
i 255	 907 	 1002 
i 185	 177 	 215 
i 365	 744 	 694 
i 897	 728 	 818 
i 718	 144 	 44 
i 198	 548 	 502 
i 565	 764 	 745 
i 669	 454 	 377 
i 218	 272 	 313 
i 335	 374 	 467 
i 231	 344 	 287 
i 305	 325 	 305 
i 18	 940 	 993 
i 712	 277 	 310 
i 750	 233 	 210 
i 243	 237 	 253 
i 977	 480 	 409 
i 364	 844 	 907 
i 545	 949 	 856 
i 842	 690 	 664 
i 105	 659 	 679 
i 346	 855 	 936 
i 279	 325 	 409 
i 466	 121 	 148 
i 604	 714 	 691 
i 745	 168 	 193 
i 162	 686 	 707 
i 987	 818 	 912 
i 930	 656 	 659 
i 582	 688 	 659 
i 199	 128 	 120 
i 37	 662 	 723 
i 278	 578 	 495 
i 290	 510 	 520 
i 968	 186 	 117 
i 33	 529 	 609 
i 680	 200 	 113 
i 476	 739 	 649 
i 91	 713 	 809 
i 739	 283 	 296 
i 758	 601 	 653 
i 378	 124 	 184 
i 904	 844 	 759 
i 353	 922 	 895 
i 438	 526 	 493 
i 909	 667 	 640 
i 10	 582 	 491 
i 716	 641 	 646 
i 394	 689 	 712 
i 587	 674 	 644 
i 140	 288 	 210 
i 155	 967 	 965 
i 978	 790 	 769 
i 892	 860 	 909 
i 360	 298 	 235 
i 986	 597 	 516 
i 517	 926 	 847 
i 115	 970 	 1034 
i 764	 548 	 491 
i 399	 206 	 266 
i 598	 522 	 610 
i 562	 623 	 542 
i 326	 170 	 85 
i 169	 522 	 615 
i 380	 299 	 264 
i 927	 465 	 427 
i 845	 550 	 616 
i 811	 643 	 731 
i 304	 485 	 526 
i 411	 676 	 597 
i 874	 501 	 542 
i 450	 450 	 403 
i 517	 535 	 553 
i 980	 602 	 654 
i 192	 573 	 501 
i 591	 864 	 777 
i 85	 254 	 336 
i 684	 992 	 1037 
i 106	 943 	 848 
i 742	 685 	 673 
i 182	 781 	 744 
i 563	 519 	 571 
i 41	 757 	 713 
i 594	 395 	 347 
i 115	 183 	 173 
i 962	 310 	 219 
i 124	 372 	 298 
i 116	 296 	 358 
i 53	 942 	 1026 
i 698	 968 	 1000 
i 452	 472 	 540 
i 911	 752 	 733 
i 639	 543 	 532 
i 958	 794 	 702 
i 41	 138 	 69 
i 265	 543 	 466 
i 559	 583 	 531 
i 768	 699 	 670 
i 703	 534 	 515 
i 668	 464 	 385 
i 75	 164 	 175 
i 795	 914 	 908 
i 282	 387 	 308 
i 51	 784 	 697 
i 82	 821 	 742 
i 567	 959 	 933 
i 99	 174 	 260 
i 761	 388 	 428 
i 238	 704 	 684 
i 635	 178 	 92 
i 695	 273 	 202 
i 599	 769 	 857 
i 909	 298 	 242 
i 667	 395 	 349 
i 466	 455 	 425 
i 421	 552 	 636 
i 492	 883 	 787 
i 804	 823 	 879 
i 473	 557 	 460 
i 549	 915 	 945 
i 731	 979 	 948 
i 472	 220 	 309 
i 683	 168 	 239 
i 4	 367 	 372 
i 391	 610 	 708 
i 887	 926 	 908 
i 756	 856 	 936 
i 558	 875 	 916 
i 61	 681 	 617 
i 965	 699 	 745 
i 942	 392 	 384 
i 67	 703 	 789 
i 132	 658 	 681 
i 420	 532 	 555 
i 982	 999 	 901 
i 899	 992 	 1071 
i 738	 469 	 499 
i 598	 385 	 327 
i 240	 126 	 80 
i 901	 288 	 235 
i 219	 938 	 874 
i 884	 459 	 408 
i 500	 400 	 375 
i 973	 948 	 1007 
i 973	 610 	 666 
i 964	 620 	 656 
i 368	 529 	 512 
i 677	 222 	 125 
i 695	 411 	 362 
i 894	 654 	 585 
i 825	 866 	 841 
i 217	 138 	 90 
i 542	 358 	 410 
i 484	 695 	 742 
i 46	 516 	 557 
i 618	 321 	 355 
i 90	 926 	 834 
i 215	 409 	 452 
i 553	 423 	 405 
i 165	 651 	 612 
i 15	 792 	 718 
i 46	 237 	 206 
i 325	 469 	 547 
i 982	 257 	 232 
i 438	 911 	 895 
i 675	 652 	 560 
i 593	 361 	 286 
i 928	 397 	 365 
i 281	 146 	 225 
i 888	 513 	 425 
i 655	 786 	 701 
i 797	 904 	 828 
i 201	 325 	 314 
i 366	 228 	 213 
i 267	 562 	 635 
i 875	 937 	 945 
i 157	 973 	 900 
i 479	 199 	 111 
i 520	 505 	 473 
i 972	 413 	 359 
i 733	 469 	 546 
i 625	 537 	 574 
i 867	 647 	 724 
i 999	 156 	 106 
i 508	 538 	 541 
i 437	 420 	 398 
i 407	 903 	 913 
i 506	 135 	 40 
i 949	 193 	 202 
i 290	 499 	 503 
i 693	 707 	 658 
i 173	 608 	 684 
i 776	 328 	 377 
i 827	 227 	 276 
i 308	 452 	 403 
i 656	 913 	 951 
i 548	 375 	 294 
i 576	 864 	 885 
i 668	 891 	 901 
i 106	 490 	 558 
i 777	 955 	 962 
i 336	 293 	 335 
i 581	 187 	 184 
i 712	 852 	 814 
i 96	 628 	 652 
i 998	 854 	 809 
i 296	 581 	 645 
i 144	 669 	 649 
i 22	 319 	 232 
i 449	 812 	 747 
i 399	 674 	 764 
i 604	 263 	 220 
i 690	 895 	 968 
i 524	 439 	 455 
i 106	 718 	 753 
i 942	 381 	 416 
i 472	 627 	 721 
i 101	 471 	 393 
i 335	 828 	 755 
i 124	 889 	 905 
i 757	 155 	 251 
i 929	 113 	 130 
i 811	 369 	 324 
i 182	 252 	 312 
i 864	 768 	 849 
i 169	 480 	 549 
i 750	 192 	 156 
i 156	 166 	 150 
i 962	 267 	 318 
i 838	 388 	 463 
i 888	 908 	 935 
i 891	 892 	 904 
i 182	 525 	 500 
i 341	 771 	 782 
i 81	 594 	 578 
i 497	 511 	 529 
i 588	 377 	 345 
i 650	 662 	 661 
i 826	 147 	 138 
i 139	 819 	 778 
i 36	 711 	 648 
i 914	 387 	 302 
i 381	 889 	 840 
i 125	 335 	 354 
i 669	 831 	 867 
i 120	 317 	 252 
i 420	 843 	 896 
i 41	 257 	 240 
i 82	 699 	 647 
i 878	 218 	 194 
i 554	 483 	 466 
i 865	 648 	 614 
i 741	 717 	 759 
i 993	 947 	 1014 
i 804	 591 	 592 
i 38	 307 	 331 
i 861	 465 	 373 
i 26	 257 	 173 
i 687	 627 	 560 
i 808	 843 	 752 
i 227	 293 	 312 
i 831	 662 	 654 
i 513	 957 	 898 
i 454	 701 	 640 
i 994	 555 	 455 
i 217	 115 	 23 
i 616	 671 	 751 
i 781	 710 	 795 
i 362	 786 	 809 
i 186	 934 	 918 
i 391	 975 	 1005 
i 12	 619 	 615 
i 963	 143 	 242 
i 627	 326 	 316 
i 127	 504 	 493 
i 133	 508 	 540 
i 762	 545 	 500 
i 437	 458 	 369 
i 197	 394 	 378 
i 123	 942 	 963 
i 95	 431 	 530 
i 666	 121 	 22 
i 703	 551 	 645 
i 945	 548 	 567 
i 388	 949 	 994 
i 834	 457 	 528 
i 323	 157 	 181 
i 714	 404 	 315 
i 34	 457 	 407 
i 968	 831 	 806 
i 329	 482 	 476 
i 341	 480 	 407 
i 836	 488 	 556 
i 329	 464 	 521 
i 272	 997 	 931 
i 661	 753 	 654 
i 713	 627 	 593 
i 43	 290 	 199 
i 433	 342 	 257 
i 244	 567 	 476 
i 661	 902 	 877 
i 78	 432 	 475 
i 502	 555 	 565 
i 899	 414 	 490 
i 896	 224 	 154 
i 619	 379 	 441 
i 201	 388 	 393 
i 403	 683 	 697 
i 663	 724 	 624 
i 177	 794 	 743 
i 68	 836 	 917 
i 430	 282 	 379 
i 929	 920 	 917 
i 271	 523 	 500 
i 399	 417 	 373 
i 701	 554 	 634 
i 14	 389 	 309 
i 657	 857 	 858 
i 347	 475 	 409 
i 116	 478 	 447 
i 932	 697 	 679 
i 125	 614 	 682 
i 36	 601 	 655 
i 499	 146 	 54 
i 844	 490 	 478 
i 343	 742 	 670 
i 656	 657 	 588 
i 496	 749 	 811 
i 906	 311 	 243 
i 320	 462 	 417 
i 978	 770 	 711 
i 546	 250 	 216 
i 98	 111 	 84 
i 138	 798 	 871 
i 564	 837 	 879 
i 275	 342 	 252 
i 889	 471 	 513 
i 607	 611 	 552 
i 833	 446 	 368 
i 229	 590 	 576 
i 970	 836 	 818 
i 128	 133 	 224 
i 128	 430 	 340 
i 901	 759 	 697 
i 718	 641 	 692 
i 979	 385 	 291 
i 385	 434 	 517 
i 948	 177 	 182 
i 326	 360 	 332 
i 865	 461 	 478 
i 681	 845 	 857 
i 707	 321 	 358 
i 67	 283 	 346 
i 795	 331 	 374 
i 393	 501 	 487 
i 702	 284 	 266 
i 66	 311 	 370 
i 141	 240 	 289 
i 422	 709 	 623 
i 815	 140 	 227 
i 642	 664 	 688 
i 879	 273 	 238 
i 73	 884 	 862 
i 321	 720 	 657 
i 760	 467 	 483 
i 955	 854 	 810 
i 181	 333 	 302 
i 326	 155 	 152 
i 998	 820 	 902 
i 33	 885 	 930 
i 655	 831 	 804 
i 837	 493 	 442 
i 708	 784 	 748 
i 393	 245 	 273 
i 794	 413 	 393 
i 631	 929 	 900 
i 881	 292 	 299 
i 931	 602 	 674 
i 729	 148 	 220 
i 601	 957 	 1035 
i 412	 714 	 723 
i 842	 153 	 130 
i 600	 373 	 291 
i 751	 658 	 655 
i 91	 339 	 295 
i 12	 696 	 778 
i 216	 124 	 182 
i 768	 601 	 646 
i 809	 479 	 469 
i 762	 356 	 267 
i 442	 261 	 254 
i 490	 748 	 709 
i 785	 202 	 283 
i 401	 285 	 317 
i 658	 718 	 768 
i 317	 967 	 1019 
i 332	 889 	 984 
i 883	 705 	 754 
i 297	 461 	 472 
i 573	 865 	 828 
i 742	 915 	 967 
i 459	 441 	 390 
i 562	 717 	 623 
i 758	 636 	 623 
i 442	 334 	 252 
i 406	 113 	 95 
i 282	 792 	 840 
i 950	 773 	 798 
i 345	 548 	 632 
i 194	 154 	 153 
i 99	 437 	 384 
i 471	 224 	 263 
i 153	 446 	 397 
i 744	 477 	 380 
i 996	 865 	 856 
i 999	 948 	 1020 
i 766	 425 	 354 
i 511	 196 	 115 
i 4	 752 	 740 
i 52	 683 	 710 
i 419	 234 	 281 
i 546	 445 	 386 
i 923	 175 	 146 
i 336	 405 	 325 
i 184	 421 	 341 
i 127	 829 	 748 
i 480	 709 	 782 
i 575	 839 	 814 
i 297	 925 	 900 
i 939	 428 	 414 
i 79	 994 	 1063 
i 455	 758 	 737 
i 527	 942 	 905 
i 858	 372 	 402 
i 207	 465 	 532 
i 16	 554 	 646 
i 688	 642 	 630 
i 507	 523 	 426 
i 423	 858 	 821 
i 781	 306 	 257 
i 774	 690 	 656 
i 503	 556 	 613 
i 438	 909 	 872 
i 733	 304 	 238 
i 132	 886 	 862 
i 630	 742 	 721 
i 229	 711 	 628 
i 693	 218 	 236 
i 533	 235 	 138 
i 753	 517 	 576 
i 405	 744 	 758 
i 906	 153 	 67 
i 804	 855 	 857 
i 22	 247 	 196 
i 893	 402 	 377 
i 604	 742 	 643 
i 280	 206 	 153 
i 401	 281 	 366 
i 541	 808 	 800 
i 997	 821 	 764 
i 710	 640 	 664 
i 758	 259 	 264 
i 596	 324 	 290 
i 750	 780 	 750 
i 79	 997 	 946 
i 788	 443 	 513 
i 895	 450 	 376 
i 88	 659 	 665 
i 871	 596 	 510 
i 671	 118 	 32 
i 267	 309 	 365 
i 434	 861 	 868 
i 674	 441 	 368 
i 427	 736 	 813 
i 425	 161 	 253 
i 799	 380 	 430 
i 181	 248 	 277 
i 798	 365 	 411 
i 344	 838 	 859 
i 352	 902 	 857 
i 576	 965 	 973 
i 420	 770 	 865 
i 791	 361 	 391 
i 495	 481 	 397 
i 551	 380 	 380 
i 854	 348 	 308 
i 10	 127 	 123 
i 296	 703 	 659 
i 113	 467 	 492 
i 4	 118 	 213 
i 964	 364 	 374 
i 706	 849 	 943 
i 988	 830 	 883 
i 405	 522 	 474 
i 708	 593 	 655 
i 975	 152 	 185 
i 994	 422 	 457 
i 661	 853 	 947 
i 63	 214 	 130 
i 71	 771 	 688 
i 356	 751 	 661 
i 187	 355 	 406 
i 995	 332 	 381 
i 459	 123 	 53 
i 2	 355 	 427 
i 49	 188 	 255 
i 399	 781 	 847 
i 234	 494 	 492 
i 350	 469 	 479 
i 93	 544 	 568 
i 813	 623 	 718 
i 88	 670 	 603 
i 337	 457 	 389 
i 351	 233 	 257 
i 626	 369 	 393 
i 714	 246 	 280 
i 469	 990 	 903 
i 899	 839 	 799 
i 303	 387 	 417 
i 790	 880 	 929 
i 368	 545 	 556 
i 997	 528 	 557 
i 387	 675 	 771 
i 524	 820 	 786 
i 814	 483 	 575 
i 966	 146 	 180 
i 955	 742 	 670 
i 775	 804 	 712 
i 87	 185 	 154 
i 951	 766 	 693 
i 441	 540 	 540 
i 910	 148 	 148 
i 546	 724 	 801 
i 344	 710 	 692 
i 762	 118 	 63 
i 802	 973 	 911 
i 513	 684 	 613 
i 294	 811 	 896 
i 377	 849 	 751 
i 114	 268 	 360 
i 597	 389 	 369 
i 640	 837 	 799 
i 330	 394 	 466 
i 4	 295 	 235 
i 13	 661 	 754 
i 982	 863 	 916 
i 627	 146 	 102 
i 415	 279 	 294 
i 246	 213 	 303 
i 423	 223 	 136 
i 736	 191 	 223 
i 554	 550 	 510 
i 873	 830 	 856 
i 81	 706 	 733 
i 699	 888 	 917 
i 546	 858 	 884 
i 586	 653 	 604 
i 775	 904 	 938 
i 890	 527 	 610 
i 17	 486 	 454 
i 107	 545 	 460 
i 601	 247 	 273 
i 411	 517 	 518 
i 82	 192 	 209 
i 955	 759 	 716 
i 796	 447 	 513 
i 407	 120 	 103 
i 299	 351 	 289 
i 768	 950 	 866 
i 190	 878 	 798 
i 679	 294 	 235 
i 832	 364 	 425 
i 290	 927 	 871 
i 381	 489 	 449 
i 111	 122 	 73 
i 489	 377 	 287 
i 501	 229 	 221 
i 770	 601 	 652 
i 714	 773 	 778 
i 578	 848 	 891 
i 784	 938 	 917 
i 69	 234 	 179 
i 987	 954 	 957 
i 414	 261 	 340 
i 427	 529 	 431 
i 727	 758 	 757 
i 860	 805 	 904 
i 412	 326 	 380 
i 158	 112 	 108 
i 987	 581 	 493 
i 918	 330 	 399 
i 58	 682 	 765 
i 7	 886 	 966 
i 176	 458 	 421 
i 646	 369 	 417 
i 374	 378 	 372 
i 156	 822 	 788 
i 398	 822 	 870 
i 400	 618 	 698 
i 928	 160 	 237 
i 176	 215 	 276 
i 818	 968 	 1041 
i 690	 893 	 967 
i 81	 807 	 716 
i 371	 200 	 238 
i 671	 862 	 775 
i 471	 392 	 336 
i 271	 688 	 712 
i 841	 460 	 364 
i 896	 373 	 462 
i 15	 274 	 199 
i 978	 992 	 1080 
i 858	 872 	 898 
i 642	 758 	 801 
i 742	 800 	 717 
i 587	 527 	 578 
i 904	 587 	 532 
i 554	 785 	 784 
i 947	 449 	 417 
i 243	 467 	 414 
i 427	 423 	 373 
i 419	 534 	 480 
i 276	 484 	 402 
i 5	 159 	 205 
i 779	 795 	 789 
i 248	 871 	 783 
i 783	 656 	 749 
i 542	 859 	 863 
i 922	 415 	 408 
i 324	 718 	 760 
i 675	 930 	 857 
i 151	 265 	 276 
i 571	 471 	 537 
i 625	 551 	 618 
i 395	 313 	 336 
i 251	 734 	 806 
i 864	 789 	 818 
i 706	 759 	 696 
i 48	 333 	 255 
i 731	 748 	 734 
i 652	 491 	 412 
i 826	 613 	 564 
i 232	 219 	 285 
i 727	 959 	 950 
i 954	 813 	 883 
i 656	 471 	 391 
i 420	 349 	 442 
i 150	 924 	 958 
i 400	 201 	 244 
i 117	 299 	 289 
i 545	 685 	 605 
i 111	 781 	 866 
i 233	 123 	 55 
i 187	 862 	 939 
i 977	 378 	 446 
i 383	 246 	 245 
i 652	 336 	 419 
i 566	 306 	 219 
i 669	 903 	 896 
i 881	 654 	 670 
i 528	 166 	 91 
i 283	 258 	 206 
i 297	 195 	 189 
i 142	 339 	 370 
i 443	 240 	 267 
i 595	 990 	 894 
i 849	 544 	 578 
i 69	 472 	 419 
i 960	 533 	 614 
i 571	 949 	 1006 
i 633	 579 	 542 
i 798	 695 	 714 
i 894	 908 	 987 
i 152	 440 	 347 
i 298	 137 	 132 
i 287	 703 	 617 
i 774	 721 	 805 
i 182	 430 	 528 
i 657	 642 	 732 
i 599	 560 	 564 
i 127	 372 	 303 
i 784	 654 	 745 
i 682	 297 	 366 
i 53	 205 	 105 
i 83	 238 	 197 
i 749	 664 	 681 
i 436	 730 	 701 
i 795	 662 	 670 
i 394	 655 	 594 
i 899	 613 	 672 
i 194	 189 	 273 
i 805	 328 	 369 
i 16	 288 	 266 
i 122	 155 	 143 
i 265	 155 	 159 
i 887	 421 	 375 
i 585	 941 	 982 
i 206	 372 	 373 
i 818	 853 	 932 
c
c
W 506351
c end of file