<?xml version="1.0" encoding="UTF-8"?>
<svg xmlns="http://www.w3.org/2000/svg" xmlns:xlink="http://www.w3.org/1999/xlink" width="400pt" height="300pt" viewBox="0 0 400 300" version="1.1">
<defs>
<g>
<symbol overflow="visible" id="glyph0-0">
<path style="stroke:none;" d="M 0.40625 1.421875 L 0.40625 -5.640625 L 4.40625 -5.640625 L 4.40625 1.421875 Z M 0.84375 0.96875 L 3.953125 0.96875 L 3.953125 -5.1875 L 0.84375 -5.1875 Z M 0.84375 0.96875 "/>
</symbol>
<symbol overflow="visible" id="glyph0-1">
<path style="stroke:none;" d="M 2.546875 -5.3125 C 2.140625 -5.3125 1.832031 -5.109375 1.625 -4.703125 C 1.425781 -4.304688 1.328125 -3.707031 1.328125 -2.90625 C 1.328125 -2.113281 1.425781 -1.515625 1.625 -1.109375 C 1.832031 -0.710938 2.140625 -0.515625 2.546875 -0.515625 C 2.953125 -0.515625 3.253906 -0.710938 3.453125 -1.109375 C 3.660156 -1.515625 3.765625 -2.113281 3.765625 -2.90625 C 3.765625 -3.707031 3.660156 -4.304688 3.453125 -4.703125 C 3.253906 -5.109375 2.953125 -5.3125 2.546875 -5.3125 Z M 2.546875 -5.9375 C 3.203125 -5.9375 3.703125 -5.675781 4.046875 -5.15625 C 4.390625 -4.644531 4.5625 -3.894531 4.5625 -2.90625 C 4.5625 -1.925781 4.390625 -1.175781 4.046875 -0.65625 C 3.703125 -0.144531 3.203125 0.109375 2.546875 0.109375 C 1.890625 0.109375 1.390625 -0.144531 1.046875 -0.65625 C 0.703125 -1.175781 0.53125 -1.925781 0.53125 -2.90625 C 0.53125 -3.894531 0.703125 -4.644531 1.046875 -5.15625 C 1.390625 -5.675781 1.890625 -5.9375 2.546875 -5.9375 Z M 2.546875 -5.9375 "/>
</symbol>
<symbol overflow="visible" id="glyph0-2">
<path style="stroke:none;" d="M 1 -0.671875 L 2.28125 -0.671875 L 2.28125 -5.109375 L 0.875 -4.828125 L 0.875 -5.546875 L 2.28125 -5.828125 L 3.0625 -5.828125 L 3.0625 -0.671875 L 4.359375 -0.671875 L 4.359375 0 L 1 0 Z M 1 -0.671875 "/>
</symbol>
<symbol overflow="visible" id="glyph0-3">
<path style="stroke:none;" d="M 1.53125 -0.671875 L 4.296875 -0.671875 L 4.296875 0 L 0.59375 0 L 0.59375 -0.671875 C 0.882812 -0.972656 1.289062 -1.382812 1.8125 -1.90625 C 2.332031 -2.4375 2.65625 -2.773438 2.78125 -2.921875 C 3.039062 -3.203125 3.21875 -3.441406 3.3125 -3.640625 C 3.414062 -3.835938 3.46875 -4.03125 3.46875 -4.21875 C 3.46875 -4.53125 3.359375 -4.785156 3.140625 -4.984375 C 2.921875 -5.179688 2.640625 -5.28125 2.296875 -5.28125 C 2.046875 -5.28125 1.78125 -5.234375 1.5 -5.140625 C 1.226562 -5.054688 0.9375 -4.925781 0.625 -4.75 L 0.625 -5.546875 C 0.945312 -5.679688 1.242188 -5.78125 1.515625 -5.84375 C 1.796875 -5.90625 2.050781 -5.9375 2.28125 -5.9375 C 2.882812 -5.9375 3.363281 -5.785156 3.71875 -5.484375 C 4.082031 -5.179688 4.265625 -4.78125 4.265625 -4.28125 C 4.265625 -4.039062 4.21875 -3.8125 4.125 -3.59375 C 4.03125 -3.375 3.867188 -3.117188 3.640625 -2.828125 C 3.566406 -2.753906 3.351562 -2.535156 3 -2.171875 C 2.65625 -1.816406 2.164062 -1.316406 1.53125 -0.671875 Z M 1.53125 -0.671875 "/>
</symbol>
<symbol overflow="visible" id="glyph0-4">
<path style="stroke:none;" d="M 3.25 -3.140625 C 3.625 -3.066406 3.914062 -2.898438 4.125 -2.640625 C 4.34375 -2.390625 4.453125 -2.078125 4.453125 -1.703125 C 4.453125 -1.117188 4.253906 -0.671875 3.859375 -0.359375 C 3.460938 -0.046875 2.898438 0.109375 2.171875 0.109375 C 1.921875 0.109375 1.664062 0.0820312 1.40625 0.03125 C 1.15625 -0.0078125 0.890625 -0.078125 0.609375 -0.171875 L 0.609375 -0.9375 C 0.828125 -0.8125 1.066406 -0.710938 1.328125 -0.640625 C 1.585938 -0.578125 1.859375 -0.546875 2.140625 -0.546875 C 2.640625 -0.546875 3.019531 -0.644531 3.28125 -0.84375 C 3.539062 -1.039062 3.671875 -1.328125 3.671875 -1.703125 C 3.671875 -2.046875 3.546875 -2.3125 3.296875 -2.5 C 3.054688 -2.695312 2.722656 -2.796875 2.296875 -2.796875 L 1.625 -2.796875 L 1.625 -3.4375 L 2.328125 -3.4375 C 2.710938 -3.4375 3.007812 -3.515625 3.21875 -3.671875 C 3.425781 -3.828125 3.53125 -4.050781 3.53125 -4.34375 C 3.53125 -4.644531 3.421875 -4.875 3.203125 -5.03125 C 2.992188 -5.195312 2.691406 -5.28125 2.296875 -5.28125 C 2.078125 -5.28125 1.84375 -5.253906 1.59375 -5.203125 C 1.351562 -5.160156 1.082031 -5.085938 0.78125 -4.984375 L 0.78125 -5.6875 C 1.082031 -5.769531 1.363281 -5.832031 1.625 -5.875 C 1.882812 -5.914062 2.132812 -5.9375 2.375 -5.9375 C 2.96875 -5.9375 3.4375 -5.800781 3.78125 -5.53125 C 4.132812 -5.257812 4.3125 -4.890625 4.3125 -4.421875 C 4.3125 -4.097656 4.21875 -3.828125 4.03125 -3.609375 C 3.851562 -3.390625 3.59375 -3.234375 3.25 -3.140625 Z M 3.25 -3.140625 "/>
</symbol>
<symbol overflow="visible" id="glyph0-5">
<path style="stroke:none;" d="M 0.9375 -1 L 1.765625 -1 L 1.765625 -0.328125 L 1.125 0.9375 L 0.625 0.9375 L 0.9375 -0.328125 Z M 0.9375 -1 "/>
</symbol>
<symbol overflow="visible" id="glyph0-6">
<path style="stroke:none;" d="M 0.859375 -5.828125 L 3.96875 -5.828125 L 3.96875 -5.171875 L 1.59375 -5.171875 L 1.59375 -3.734375 C 1.707031 -3.773438 1.820312 -3.804688 1.9375 -3.828125 C 2.050781 -3.847656 2.164062 -3.859375 2.28125 -3.859375 C 2.925781 -3.859375 3.4375 -3.675781 3.8125 -3.3125 C 4.195312 -2.957031 4.390625 -2.476562 4.390625 -1.875 C 4.390625 -1.25 4.191406 -0.757812 3.796875 -0.40625 C 3.410156 -0.0625 2.863281 0.109375 2.15625 0.109375 C 1.90625 0.109375 1.65625 0.0859375 1.40625 0.046875 C 1.15625 0.00390625 0.894531 -0.0546875 0.625 -0.140625 L 0.625 -0.9375 C 0.851562 -0.800781 1.09375 -0.703125 1.34375 -0.640625 C 1.59375 -0.578125 1.859375 -0.546875 2.140625 -0.546875 C 2.585938 -0.546875 2.941406 -0.664062 3.203125 -0.90625 C 3.472656 -1.144531 3.609375 -1.46875 3.609375 -1.875 C 3.609375 -2.28125 3.472656 -2.597656 3.203125 -2.828125 C 2.941406 -3.066406 2.585938 -3.1875 2.140625 -3.1875 C 1.929688 -3.1875 1.71875 -3.160156 1.5 -3.109375 C 1.289062 -3.066406 1.078125 -3 0.859375 -2.90625 Z M 0.859375 -5.828125 "/>
</symbol>
<symbol overflow="visible" id="glyph0-7">
<path style="stroke:none;" d="M 3.03125 -5.140625 L 1.03125 -2.03125 L 3.03125 -2.03125 Z M 2.8125 -5.828125 L 3.8125 -5.828125 L 3.8125 -2.03125 L 4.640625 -2.03125 L 4.640625 -1.375 L 3.8125 -1.375 L 3.8125 0 L 3.03125 0 L 3.03125 -1.375 L 0.390625 -1.375 L 0.390625 -2.140625 Z M 2.8125 -5.828125 "/>
</symbol>
<symbol overflow="visible" id="glyph0-8">
<path style="stroke:none;" d="M 2.640625 -3.234375 C 2.285156 -3.234375 2.003906 -3.109375 1.796875 -2.859375 C 1.585938 -2.617188 1.484375 -2.289062 1.484375 -1.875 C 1.484375 -1.457031 1.585938 -1.125 1.796875 -0.875 C 2.003906 -0.632812 2.285156 -0.515625 2.640625 -0.515625 C 2.992188 -0.515625 3.273438 -0.632812 3.484375 -0.875 C 3.691406 -1.125 3.796875 -1.457031 3.796875 -1.875 C 3.796875 -2.289062 3.691406 -2.617188 3.484375 -2.859375 C 3.273438 -3.109375 2.992188 -3.234375 2.640625 -3.234375 Z M 4.203125 -5.703125 L 4.203125 -4.984375 C 4.003906 -5.078125 3.804688 -5.148438 3.609375 -5.203125 C 3.410156 -5.253906 3.210938 -5.28125 3.015625 -5.28125 C 2.492188 -5.28125 2.09375 -5.101562 1.8125 -4.75 C 1.539062 -4.394531 1.382812 -3.863281 1.34375 -3.15625 C 1.5 -3.382812 1.691406 -3.554688 1.921875 -3.671875 C 2.148438 -3.796875 2.40625 -3.859375 2.6875 -3.859375 C 3.269531 -3.859375 3.734375 -3.679688 4.078125 -3.328125 C 4.421875 -2.972656 4.59375 -2.488281 4.59375 -1.875 C 4.59375 -1.269531 4.414062 -0.785156 4.0625 -0.421875 C 3.707031 -0.0664062 3.234375 0.109375 2.640625 0.109375 C 1.960938 0.109375 1.445312 -0.144531 1.09375 -0.65625 C 0.738281 -1.175781 0.5625 -1.925781 0.5625 -2.90625 C 0.5625 -3.832031 0.78125 -4.566406 1.21875 -5.109375 C 1.65625 -5.660156 2.242188 -5.9375 2.984375 -5.9375 C 3.179688 -5.9375 3.378906 -5.914062 3.578125 -5.875 C 3.773438 -5.84375 3.984375 -5.785156 4.203125 -5.703125 Z M 4.203125 -5.703125 "/>
</symbol>
<symbol overflow="visible" id="glyph0-9">
<path style="stroke:none;" d="M 0.65625 -5.828125 L 4.40625 -5.828125 L 4.40625 -5.5 L 2.296875 0 L 1.46875 0 L 3.453125 -5.171875 L 0.65625 -5.171875 Z M 0.65625 -5.828125 "/>
</symbol>
<symbol overflow="visible" id="glyph0-10">
<path style="stroke:none;" d="M 2.546875 -2.765625 C 2.171875 -2.765625 1.875 -2.664062 1.65625 -2.46875 C 1.445312 -2.269531 1.34375 -1.992188 1.34375 -1.640625 C 1.34375 -1.285156 1.445312 -1.007812 1.65625 -0.8125 C 1.875 -0.613281 2.171875 -0.515625 2.546875 -0.515625 C 2.921875 -0.515625 3.210938 -0.613281 3.421875 -0.8125 C 3.640625 -1.019531 3.75 -1.296875 3.75 -1.640625 C 3.75 -1.992188 3.640625 -2.269531 3.421875 -2.46875 C 3.210938 -2.664062 2.921875 -2.765625 2.546875 -2.765625 Z M 1.75 -3.109375 C 1.414062 -3.191406 1.15625 -3.347656 0.96875 -3.578125 C 0.78125 -3.804688 0.6875 -4.085938 0.6875 -4.421875 C 0.6875 -4.890625 0.847656 -5.257812 1.171875 -5.53125 C 1.503906 -5.800781 1.960938 -5.9375 2.546875 -5.9375 C 3.128906 -5.9375 3.582031 -5.800781 3.90625 -5.53125 C 4.238281 -5.257812 4.40625 -4.890625 4.40625 -4.421875 C 4.40625 -4.085938 4.3125 -3.804688 4.125 -3.578125 C 3.9375 -3.347656 3.675781 -3.191406 3.34375 -3.109375 C 3.71875 -3.015625 4.007812 -2.835938 4.21875 -2.578125 C 4.4375 -2.328125 4.546875 -2.015625 4.546875 -1.640625 C 4.546875 -1.078125 4.375 -0.644531 4.03125 -0.34375 C 3.6875 -0.0390625 3.191406 0.109375 2.546875 0.109375 C 1.898438 0.109375 1.40625 -0.0390625 1.0625 -0.34375 C 0.71875 -0.644531 0.546875 -1.078125 0.546875 -1.640625 C 0.546875 -2.015625 0.648438 -2.328125 0.859375 -2.578125 C 1.078125 -2.835938 1.375 -3.015625 1.75 -3.109375 Z M 1.46875 -4.359375 C 1.46875 -4.054688 1.5625 -3.816406 1.75 -3.640625 C 1.9375 -3.472656 2.203125 -3.390625 2.546875 -3.390625 C 2.878906 -3.390625 3.140625 -3.472656 3.328125 -3.640625 C 3.523438 -3.816406 3.625 -4.054688 3.625 -4.359375 C 3.625 -4.660156 3.523438 -4.894531 3.328125 -5.0625 C 3.140625 -5.226562 2.878906 -5.3125 2.546875 -5.3125 C 2.203125 -5.3125 1.9375 -5.226562 1.75 -5.0625 C 1.5625 -4.894531 1.46875 -4.660156 1.46875 -4.359375 Z M 1.46875 -4.359375 "/>
</symbol>
<symbol overflow="visible" id="glyph0-11">
<path style="stroke:none;" d="M 0.875 -0.125 L 0.875 -0.84375 C 1.070312 -0.75 1.269531 -0.675781 1.46875 -0.625 C 1.675781 -0.570312 1.878906 -0.546875 2.078125 -0.546875 C 2.597656 -0.546875 2.992188 -0.722656 3.265625 -1.078125 C 3.546875 -1.429688 3.707031 -1.960938 3.75 -2.671875 C 3.59375 -2.453125 3.398438 -2.28125 3.171875 -2.15625 C 2.941406 -2.039062 2.6875 -1.984375 2.40625 -1.984375 C 1.820312 -1.984375 1.359375 -2.15625 1.015625 -2.5 C 0.671875 -2.851562 0.5 -3.335938 0.5 -3.953125 C 0.5 -4.554688 0.675781 -5.035156 1.03125 -5.390625 C 1.382812 -5.753906 1.859375 -5.9375 2.453125 -5.9375 C 3.128906 -5.9375 3.644531 -5.675781 4 -5.15625 C 4.351562 -4.644531 4.53125 -3.894531 4.53125 -2.90625 C 4.53125 -1.988281 4.3125 -1.253906 3.875 -0.703125 C 3.4375 -0.160156 2.847656 0.109375 2.109375 0.109375 C 1.910156 0.109375 1.707031 0.0859375 1.5 0.046875 C 1.300781 0.015625 1.09375 -0.0390625 0.875 -0.125 Z M 2.453125 -2.59375 C 2.804688 -2.59375 3.085938 -2.710938 3.296875 -2.953125 C 3.503906 -3.203125 3.609375 -3.535156 3.609375 -3.953125 C 3.609375 -4.367188 3.503906 -4.695312 3.296875 -4.9375 C 3.085938 -5.1875 2.804688 -5.3125 2.453125 -5.3125 C 2.097656 -5.3125 1.816406 -5.1875 1.609375 -4.9375 C 1.398438 -4.695312 1.296875 -4.367188 1.296875 -3.953125 C 1.296875 -3.535156 1.398438 -3.203125 1.609375 -2.953125 C 1.816406 -2.710938 2.097656 -2.59375 2.453125 -2.59375 Z M 2.453125 -2.59375 "/>
</symbol>
<symbol overflow="visible" id="glyph0-12">
<path style="stroke:none;" d="M 1.578125 -5.1875 L 1.578125 -3 L 2.5625 -3 C 2.9375 -3 3.222656 -3.09375 3.421875 -3.28125 C 3.617188 -3.46875 3.71875 -3.738281 3.71875 -4.09375 C 3.71875 -4.4375 3.617188 -4.703125 3.421875 -4.890625 C 3.222656 -5.085938 2.9375 -5.1875 2.5625 -5.1875 Z M 0.78125 -5.828125 L 2.5625 -5.828125 C 3.21875 -5.828125 3.710938 -5.679688 4.046875 -5.390625 C 4.378906 -5.097656 4.546875 -4.664062 4.546875 -4.09375 C 4.546875 -3.519531 4.378906 -3.082031 4.046875 -2.78125 C 3.710938 -2.488281 3.21875 -2.34375 2.5625 -2.34375 L 1.578125 -2.34375 L 1.578125 0 L 0.78125 0 Z M 0.78125 -5.828125 "/>
</symbol>
<symbol overflow="visible" id="glyph0-13">
<path style="stroke:none;" d="M 0.78125 -5.828125 L 1.578125 -5.828125 L 1.578125 -0.671875 L 4.421875 -0.671875 L 4.421875 0 L 0.78125 0 Z M 0.78125 -5.828125 "/>
</symbol>
<symbol overflow="visible" id="glyph0-14">
<path style="stroke:none;" d="M 4.28125 -5.640625 L 4.28125 -4.875 C 3.976562 -5.019531 3.691406 -5.125 3.421875 -5.1875 C 3.160156 -5.257812 2.910156 -5.296875 2.671875 -5.296875 C 2.234375 -5.296875 1.898438 -5.210938 1.671875 -5.046875 C 1.441406 -4.878906 1.328125 -4.644531 1.328125 -4.34375 C 1.328125 -4.082031 1.398438 -3.882812 1.546875 -3.75 C 1.703125 -3.625 2 -3.519531 2.4375 -3.4375 L 2.90625 -3.34375 C 3.5 -3.226562 3.9375 -3.03125 4.21875 -2.75 C 4.5 -2.46875 4.640625 -2.085938 4.640625 -1.609375 C 4.640625 -1.046875 4.445312 -0.617188 4.0625 -0.328125 C 3.6875 -0.0351562 3.132812 0.109375 2.40625 0.109375 C 2.125 0.109375 1.828125 0.078125 1.515625 0.015625 C 1.203125 -0.046875 0.878906 -0.140625 0.546875 -0.265625 L 0.546875 -1.078125 C 0.867188 -0.890625 1.179688 -0.75 1.484375 -0.65625 C 1.796875 -0.570312 2.101562 -0.53125 2.40625 -0.53125 C 2.851562 -0.53125 3.195312 -0.617188 3.4375 -0.796875 C 3.6875 -0.972656 3.8125 -1.222656 3.8125 -1.546875 C 3.8125 -1.835938 3.722656 -2.0625 3.546875 -2.21875 C 3.367188 -2.382812 3.082031 -2.507812 2.6875 -2.59375 L 2.203125 -2.6875 C 1.609375 -2.800781 1.179688 -2.984375 0.921875 -3.234375 C 0.660156 -3.484375 0.53125 -3.832031 0.53125 -4.28125 C 0.53125 -4.789062 0.710938 -5.191406 1.078125 -5.484375 C 1.441406 -5.785156 1.941406 -5.9375 2.578125 -5.9375 C 2.847656 -5.9375 3.125 -5.910156 3.40625 -5.859375 C 3.695312 -5.816406 3.988281 -5.742188 4.28125 -5.640625 Z M 4.28125 -5.640625 "/>
</symbol>
<symbol overflow="visible" id="glyph0-15">
<path style="stroke:none;" d="M 0.265625 -5.828125 L 1.0625 -5.828125 L 2.296875 -0.90625 L 3.515625 -5.828125 L 4.40625 -5.828125 L 5.625 -0.90625 L 6.84375 -5.828125 L 7.65625 -5.828125 L 6.1875 0 L 5.1875 0 L 3.96875 -5.0625 L 2.71875 0 L 1.734375 0 Z M 0.265625 -5.828125 "/>
</symbol>
<symbol overflow="visible" id="glyph0-16">
<path style="stroke:none;" d="M 0.78125 -5.828125 L 1.96875 -5.828125 L 3.453125 -1.859375 L 4.953125 -5.828125 L 6.125 -5.828125 L 6.125 0 L 5.359375 0 L 5.359375 -5.125 L 3.84375 -1.125 L 3.0625 -1.125 L 1.546875 -5.125 L 1.546875 0 L 0.78125 0 Z M 0.78125 -5.828125 "/>
</symbol>
<symbol overflow="visible" id="glyph0-17">
<path style="stroke:none;" d="M 4.5 -2.375 L 4.5 -2.015625 L 1.1875 -2.015625 C 1.21875 -1.523438 1.367188 -1.148438 1.640625 -0.890625 C 1.910156 -0.628906 2.28125 -0.5 2.75 -0.5 C 3.03125 -0.5 3.300781 -0.53125 3.5625 -0.59375 C 3.820312 -0.664062 4.078125 -0.769531 4.328125 -0.90625 L 4.328125 -0.21875 C 4.066406 -0.113281 3.800781 -0.0351562 3.53125 0.015625 C 3.257812 0.078125 2.988281 0.109375 2.71875 0.109375 C 2.019531 0.109375 1.460938 -0.09375 1.046875 -0.5 C 0.640625 -0.90625 0.4375 -1.453125 0.4375 -2.140625 C 0.4375 -2.859375 0.628906 -3.425781 1.015625 -3.84375 C 1.410156 -4.269531 1.9375 -4.484375 2.59375 -4.484375 C 3.175781 -4.484375 3.640625 -4.289062 3.984375 -3.90625 C 4.328125 -3.53125 4.5 -3.019531 4.5 -2.375 Z M 3.78125 -2.578125 C 3.769531 -2.972656 3.65625 -3.285156 3.4375 -3.515625 C 3.226562 -3.753906 2.945312 -3.875 2.59375 -3.875 C 2.195312 -3.875 1.875 -3.757812 1.625 -3.53125 C 1.382812 -3.300781 1.25 -2.984375 1.21875 -2.578125 Z M 3.546875 -6.40625 L 4.328125 -6.40625 L 3.046875 -4.9375 L 2.453125 -4.9375 Z M 3.546875 -6.40625 "/>
</symbol>
<symbol overflow="visible" id="glyph0-18">
<path style="stroke:none;" d="M 3.640625 -3.71875 L 3.640625 -6.078125 L 4.359375 -6.078125 L 4.359375 0 L 3.640625 0 L 3.640625 -0.65625 C 3.484375 -0.394531 3.289062 -0.203125 3.0625 -0.078125 C 2.832031 0.046875 2.554688 0.109375 2.234375 0.109375 C 1.703125 0.109375 1.269531 -0.0976562 0.9375 -0.515625 C 0.601562 -0.941406 0.4375 -1.5 0.4375 -2.1875 C 0.4375 -2.875 0.601562 -3.425781 0.9375 -3.84375 C 1.269531 -4.269531 1.703125 -4.484375 2.234375 -4.484375 C 2.554688 -4.484375 2.832031 -4.421875 3.0625 -4.296875 C 3.289062 -4.171875 3.484375 -3.976562 3.640625 -3.71875 Z M 1.1875 -2.1875 C 1.1875 -1.65625 1.296875 -1.238281 1.515625 -0.9375 C 1.734375 -0.632812 2.03125 -0.484375 2.40625 -0.484375 C 2.789062 -0.484375 3.09375 -0.632812 3.3125 -0.9375 C 3.53125 -1.238281 3.640625 -1.65625 3.640625 -2.1875 C 3.640625 -2.71875 3.53125 -3.128906 3.3125 -3.421875 C 3.09375 -3.722656 2.789062 -3.875 2.40625 -3.875 C 2.03125 -3.875 1.734375 -3.722656 1.515625 -3.421875 C 1.296875 -3.128906 1.1875 -2.71875 1.1875 -2.1875 Z M 1.1875 -2.1875 "/>
</symbol>
<symbol overflow="visible" id="glyph0-19">
<path style="stroke:none;" d="M 0.75 -4.375 L 1.46875 -4.375 L 1.46875 0 L 0.75 0 Z M 0.75 -6.078125 L 1.46875 -6.078125 L 1.46875 -5.171875 L 0.75 -5.171875 Z M 0.75 -6.078125 "/>
</symbol>
<symbol overflow="visible" id="glyph0-20">
<path style="stroke:none;" d="M 2.75 -2.203125 C 2.164062 -2.203125 1.757812 -2.132812 1.53125 -2 C 1.3125 -1.863281 1.203125 -1.640625 1.203125 -1.328125 C 1.203125 -1.066406 1.285156 -0.859375 1.453125 -0.703125 C 1.617188 -0.554688 1.847656 -0.484375 2.140625 -0.484375 C 2.535156 -0.484375 2.851562 -0.625 3.09375 -0.90625 C 3.332031 -1.195312 3.453125 -1.578125 3.453125 -2.046875 L 3.453125 -2.203125 Z M 4.171875 -2.5 L 4.171875 0 L 3.453125 0 L 3.453125 -0.671875 C 3.296875 -0.398438 3.09375 -0.203125 2.84375 -0.078125 C 2.601562 0.046875 2.304688 0.109375 1.953125 0.109375 C 1.503906 0.109375 1.144531 -0.015625 0.875 -0.265625 C 0.613281 -0.515625 0.484375 -0.851562 0.484375 -1.28125 C 0.484375 -1.769531 0.644531 -2.140625 0.96875 -2.390625 C 1.300781 -2.640625 1.796875 -2.765625 2.453125 -2.765625 L 3.453125 -2.765625 L 3.453125 -2.828125 C 3.453125 -3.160156 3.34375 -3.414062 3.125 -3.59375 C 2.914062 -3.78125 2.613281 -3.875 2.21875 -3.875 C 1.96875 -3.875 1.722656 -3.84375 1.484375 -3.78125 C 1.242188 -3.71875 1.015625 -3.628906 0.796875 -3.515625 L 0.796875 -4.171875 C 1.066406 -4.273438 1.320312 -4.351562 1.5625 -4.40625 C 1.8125 -4.457031 2.054688 -4.484375 2.296875 -4.484375 C 2.921875 -4.484375 3.390625 -4.316406 3.703125 -3.984375 C 4.015625 -3.660156 4.171875 -3.164062 4.171875 -2.5 Z M 4.171875 -2.5 "/>
</symbol>
<symbol overflow="visible" id="glyph0-21">
<path style="stroke:none;" d="M 4.390625 -2.640625 L 4.390625 0 L 3.671875 0 L 3.671875 -2.625 C 3.671875 -3.03125 3.585938 -3.335938 3.421875 -3.546875 C 3.265625 -3.753906 3.023438 -3.859375 2.703125 -3.859375 C 2.316406 -3.859375 2.007812 -3.734375 1.78125 -3.484375 C 1.5625 -3.234375 1.453125 -2.894531 1.453125 -2.46875 L 1.453125 0 L 0.734375 0 L 0.734375 -4.375 L 1.453125 -4.375 L 1.453125 -3.703125 C 1.617188 -3.960938 1.816406 -4.15625 2.046875 -4.28125 C 2.285156 -4.414062 2.554688 -4.484375 2.859375 -4.484375 C 3.367188 -4.484375 3.75 -4.328125 4 -4.015625 C 4.257812 -3.703125 4.390625 -3.242188 4.390625 -2.640625 Z M 4.390625 -2.640625 "/>
</symbol>
<symbol overflow="visible" id="glyph0-22">
<path style="stroke:none;" d="M 4.5 -2.375 L 4.5 -2.015625 L 1.1875 -2.015625 C 1.21875 -1.523438 1.367188 -1.148438 1.640625 -0.890625 C 1.910156 -0.628906 2.28125 -0.5 2.75 -0.5 C 3.03125 -0.5 3.300781 -0.53125 3.5625 -0.59375 C 3.820312 -0.664062 4.078125 -0.769531 4.328125 -0.90625 L 4.328125 -0.21875 C 4.066406 -0.113281 3.800781 -0.0351562 3.53125 0.015625 C 3.257812 0.078125 2.988281 0.109375 2.71875 0.109375 C 2.019531 0.109375 1.460938 -0.09375 1.046875 -0.5 C 0.640625 -0.90625 0.4375 -1.453125 0.4375 -2.140625 C 0.4375 -2.859375 0.628906 -3.425781 1.015625 -3.84375 C 1.410156 -4.269531 1.9375 -4.484375 2.59375 -4.484375 C 3.175781 -4.484375 3.640625 -4.289062 3.984375 -3.90625 C 4.328125 -3.53125 4.5 -3.019531 4.5 -2.375 Z M 3.78125 -2.578125 C 3.769531 -2.972656 3.65625 -3.285156 3.4375 -3.515625 C 3.226562 -3.753906 2.945312 -3.875 2.59375 -3.875 C 2.195312 -3.875 1.875 -3.757812 1.625 -3.53125 C 1.382812 -3.300781 1.25 -2.984375 1.21875 -2.578125 Z M 3.78125 -2.578125 "/>
</symbol>
<symbol overflow="visible" id="glyph0-23">
<path style="stroke:none;" d=""/>
</symbol>
<symbol overflow="visible" id="glyph1-0">
<path style="stroke:none;" d="M 0.5 1.765625 L 0.5 -7.046875 L 5.5 -7.046875 L 5.5 1.765625 Z M 1.0625 1.21875 L 4.9375 1.21875 L 4.9375 -6.484375 L 1.0625 -6.484375 Z M 1.0625 1.21875 "/>
</symbol>
<symbol overflow="visible" id="glyph1-1">
<path style="stroke:none;" d="M 1.828125 -7.015625 L 1.828125 -5.46875 L 3.6875 -5.46875 L 3.6875 -4.765625 L 1.828125 -4.765625 L 1.828125 -1.796875 C 1.828125 -1.359375 1.890625 -1.070312 2.015625 -0.9375 C 2.140625 -0.8125 2.390625 -0.75 2.765625 -0.75 L 3.6875 -0.75 L 3.6875 0 L 2.765625 0 C 2.066406 0 1.582031 -0.128906 1.3125 -0.390625 C 1.050781 -0.648438 0.921875 -1.117188 0.921875 -1.796875 L 0.921875 -4.765625 L 0.265625 -4.765625 L 0.265625 -5.46875 L 0.921875 -5.46875 L 0.921875 -7.015625 Z M 1.828125 -7.015625 "/>
</symbol>
<symbol overflow="visible" id="glyph1-2">
<path style="stroke:none;" d="M 3.21875 0.515625 C 2.96875 1.160156 2.71875 1.582031 2.46875 1.78125 C 2.226562 1.976562 1.910156 2.078125 1.515625 2.078125 L 0.796875 2.078125 L 0.796875 1.328125 L 1.3125 1.328125 C 1.5625 1.328125 1.753906 1.269531 1.890625 1.15625 C 2.023438 1.039062 2.175781 0.765625 2.34375 0.328125 L 2.515625 -0.09375 L 0.296875 -5.46875 L 1.25 -5.46875 L 2.953125 -1.1875 L 4.671875 -5.46875 L 5.625 -5.46875 Z M 3.21875 0.515625 "/>
</symbol>
<symbol overflow="visible" id="glyph1-3">
<path style="stroke:none;" d="M 1.8125 -0.828125 L 1.8125 2.078125 L 0.90625 2.078125 L 0.90625 -5.46875 L 1.8125 -5.46875 L 1.8125 -4.640625 C 2 -4.960938 2.234375 -5.203125 2.515625 -5.359375 C 2.804688 -5.515625 3.15625 -5.59375 3.5625 -5.59375 C 4.226562 -5.59375 4.765625 -5.328125 5.171875 -4.796875 C 5.585938 -4.273438 5.796875 -3.585938 5.796875 -2.734375 C 5.796875 -1.867188 5.585938 -1.171875 5.171875 -0.640625 C 4.765625 -0.117188 4.226562 0.140625 3.5625 0.140625 C 3.15625 0.140625 2.804688 0.0625 2.515625 -0.09375 C 2.234375 -0.25 2 -0.492188 1.8125 -0.828125 Z M 4.875 -2.734375 C 4.875 -3.390625 4.734375 -3.90625 4.453125 -4.28125 C 4.179688 -4.65625 3.8125 -4.84375 3.34375 -4.84375 C 2.863281 -4.84375 2.488281 -4.65625 2.21875 -4.28125 C 1.945312 -3.90625 1.8125 -3.390625 1.8125 -2.734375 C 1.8125 -2.066406 1.945312 -1.546875 2.21875 -1.171875 C 2.488281 -0.796875 2.863281 -0.609375 3.34375 -0.609375 C 3.8125 -0.609375 4.179688 -0.796875 4.453125 -1.171875 C 4.734375 -1.546875 4.875 -2.066406 4.875 -2.734375 Z M 4.875 -2.734375 "/>
</symbol>
<symbol overflow="visible" id="glyph1-4">
<path style="stroke:none;" d="M 5.625 -2.953125 L 5.625 -2.515625 L 1.484375 -2.515625 C 1.523438 -1.898438 1.710938 -1.429688 2.046875 -1.109375 C 2.378906 -0.785156 2.84375 -0.625 3.4375 -0.625 C 3.78125 -0.625 4.113281 -0.664062 4.4375 -0.75 C 4.769531 -0.832031 5.09375 -0.957031 5.40625 -1.125 L 5.40625 -0.28125 C 5.082031 -0.144531 4.75 -0.0390625 4.40625 0.03125 C 4.070312 0.101562 3.734375 0.140625 3.390625 0.140625 C 2.515625 0.140625 1.820312 -0.109375 1.3125 -0.609375 C 0.800781 -1.117188 0.546875 -1.8125 0.546875 -2.6875 C 0.546875 -3.582031 0.785156 -4.289062 1.265625 -4.8125 C 1.753906 -5.332031 2.410156 -5.59375 3.234375 -5.59375 C 3.972656 -5.59375 4.554688 -5.359375 4.984375 -4.890625 C 5.410156 -4.421875 5.625 -3.773438 5.625 -2.953125 Z M 4.71875 -3.21875 C 4.71875 -3.707031 4.582031 -4.097656 4.3125 -4.390625 C 4.039062 -4.691406 3.6875 -4.84375 3.25 -4.84375 C 2.738281 -4.84375 2.332031 -4.695312 2.03125 -4.40625 C 1.738281 -4.125 1.566406 -3.726562 1.515625 -3.21875 Z M 4.71875 -3.21875 "/>
</symbol>
<symbol overflow="visible" id="glyph1-5">
<path style="stroke:none;" d=""/>
</symbol>
<symbol overflow="visible" id="glyph1-6">
<path style="stroke:none;" d="M 0.9375 -5.46875 L 1.84375 -5.46875 L 1.84375 0 L 0.9375 0 Z M 0.9375 -7.59375 L 1.84375 -7.59375 L 1.84375 -6.453125 L 0.9375 -6.453125 Z M 0.9375 -7.59375 "/>
</symbol>
<symbol overflow="visible" id="glyph1-7">
<path style="stroke:none;" d="M 5.484375 -3.296875 L 5.484375 0 L 4.59375 0 L 4.59375 -3.265625 C 4.59375 -3.785156 4.488281 -4.171875 4.28125 -4.421875 C 4.082031 -4.679688 3.78125 -4.8125 3.375 -4.8125 C 2.894531 -4.8125 2.515625 -4.65625 2.234375 -4.34375 C 1.953125 -4.039062 1.8125 -3.625 1.8125 -3.09375 L 1.8125 0 L 0.90625 0 L 0.90625 -5.46875 L 1.8125 -5.46875 L 1.8125 -4.625 C 2.03125 -4.945312 2.285156 -5.1875 2.578125 -5.34375 C 2.867188 -5.507812 3.203125 -5.59375 3.578125 -5.59375 C 4.203125 -5.59375 4.675781 -5.398438 5 -5.015625 C 5.320312 -4.628906 5.484375 -4.054688 5.484375 -3.296875 Z M 5.484375 -3.296875 "/>
</symbol>
<symbol overflow="visible" id="glyph1-8">
<path style="stroke:none;" d="M 4.421875 -5.3125 L 4.421875 -4.453125 C 4.171875 -4.585938 3.910156 -4.6875 3.640625 -4.75 C 3.367188 -4.8125 3.082031 -4.84375 2.78125 -4.84375 C 2.34375 -4.84375 2.007812 -4.773438 1.78125 -4.640625 C 1.5625 -4.503906 1.453125 -4.300781 1.453125 -4.03125 C 1.453125 -3.820312 1.53125 -3.65625 1.6875 -3.53125 C 1.84375 -3.414062 2.164062 -3.304688 2.65625 -3.203125 L 2.953125 -3.125 C 3.597656 -2.988281 4.050781 -2.796875 4.3125 -2.546875 C 4.582031 -2.296875 4.71875 -1.953125 4.71875 -1.515625 C 4.71875 -1.003906 4.515625 -0.597656 4.109375 -0.296875 C 3.710938 -0.00390625 3.164062 0.140625 2.46875 0.140625 C 2.164062 0.140625 1.851562 0.109375 1.53125 0.046875 C 1.21875 -0.00390625 0.890625 -0.0859375 0.546875 -0.203125 L 0.546875 -1.125 C 0.878906 -0.957031 1.203125 -0.828125 1.515625 -0.734375 C 1.835938 -0.648438 2.160156 -0.609375 2.484375 -0.609375 C 2.898438 -0.609375 3.222656 -0.679688 3.453125 -0.828125 C 3.679688 -0.972656 3.796875 -1.175781 3.796875 -1.4375 C 3.796875 -1.6875 3.710938 -1.875 3.546875 -2 C 3.390625 -2.132812 3.03125 -2.257812 2.46875 -2.375 L 2.15625 -2.453125 C 1.601562 -2.566406 1.203125 -2.742188 0.953125 -2.984375 C 0.703125 -3.234375 0.578125 -3.566406 0.578125 -3.984375 C 0.578125 -4.503906 0.757812 -4.898438 1.125 -5.171875 C 1.488281 -5.453125 2.007812 -5.59375 2.6875 -5.59375 C 3.007812 -5.59375 3.316406 -5.566406 3.609375 -5.515625 C 3.910156 -5.472656 4.179688 -5.40625 4.421875 -5.3125 Z M 4.421875 -5.3125 "/>
</symbol>
<symbol overflow="visible" id="glyph1-9">
<path style="stroke:none;" d="M 3.421875 -2.75 C 2.703125 -2.75 2.203125 -2.664062 1.921875 -2.5 C 1.640625 -2.332031 1.5 -2.050781 1.5 -1.65625 C 1.5 -1.332031 1.601562 -1.078125 1.8125 -0.890625 C 2.019531 -0.703125 2.304688 -0.609375 2.671875 -0.609375 C 3.171875 -0.609375 3.570312 -0.785156 3.875 -1.140625 C 4.175781 -1.492188 4.328125 -1.960938 4.328125 -2.546875 L 4.328125 -2.75 Z M 5.21875 -3.125 L 5.21875 0 L 4.328125 0 L 4.328125 -0.828125 C 4.117188 -0.492188 3.859375 -0.25 3.546875 -0.09375 C 3.242188 0.0625 2.875 0.140625 2.4375 0.140625 C 1.875 0.140625 1.425781 -0.015625 1.09375 -0.328125 C 0.757812 -0.640625 0.59375 -1.0625 0.59375 -1.59375 C 0.59375 -2.207031 0.800781 -2.671875 1.21875 -2.984375 C 1.632812 -3.296875 2.25 -3.453125 3.0625 -3.453125 L 4.328125 -3.453125 L 4.328125 -3.546875 C 4.328125 -3.953125 4.1875 -4.269531 3.90625 -4.5 C 3.632812 -4.726562 3.253906 -4.84375 2.765625 -4.84375 C 2.453125 -4.84375 2.144531 -4.800781 1.84375 -4.71875 C 1.550781 -4.644531 1.269531 -4.535156 1 -4.390625 L 1 -5.21875 C 1.332031 -5.34375 1.648438 -5.4375 1.953125 -5.5 C 2.265625 -5.5625 2.566406 -5.59375 2.859375 -5.59375 C 3.648438 -5.59375 4.238281 -5.390625 4.625 -4.984375 C 5.019531 -4.578125 5.21875 -3.957031 5.21875 -3.125 Z M 5.21875 -3.125 "/>
</symbol>
<symbol overflow="visible" id="glyph1-10">
<path style="stroke:none;" d="M 4.875 -5.265625 L 4.875 -4.421875 C 4.625 -4.554688 4.367188 -4.660156 4.109375 -4.734375 C 3.859375 -4.804688 3.601562 -4.84375 3.34375 -4.84375 C 2.757812 -4.84375 2.304688 -4.65625 1.984375 -4.28125 C 1.660156 -3.914062 1.5 -3.398438 1.5 -2.734375 C 1.5 -2.066406 1.660156 -1.546875 1.984375 -1.171875 C 2.304688 -0.804688 2.757812 -0.625 3.34375 -0.625 C 3.601562 -0.625 3.859375 -0.65625 4.109375 -0.71875 C 4.367188 -0.789062 4.625 -0.898438 4.875 -1.046875 L 4.875 -0.203125 C 4.625 -0.0859375 4.363281 -0.00390625 4.09375 0.046875 C 3.832031 0.109375 3.550781 0.140625 3.25 0.140625 C 2.414062 0.140625 1.753906 -0.113281 1.265625 -0.625 C 0.785156 -1.144531 0.546875 -1.847656 0.546875 -2.734375 C 0.546875 -3.617188 0.789062 -4.316406 1.28125 -4.828125 C 1.769531 -5.335938 2.441406 -5.59375 3.296875 -5.59375 C 3.578125 -5.59375 3.847656 -5.566406 4.109375 -5.515625 C 4.367188 -5.460938 4.625 -5.378906 4.875 -5.265625 Z M 4.875 -5.265625 "/>
</symbol>
<symbol overflow="visible" id="glyph1-11">
<path style="stroke:none;" d="M 0.984375 -7.296875 L 2.453125 -7.296875 L 4.3125 -2.328125 L 6.1875 -7.296875 L 7.65625 -7.296875 L 7.65625 0 L 6.6875 0 L 6.6875 -6.40625 L 4.8125 -1.40625 L 3.8125 -1.40625 L 1.9375 -6.40625 L 1.9375 0 L 0.984375 0 Z M 0.984375 -7.296875 "/>
</symbol>
<symbol overflow="visible" id="glyph1-12">
<path style="stroke:none;" d="M 0.484375 -3.140625 L 3.125 -3.140625 L 3.125 -2.34375 L 0.484375 -2.34375 Z M 0.484375 -3.140625 "/>
</symbol>
<symbol overflow="visible" id="glyph1-13">
<path style="stroke:none;" d="M 5.484375 -5.46875 L 3.515625 -2.8125 L 5.59375 0 L 4.53125 0 L 2.9375 -2.15625 L 1.34375 0 L 0.28125 0 L 2.40625 -2.859375 L 0.46875 -5.46875 L 1.53125 -5.46875 L 2.984375 -3.515625 L 4.421875 -5.46875 Z M 5.484375 -5.46875 "/>
</symbol>
<symbol overflow="visible" id="glyph1-14">
<path style="stroke:none;" d="M 0.421875 -5.46875 L 1.3125 -5.46875 L 2.4375 -1.203125 L 3.5625 -5.46875 L 4.625 -5.46875 L 5.75 -1.203125 L 6.859375 -5.46875 L 7.765625 -5.46875 L 6.328125 0 L 5.265625 0 L 4.09375 -4.484375 L 2.90625 0 L 1.84375 0 Z M 0.421875 -5.46875 "/>
</symbol>
<symbol overflow="visible" id="glyph1-15">
<path style="stroke:none;" d="M 5.484375 -3.296875 L 5.484375 0 L 4.59375 0 L 4.59375 -3.265625 C 4.59375 -3.785156 4.488281 -4.171875 4.28125 -4.421875 C 4.082031 -4.679688 3.78125 -4.8125 3.375 -4.8125 C 2.894531 -4.8125 2.515625 -4.65625 2.234375 -4.34375 C 1.953125 -4.039062 1.8125 -3.625 1.8125 -3.09375 L 1.8125 0 L 0.90625 0 L 0.90625 -7.59375 L 1.8125 -7.59375 L 1.8125 -4.625 C 2.03125 -4.945312 2.285156 -5.1875 2.578125 -5.34375 C 2.867188 -5.507812 3.203125 -5.59375 3.578125 -5.59375 C 4.203125 -5.59375 4.675781 -5.398438 5 -5.015625 C 5.320312 -4.628906 5.484375 -4.054688 5.484375 -3.296875 Z M 5.484375 -3.296875 "/>
</symbol>
<symbol overflow="visible" id="glyph1-16">
<path style="stroke:none;" d="M 3.421875 -6.3125 L 2.078125 -2.6875 L 4.765625 -2.6875 Z M 2.859375 -7.296875 L 3.984375 -7.296875 L 6.765625 0 L 5.734375 0 L 5.0625 -1.875 L 1.78125 -1.875 L 1.125 0 L 0.078125 0 Z M 2.859375 -7.296875 "/>
</symbol>
<symbol overflow="visible" id="glyph1-17">
<path style="stroke:none;" d="M 1.171875 -1.234375 L 2.203125 -1.234375 L 2.203125 -0.40625 L 1.40625 1.15625 L 0.765625 1.15625 L 1.171875 -0.40625 Z M 1.171875 -1.234375 "/>
</symbol>
<symbol overflow="visible" id="glyph1-18">
<path style="stroke:none;" d="M 6.4375 -6.734375 L 6.4375 -5.6875 C 6.101562 -6 5.75 -6.226562 5.375 -6.375 C 5 -6.53125 4.601562 -6.609375 4.1875 -6.609375 C 3.351562 -6.609375 2.710938 -6.351562 2.265625 -5.84375 C 1.828125 -5.332031 1.609375 -4.597656 1.609375 -3.640625 C 1.609375 -2.679688 1.828125 -1.945312 2.265625 -1.4375 C 2.710938 -0.925781 3.351562 -0.671875 4.1875 -0.671875 C 4.601562 -0.671875 5 -0.742188 5.375 -0.890625 C 5.75 -1.046875 6.101562 -1.28125 6.4375 -1.59375 L 6.4375 -0.5625 C 6.09375 -0.320312 5.726562 -0.144531 5.34375 -0.03125 C 4.957031 0.0820312 4.550781 0.140625 4.125 0.140625 C 3.019531 0.140625 2.148438 -0.195312 1.515625 -0.875 C 0.878906 -1.550781 0.5625 -2.472656 0.5625 -3.640625 C 0.5625 -4.804688 0.878906 -5.726562 1.515625 -6.40625 C 2.148438 -7.082031 3.019531 -7.421875 4.125 -7.421875 C 4.5625 -7.421875 4.972656 -7.363281 5.359375 -7.25 C 5.742188 -7.132812 6.101562 -6.960938 6.4375 -6.734375 Z M 6.4375 -6.734375 "/>
</symbol>
<symbol overflow="visible" id="glyph1-19">
<path style="stroke:none;" d="M 4.546875 -4.640625 L 4.546875 -7.59375 L 5.4375 -7.59375 L 5.4375 0 L 4.546875 0 L 4.546875 -0.828125 C 4.359375 -0.492188 4.117188 -0.25 3.828125 -0.09375 C 3.535156 0.0625 3.1875 0.140625 2.78125 0.140625 C 2.125 0.140625 1.585938 -0.117188 1.171875 -0.640625 C 0.753906 -1.171875 0.546875 -1.867188 0.546875 -2.734375 C 0.546875 -3.585938 0.753906 -4.273438 1.171875 -4.796875 C 1.585938 -5.328125 2.125 -5.59375 2.78125 -5.59375 C 3.1875 -5.59375 3.535156 -5.515625 3.828125 -5.359375 C 4.117188 -5.203125 4.359375 -4.960938 4.546875 -4.640625 Z M 1.484375 -2.734375 C 1.484375 -2.066406 1.617188 -1.546875 1.890625 -1.171875 C 2.160156 -0.796875 2.535156 -0.609375 3.015625 -0.609375 C 3.484375 -0.609375 3.851562 -0.796875 4.125 -1.171875 C 4.40625 -1.546875 4.546875 -2.066406 4.546875 -2.734375 C 4.546875 -3.390625 4.40625 -3.90625 4.125 -4.28125 C 3.851562 -4.65625 3.484375 -4.84375 3.015625 -4.84375 C 2.535156 -4.84375 2.160156 -4.65625 1.890625 -4.28125 C 1.617188 -3.90625 1.484375 -3.390625 1.484375 -2.734375 Z M 1.484375 -2.734375 "/>
</symbol>
<symbol overflow="visible" id="glyph1-20">
<path style="stroke:none;" d="M 1.96875 -6.484375 L 1.96875 -0.8125 L 3.15625 -0.8125 C 4.164062 -0.8125 4.898438 -1.035156 5.359375 -1.484375 C 5.828125 -1.941406 6.0625 -2.664062 6.0625 -3.65625 C 6.0625 -4.632812 5.828125 -5.347656 5.359375 -5.796875 C 4.898438 -6.253906 4.164062 -6.484375 3.15625 -6.484375 Z M 0.984375 -7.296875 L 3.015625 -7.296875 C 4.421875 -7.296875 5.453125 -7 6.109375 -6.40625 C 6.773438 -5.820312 7.109375 -4.90625 7.109375 -3.65625 C 7.109375 -2.394531 6.773438 -1.46875 6.109375 -0.875 C 5.453125 -0.289062 4.421875 0 3.015625 0 L 0.984375 0 Z M 0.984375 -7.296875 "/>
</symbol>
<symbol overflow="visible" id="glyph1-21">
<path style="stroke:none;" d="M 3.09375 -7.59375 C 2.664062 -6.84375 2.34375 -6.097656 2.125 -5.359375 C 1.914062 -4.628906 1.8125 -3.890625 1.8125 -3.140625 C 1.8125 -2.390625 1.914062 -1.644531 2.125 -0.90625 C 2.34375 -0.164062 2.664062 0.570312 3.09375 1.3125 L 2.3125 1.3125 C 1.832031 0.550781 1.46875 -0.195312 1.21875 -0.9375 C 0.976562 -1.675781 0.859375 -2.410156 0.859375 -3.140625 C 0.859375 -3.867188 0.976562 -4.597656 1.21875 -5.328125 C 1.457031 -6.066406 1.820312 -6.820312 2.3125 -7.59375 Z M 3.09375 -7.59375 "/>
</symbol>
<symbol overflow="visible" id="glyph1-22">
<path style="stroke:none;" d="M 1.234375 -0.828125 L 2.859375 -0.828125 L 2.859375 -6.390625 L 1.09375 -6.046875 L 1.09375 -6.9375 L 2.84375 -7.296875 L 3.828125 -7.296875 L 3.828125 -0.828125 L 5.4375 -0.828125 L 5.4375 0 L 1.234375 0 Z M 1.234375 -0.828125 "/>
</symbol>
<symbol overflow="visible" id="glyph1-23">
<path style="stroke:none;" d="M 3.171875 -6.640625 C 2.671875 -6.640625 2.289062 -6.390625 2.03125 -5.890625 C 1.78125 -5.390625 1.65625 -4.640625 1.65625 -3.640625 C 1.65625 -2.640625 1.78125 -1.890625 2.03125 -1.390625 C 2.289062 -0.890625 2.671875 -0.640625 3.171875 -0.640625 C 3.691406 -0.640625 4.078125 -0.890625 4.328125 -1.390625 C 4.585938 -1.890625 4.71875 -2.640625 4.71875 -3.640625 C 4.71875 -4.640625 4.585938 -5.390625 4.328125 -5.890625 C 4.078125 -6.390625 3.691406 -6.640625 3.171875 -6.640625 Z M 3.171875 -7.421875 C 3.992188 -7.421875 4.617188 -7.097656 5.046875 -6.453125 C 5.484375 -5.804688 5.703125 -4.867188 5.703125 -3.640625 C 5.703125 -2.410156 5.484375 -1.472656 5.046875 -0.828125 C 4.617188 -0.179688 3.992188 0.140625 3.171875 0.140625 C 2.359375 0.140625 1.734375 -0.179688 1.296875 -0.828125 C 0.867188 -1.472656 0.65625 -2.410156 0.65625 -3.640625 C 0.65625 -4.867188 0.867188 -5.804688 1.296875 -6.453125 C 1.734375 -7.097656 2.359375 -7.421875 3.171875 -7.421875 Z M 3.171875 -7.421875 "/>
</symbol>
<symbol overflow="visible" id="glyph1-24">
<path style="stroke:none;" d="M 5.203125 -4.421875 C 5.421875 -4.828125 5.6875 -5.125 6 -5.3125 C 6.3125 -5.5 6.679688 -5.59375 7.109375 -5.59375 C 7.679688 -5.59375 8.117188 -5.394531 8.421875 -5 C 8.734375 -4.601562 8.890625 -4.035156 8.890625 -3.296875 L 8.890625 0 L 7.984375 0 L 7.984375 -3.265625 C 7.984375 -3.796875 7.890625 -4.1875 7.703125 -4.4375 C 7.523438 -4.6875 7.242188 -4.8125 6.859375 -4.8125 C 6.390625 -4.8125 6.019531 -4.65625 5.75 -4.34375 C 5.488281 -4.039062 5.359375 -3.625 5.359375 -3.09375 L 5.359375 0 L 4.453125 0 L 4.453125 -3.265625 C 4.453125 -3.796875 4.359375 -4.1875 4.171875 -4.4375 C 3.984375 -4.6875 3.695312 -4.8125 3.3125 -4.8125 C 2.851562 -4.8125 2.488281 -4.65625 2.21875 -4.34375 C 1.945312 -4.039062 1.8125 -3.625 1.8125 -3.09375 L 1.8125 0 L 0.90625 0 L 0.90625 -5.46875 L 1.8125 -5.46875 L 1.8125 -4.625 C 2.019531 -4.957031 2.265625 -5.203125 2.546875 -5.359375 C 2.835938 -5.515625 3.175781 -5.59375 3.5625 -5.59375 C 3.96875 -5.59375 4.304688 -5.492188 4.578125 -5.296875 C 4.859375 -5.097656 5.066406 -4.804688 5.203125 -4.421875 Z M 5.203125 -4.421875 "/>
</symbol>
<symbol overflow="visible" id="glyph1-25">
<path style="stroke:none;" d="M 0.796875 -7.59375 L 1.578125 -7.59375 C 2.066406 -6.820312 2.429688 -6.066406 2.671875 -5.328125 C 2.921875 -4.597656 3.046875 -3.867188 3.046875 -3.140625 C 3.046875 -2.410156 2.921875 -1.675781 2.671875 -0.9375 C 2.429688 -0.195312 2.066406 0.550781 1.578125 1.3125 L 0.796875 1.3125 C 1.234375 0.570312 1.554688 -0.164062 1.765625 -0.90625 C 1.984375 -1.644531 2.09375 -2.390625 2.09375 -3.140625 C 2.09375 -3.890625 1.984375 -4.628906 1.765625 -5.359375 C 1.554688 -6.097656 1.234375 -6.84375 0.796875 -7.59375 Z M 0.796875 -7.59375 "/>
</symbol>
<symbol overflow="visible" id="glyph2-0">
<path style="stroke:none;" d="M 1.765625 -0.5 L -7.046875 -0.5 L -7.046875 -5.5 L 1.765625 -5.5 Z M 1.21875 -1.0625 L 1.21875 -4.9375 L -6.484375 -4.9375 L -6.484375 -1.0625 Z M 1.21875 -1.0625 "/>
</symbol>
<symbol overflow="visible" id="glyph2-1">
<path style="stroke:none;" d="M -4.625 -4.109375 C -4.6875 -4.003906 -4.726562 -3.894531 -4.75 -3.78125 C -4.78125 -3.664062 -4.796875 -3.535156 -4.796875 -3.390625 C -4.796875 -2.878906 -4.628906 -2.488281 -4.296875 -2.21875 C -3.972656 -1.945312 -3.5 -1.8125 -2.875 -1.8125 L 0 -1.8125 L 0 -0.90625 L -5.46875 -0.90625 L -5.46875 -1.8125 L -4.625 -1.8125 C -4.957031 -2 -5.203125 -2.242188 -5.359375 -2.546875 C -5.515625 -2.847656 -5.59375 -3.21875 -5.59375 -3.65625 C -5.59375 -3.71875 -5.585938 -3.785156 -5.578125 -3.859375 C -5.578125 -3.929688 -5.566406 -4.015625 -5.546875 -4.109375 Z M -4.625 -4.109375 "/>
</symbol>
<symbol overflow="visible" id="glyph2-2">
<path style="stroke:none;" d="M -2.75 -3.421875 C -2.75 -2.703125 -2.664062 -2.203125 -2.5 -1.921875 C -2.332031 -1.640625 -2.050781 -1.5 -1.65625 -1.5 C -1.332031 -1.5 -1.078125 -1.601562 -0.890625 -1.8125 C -0.703125 -2.019531 -0.609375 -2.304688 -0.609375 -2.671875 C -0.609375 -3.171875 -0.785156 -3.570312 -1.140625 -3.875 C -1.492188 -4.175781 -1.960938 -4.328125 -2.546875 -4.328125 L -2.75 -4.328125 Z M -3.125 -5.21875 L 0 -5.21875 L 0 -4.328125 L -0.828125 -4.328125 C -0.492188 -4.117188 -0.25 -3.859375 -0.09375 -3.546875 C 0.0625 -3.242188 0.140625 -2.875 0.140625 -2.4375 C 0.140625 -1.875 -0.015625 -1.425781 -0.328125 -1.09375 C -0.640625 -0.757812 -1.0625 -0.59375 -1.59375 -0.59375 C -2.207031 -0.59375 -2.671875 -0.800781 -2.984375 -1.21875 C -3.296875 -1.632812 -3.453125 -2.25 -3.453125 -3.0625 L -3.453125 -4.328125 L -3.546875 -4.328125 C -3.953125 -4.328125 -4.269531 -4.1875 -4.5 -3.90625 C -4.726562 -3.632812 -4.84375 -3.253906 -4.84375 -2.765625 C -4.84375 -2.453125 -4.800781 -2.144531 -4.71875 -1.84375 C -4.644531 -1.550781 -4.535156 -1.269531 -4.390625 -1 L -5.21875 -1 C -5.34375 -1.332031 -5.4375 -1.648438 -5.5 -1.953125 C -5.5625 -2.265625 -5.59375 -2.566406 -5.59375 -2.859375 C -5.59375 -3.648438 -5.390625 -4.238281 -4.984375 -4.625 C -4.578125 -5.019531 -3.957031 -5.21875 -3.125 -5.21875 Z M -3.125 -5.21875 "/>
</symbol>
<symbol overflow="visible" id="glyph2-3">
<path style="stroke:none;" d="M -7.015625 -1.828125 L -5.46875 -1.828125 L -5.46875 -3.6875 L -4.765625 -3.6875 L -4.765625 -1.828125 L -1.796875 -1.828125 C -1.359375 -1.828125 -1.070312 -1.890625 -0.9375 -2.015625 C -0.8125 -2.140625 -0.75 -2.390625 -0.75 -2.765625 L -0.75 -3.6875 L 0 -3.6875 L 0 -2.765625 C 0 -2.066406 -0.128906 -1.582031 -0.390625 -1.3125 C -0.648438 -1.050781 -1.117188 -0.921875 -1.796875 -0.921875 L -4.765625 -0.921875 L -4.765625 -0.265625 L -5.46875 -0.265625 L -5.46875 -0.921875 L -7.015625 -0.921875 Z M -7.015625 -1.828125 "/>
</symbol>
<symbol overflow="visible" id="glyph2-4">
<path style="stroke:none;" d="M -5.46875 -0.9375 L -5.46875 -1.84375 L 0 -1.84375 L 0 -0.9375 Z M -7.59375 -0.9375 L -7.59375 -1.84375 L -6.453125 -1.84375 L -6.453125 -0.9375 Z M -7.59375 -0.9375 "/>
</symbol>
<symbol overflow="visible" id="glyph2-5">
<path style="stroke:none;" d="M -4.84375 -3.0625 C -4.84375 -2.582031 -4.65625 -2.203125 -4.28125 -1.921875 C -3.90625 -1.640625 -3.390625 -1.5 -2.734375 -1.5 C -2.078125 -1.5 -1.5625 -1.632812 -1.1875 -1.90625 C -0.8125 -2.1875 -0.625 -2.570312 -0.625 -3.0625 C -0.625 -3.539062 -0.8125 -3.921875 -1.1875 -4.203125 C -1.5625 -4.484375 -2.078125 -4.625 -2.734375 -4.625 C -3.378906 -4.625 -3.890625 -4.484375 -4.265625 -4.203125 C -4.648438 -3.921875 -4.84375 -3.539062 -4.84375 -3.0625 Z M -5.59375 -3.0625 C -5.59375 -3.84375 -5.335938 -4.457031 -4.828125 -4.90625 C -4.328125 -5.351562 -3.628906 -5.578125 -2.734375 -5.578125 C -1.835938 -5.578125 -1.132812 -5.351562 -0.625 -4.90625 C -0.113281 -4.457031 0.140625 -3.84375 0.140625 -3.0625 C 0.140625 -2.28125 -0.113281 -1.664062 -0.625 -1.21875 C -1.132812 -0.769531 -1.835938 -0.546875 -2.734375 -0.546875 C -3.628906 -0.546875 -4.328125 -0.769531 -4.828125 -1.21875 C -5.335938 -1.664062 -5.59375 -2.28125 -5.59375 -3.0625 Z M -5.59375 -3.0625 "/>
</symbol>
<symbol overflow="visible" id="glyph2-6">
<path style="stroke:none;" d=""/>
</symbol>
<symbol overflow="visible" id="glyph2-7">
<path style="stroke:none;" d="M -7.59375 -3.09375 C -6.84375 -2.664062 -6.097656 -2.34375 -5.359375 -2.125 C -4.628906 -1.914062 -3.890625 -1.8125 -3.140625 -1.8125 C -2.390625 -1.8125 -1.644531 -1.914062 -0.90625 -2.125 C -0.164062 -2.34375 0.570312 -2.664062 1.3125 -3.09375 L 1.3125 -2.3125 C 0.550781 -1.832031 -0.195312 -1.46875 -0.9375 -1.21875 C -1.675781 -0.976562 -2.410156 -0.859375 -3.140625 -0.859375 C -3.867188 -0.859375 -4.597656 -0.976562 -5.328125 -1.21875 C -6.066406 -1.457031 -6.820312 -1.820312 -7.59375 -2.3125 Z M -7.59375 -3.09375 "/>
</symbol>
<symbol overflow="visible" id="glyph2-8">
<path style="stroke:none;" d="M -3.203125 -7.265625 C -3.203125 -6.984375 -3.082031 -6.757812 -2.84375 -6.59375 C -2.601562 -6.4375 -2.269531 -6.359375 -1.84375 -6.359375 C -1.414062 -6.359375 -1.082031 -6.4375 -0.84375 -6.59375 C -0.601562 -6.757812 -0.484375 -6.984375 -0.484375 -7.265625 C -0.484375 -7.546875 -0.601562 -7.765625 -0.84375 -7.921875 C -1.082031 -8.085938 -1.414062 -8.171875 -1.84375 -8.171875 C -2.269531 -8.171875 -2.601562 -8.085938 -2.84375 -7.921875 C -3.082031 -7.765625 -3.203125 -7.546875 -3.203125 -7.265625 Z M -3.828125 -7.265625 C -3.828125 -7.785156 -3.644531 -8.195312 -3.28125 -8.5 C -2.925781 -8.800781 -2.445312 -8.953125 -1.84375 -8.953125 C -1.226562 -8.953125 -0.742188 -8.796875 -0.390625 -8.484375 C -0.0351562 -8.179688 0.140625 -7.773438 0.140625 -7.265625 C 0.140625 -6.742188 -0.0351562 -6.332031 -0.390625 -6.03125 C -0.742188 -5.726562 -1.226562 -5.578125 -1.84375 -5.578125 C -2.457031 -5.578125 -2.941406 -5.726562 -3.296875 -6.03125 C -3.648438 -6.34375 -3.828125 -6.753906 -3.828125 -7.265625 Z M -6.796875 -2.234375 C -6.796875 -1.953125 -6.675781 -1.726562 -6.4375 -1.5625 C -6.195312 -1.40625 -5.863281 -1.328125 -5.4375 -1.328125 C -5.007812 -1.328125 -4.675781 -1.40625 -4.4375 -1.5625 C -4.195312 -1.726562 -4.078125 -1.953125 -4.078125 -2.234375 C -4.078125 -2.515625 -4.195312 -2.734375 -4.4375 -2.890625 C -4.675781 -3.054688 -5.007812 -3.140625 -5.4375 -3.140625 C -5.851562 -3.140625 -6.179688 -3.054688 -6.421875 -2.890625 C -6.671875 -2.734375 -6.796875 -2.515625 -6.796875 -2.234375 Z M -7.421875 -6.640625 L -7.421875 -7.421875 L 0.140625 -2.859375 L 0.140625 -2.078125 Z M -7.421875 -2.234375 C -7.421875 -2.742188 -7.242188 -3.148438 -6.890625 -3.453125 C -6.535156 -3.765625 -6.050781 -3.921875 -5.4375 -3.921875 C -4.820312 -3.921875 -4.335938 -3.769531 -3.984375 -3.46875 C -3.628906 -3.164062 -3.453125 -2.753906 -3.453125 -2.234375 C -3.453125 -1.710938 -3.628906 -1.300781 -3.984375 -1 C -4.335938 -0.695312 -4.820312 -0.546875 -5.4375 -0.546875 C -6.039062 -0.546875 -6.519531 -0.695312 -6.875 -1 C -7.238281 -1.300781 -7.421875 -1.710938 -7.421875 -2.234375 Z M -7.421875 -2.234375 "/>
</symbol>
<symbol overflow="visible" id="glyph2-9">
<path style="stroke:none;" d="M -7.59375 -0.796875 L -7.59375 -1.578125 C -6.820312 -2.066406 -6.066406 -2.429688 -5.328125 -2.671875 C -4.597656 -2.921875 -3.867188 -3.046875 -3.140625 -3.046875 C -2.410156 -3.046875 -1.675781 -2.921875 -0.9375 -2.671875 C -0.195312 -2.429688 0.550781 -2.066406 1.3125 -1.578125 L 1.3125 -0.796875 C 0.570312 -1.234375 -0.164062 -1.554688 -0.90625 -1.765625 C -1.644531 -1.984375 -2.390625 -2.09375 -3.140625 -2.09375 C -3.890625 -2.09375 -4.628906 -1.984375 -5.359375 -1.765625 C -6.097656 -1.554688 -6.84375 -1.234375 -7.59375 -0.796875 Z M -7.59375 -0.796875 "/>
</symbol>
</g>
<clipPath id="clip1">
  <path d="M 125 261 L 127 261 L 127 262.882812 L 125 262.882812 Z M 125 261 "/>
</clipPath>
<clipPath id="clip2">
  <path d="M 122 259 L 129 259 L 129 262.882812 L 122 262.882812 Z M 122 259 "/>
</clipPath>
<clipPath id="clip3">
  <path d="M 122 259 L 130 259 L 130 262.882812 L 122 262.882812 Z M 122 259 "/>
</clipPath>
<clipPath id="clip4">
  <path d="M 122 258 L 129 258 L 129 262.882812 L 122 262.882812 Z M 122 258 "/>
</clipPath>
<clipPath id="clip5">
  <path d="M 122 258 L 130 258 L 130 262.882812 L 122 262.882812 Z M 122 258 "/>
</clipPath>
<clipPath id="clip6">
  <path d="M 122 259 L 129 259 L 129 262.882812 L 122 262.882812 Z M 122 259 "/>
</clipPath>
<clipPath id="clip7">
  <path d="M 122 259 L 130 259 L 130 262.882812 L 122 262.882812 Z M 122 259 "/>
</clipPath>
<clipPath id="clip8">
  <path d="M 122 258 L 129 258 L 129 262.882812 L 122 262.882812 Z M 122 258 "/>
</clipPath>
<clipPath id="clip9">
  <path d="M 122 258 L 130 258 L 130 262.882812 L 122 262.882812 Z M 122 258 "/>
</clipPath>
<clipPath id="clip10">
  <path d="M 122 259 L 129 259 L 129 262.882812 L 122 262.882812 Z M 122 259 "/>
</clipPath>
<clipPath id="clip11">
  <path d="M 122 259 L 130 259 L 130 262.882812 L 122 262.882812 Z M 122 259 "/>
</clipPath>
<clipPath id="clip12">
  <path d="M 122 258 L 129 258 L 129 262.882812 L 122 262.882812 Z M 122 258 "/>
</clipPath>
<clipPath id="clip13">
  <path d="M 122 258 L 130 258 L 130 262.882812 L 122 262.882812 Z M 122 258 "/>
</clipPath>
<clipPath id="clip14">
  <path d="M 151 257 L 159 257 L 159 262.882812 L 151 262.882812 Z M 151 257 "/>
</clipPath>
<clipPath id="clip15">
  <path d="M 141 247 L 169 247 L 169 262.882812 L 141 262.882812 Z M 141 247 "/>
</clipPath>
<clipPath id="clip16">
  <path d="M 151 257 L 159 257 L 159 262.882812 L 151 262.882812 Z M 151 257 "/>
</clipPath>
<clipPath id="clip17">
  <path d="M 141 247 L 169 247 L 169 262.882812 L 141 262.882812 Z M 141 247 "/>
</clipPath>
<clipPath id="clip18">
  <path d="M 151 257 L 159 257 L 159 262.882812 L 151 262.882812 Z M 151 257 "/>
</clipPath>
<clipPath id="clip19">
  <path d="M 141 247 L 169 247 L 169 262.882812 L 141 262.882812 Z M 141 247 "/>
</clipPath>
<clipPath id="clip20">
  <path d="M 49.234375 49 L 82 49 L 82 51 L 49.234375 51 Z M 49.234375 49 "/>
</clipPath>
<clipPath id="clip21">
  <path d="M 49.234375 59 L 82 59 L 82 61 L 49.234375 61 Z M 49.234375 59 "/>
</clipPath>
</defs>
<g id="surface217926">
<path style="fill-rule:nonzero;fill:rgb(100%,100%,100%);fill-opacity:1;stroke-width:0.5;stroke-linecap:round;stroke-linejoin:round;stroke:rgb(0%,0%,0%);stroke-opacity:1;stroke-miterlimit:10;" d="M -0.839844 27.585938 L 399.75 27.585938 L 399.75 299.75 L -0.839844 299.75 Z M -0.839844 27.585938 "/>
<path style="fill:none;stroke-width:1.2;stroke-linecap:round;stroke-linejoin:round;stroke:rgb(0%,0%,0%);stroke-opacity:1;stroke-miterlimit:10;" d="M 38.4375 37.222656 L 394.820312 37.222656 L 394.820312 262.882812 L 38.4375 262.882812 Z M 38.4375 37.222656 "/>
<path style="fill:none;stroke-width:0.2;stroke-linecap:round;stroke-linejoin:round;stroke:rgb(0%,0%,0%);stroke-opacity:1;stroke-dasharray:1.2,1.2;stroke-miterlimit:10;" d="M 38.4375 262.882812 L 394.820312 262.882812 M 38.4375 251.597656 L 394.820312 251.597656 M 38.4375 240.316406 L 394.820312 240.316406 M 38.4375 229.03125 L 394.820312 229.03125 M 38.4375 217.75 L 394.820312 217.75 M 38.4375 206.46875 L 394.820312 206.46875 M 38.4375 195.183594 L 394.820312 195.183594 M 38.4375 183.902344 L 394.820312 183.902344 M 38.4375 172.617188 L 394.820312 172.617188 M 38.4375 161.335938 L 394.820312 161.335938 M 38.4375 150.050781 L 394.820312 150.050781 M 38.4375 138.769531 L 394.820312 138.769531 M 38.4375 127.484375 L 394.820312 127.484375 M 38.4375 116.203125 L 394.820312 116.203125 M 38.4375 104.921875 L 394.820312 104.921875 M 38.4375 93.636719 L 394.820312 93.636719 M 38.4375 82.355469 L 394.820312 82.355469 M 38.4375 71.070312 L 394.820312 71.070312 M 38.4375 59.789062 L 394.820312 59.789062 M 38.4375 48.503906 L 394.820312 48.503906 M 38.4375 37.222656 L 394.820312 37.222656 "/>
<path style="fill:none;stroke-width:0.5;stroke-linecap:round;stroke-linejoin:round;stroke:rgb(0%,0%,0%);stroke-opacity:1;stroke-miterlimit:10;" d="M 38.4375 262.882812 L 394.820312 262.882812 M 38.4375 267.132812 L 38.4375 262.882812 M 140.261719 267.132812 L 140.261719 262.882812 M 242.085938 267.132812 L 242.085938 262.882812 M 343.90625 267.132812 L 343.90625 262.882812 "/>
<g style="fill:rgb(0%,0%,0%);fill-opacity:1;">
  <use xlink:href="#glyph0-1" x="35.640625" y="276.03125"/>
</g>
<g style="fill:rgb(0%,0%,0%);fill-opacity:1;">
  <use xlink:href="#glyph0-2" x="137.464844" y="276.03125"/>
</g>
<g style="fill:rgb(0%,0%,0%);fill-opacity:1;">
  <use xlink:href="#glyph0-3" x="239.289062" y="276.03125"/>
</g>
<g style="fill:rgb(0%,0%,0%);fill-opacity:1;">
  <use xlink:href="#glyph0-4" x="341.113281" y="276.03125"/>
</g>
<g style="fill:rgb(0%,0%,0%);fill-opacity:1;">
  <use xlink:href="#glyph1-1" x="182.4375" y="291.450195"/>
  <use xlink:href="#glyph1-2" x="186.358398" y="291.450195"/>
  <use xlink:href="#glyph1-3" x="192.276367" y="291.450195"/>
  <use xlink:href="#glyph1-4" x="198.624023" y="291.450195"/>
  <use xlink:href="#glyph1-5" x="204.776367" y="291.450195"/>
  <use xlink:href="#glyph1-6" x="207.955078" y="291.450195"/>
  <use xlink:href="#glyph1-7" x="210.733398" y="291.450195"/>
  <use xlink:href="#glyph1-8" x="217.071289" y="291.450195"/>
  <use xlink:href="#glyph1-1" x="222.28125" y="291.450195"/>
  <use xlink:href="#glyph1-9" x="226.202148" y="291.450195"/>
  <use xlink:href="#glyph1-7" x="232.330078" y="291.450195"/>
  <use xlink:href="#glyph1-10" x="238.667969" y="291.450195"/>
  <use xlink:href="#glyph1-4" x="244.166016" y="291.450195"/>
</g>
<path style="fill:none;stroke-width:0.5;stroke-linecap:round;stroke-linejoin:round;stroke:rgb(0%,0%,0%);stroke-opacity:1;stroke-miterlimit:10;" d="M 38.4375 262.882812 L 38.4375 37.222656 M 34.1875 262.882812 L 38.4375 262.882812 M 34.1875 251.597656 L 38.4375 251.597656 M 34.1875 240.316406 L 38.4375 240.316406 M 34.1875 229.03125 L 38.4375 229.03125 M 34.1875 217.75 L 38.4375 217.75 M 34.1875 206.46875 L 38.4375 206.46875 M 34.1875 195.183594 L 38.4375 195.183594 M 34.1875 183.902344 L 38.4375 183.902344 M 34.1875 172.617188 L 38.4375 172.617188 M 34.1875 161.335938 L 38.4375 161.335938 M 34.1875 150.050781 L 38.4375 150.050781 M 34.1875 138.769531 L 38.4375 138.769531 M 34.1875 127.484375 L 38.4375 127.484375 M 34.1875 116.203125 L 38.4375 116.203125 M 34.1875 104.921875 L 38.4375 104.921875 M 34.1875 93.636719 L 38.4375 93.636719 M 34.1875 82.355469 L 38.4375 82.355469 M 34.1875 71.070312 L 38.4375 71.070312 M 34.1875 59.789062 L 38.4375 59.789062 M 34.1875 48.503906 L 38.4375 48.503906 M 34.1875 37.222656 L 38.4375 37.222656 "/>
<g style="fill:rgb(0%,0%,0%);fill-opacity:1;">
  <use xlink:href="#glyph0-1" x="27.125" y="265.402344"/>
</g>
<g style="fill:rgb(0%,0%,0%);fill-opacity:1;">
  <use xlink:href="#glyph0-1" x="19.492188" y="254.117188"/>
  <use xlink:href="#glyph0-5" x="24.582031" y="254.117188"/>
  <use xlink:href="#glyph0-6" x="27.125" y="254.117188"/>
</g>
<g style="fill:rgb(0%,0%,0%);fill-opacity:1;">
  <use xlink:href="#glyph0-2" x="27.125" y="242.835938"/>
</g>
<g style="fill:rgb(0%,0%,0%);fill-opacity:1;">
  <use xlink:href="#glyph0-2" x="19.492188" y="231.550781"/>
  <use xlink:href="#glyph0-5" x="24.582031" y="231.550781"/>
  <use xlink:href="#glyph0-6" x="27.125" y="231.550781"/>
</g>
<g style="fill:rgb(0%,0%,0%);fill-opacity:1;">
  <use xlink:href="#glyph0-3" x="27.125" y="220.269531"/>
</g>
<g style="fill:rgb(0%,0%,0%);fill-opacity:1;">
  <use xlink:href="#glyph0-3" x="19.492188" y="208.988281"/>
  <use xlink:href="#glyph0-5" x="24.582031" y="208.988281"/>
  <use xlink:href="#glyph0-6" x="27.125" y="208.988281"/>
</g>
<g style="fill:rgb(0%,0%,0%);fill-opacity:1;">
  <use xlink:href="#glyph0-4" x="27.125" y="197.703125"/>
</g>
<g style="fill:rgb(0%,0%,0%);fill-opacity:1;">
  <use xlink:href="#glyph0-4" x="19.492188" y="186.421875"/>
  <use xlink:href="#glyph0-5" x="24.582031" y="186.421875"/>
  <use xlink:href="#glyph0-6" x="27.125" y="186.421875"/>
</g>
<g style="fill:rgb(0%,0%,0%);fill-opacity:1;">
  <use xlink:href="#glyph0-7" x="27.125" y="175.136719"/>
</g>
<g style="fill:rgb(0%,0%,0%);fill-opacity:1;">
  <use xlink:href="#glyph0-7" x="19.492188" y="163.855469"/>
  <use xlink:href="#glyph0-5" x="24.582031" y="163.855469"/>
  <use xlink:href="#glyph0-6" x="27.125" y="163.855469"/>
</g>
<g style="fill:rgb(0%,0%,0%);fill-opacity:1;">
  <use xlink:href="#glyph0-6" x="27.125" y="152.570312"/>
</g>
<g style="fill:rgb(0%,0%,0%);fill-opacity:1;">
  <use xlink:href="#glyph0-6" x="19.492188" y="141.289062"/>
  <use xlink:href="#glyph0-5" x="24.582031" y="141.289062"/>
  <use xlink:href="#glyph0-6" x="27.125" y="141.289062"/>
</g>
<g style="fill:rgb(0%,0%,0%);fill-opacity:1;">
  <use xlink:href="#glyph0-8" x="27.125" y="130.003906"/>
</g>
<g style="fill:rgb(0%,0%,0%);fill-opacity:1;">
  <use xlink:href="#glyph0-8" x="19.492188" y="118.722656"/>
  <use xlink:href="#glyph0-5" x="24.582031" y="118.722656"/>
  <use xlink:href="#glyph0-6" x="27.125" y="118.722656"/>
</g>
<g style="fill:rgb(0%,0%,0%);fill-opacity:1;">
  <use xlink:href="#glyph0-9" x="27.125" y="107.441406"/>
</g>
<g style="fill:rgb(0%,0%,0%);fill-opacity:1;">
  <use xlink:href="#glyph0-9" x="19.492188" y="96.15625"/>
  <use xlink:href="#glyph0-5" x="24.582031" y="96.15625"/>
  <use xlink:href="#glyph0-6" x="27.125" y="96.15625"/>
</g>
<g style="fill:rgb(0%,0%,0%);fill-opacity:1;">
  <use xlink:href="#glyph0-10" x="27.125" y="84.875"/>
</g>
<g style="fill:rgb(0%,0%,0%);fill-opacity:1;">
  <use xlink:href="#glyph0-10" x="19.492188" y="73.589844"/>
  <use xlink:href="#glyph0-5" x="24.582031" y="73.589844"/>
  <use xlink:href="#glyph0-6" x="27.125" y="73.589844"/>
</g>
<g style="fill:rgb(0%,0%,0%);fill-opacity:1;">
  <use xlink:href="#glyph0-11" x="27.125" y="62.308594"/>
</g>
<g style="fill:rgb(0%,0%,0%);fill-opacity:1;">
  <use xlink:href="#glyph0-11" x="19.492188" y="51.023438"/>
  <use xlink:href="#glyph0-5" x="24.582031" y="51.023438"/>
  <use xlink:href="#glyph0-6" x="27.125" y="51.023438"/>
</g>
<g style="fill:rgb(0%,0%,0%);fill-opacity:1;">
  <use xlink:href="#glyph0-2" x="22.035156" y="39.742188"/>
  <use xlink:href="#glyph0-1" x="27.125" y="39.742188"/>
</g>
<g style="fill:rgb(0%,0%,0%);fill-opacity:1;">
  <use xlink:href="#glyph2-1" x="12.883789" y="172.070312"/>
  <use xlink:href="#glyph2-2" x="12.883789" y="167.958984"/>
  <use xlink:href="#glyph2-3" x="12.883789" y="161.831055"/>
  <use xlink:href="#glyph2-4" x="12.883789" y="157.910156"/>
  <use xlink:href="#glyph2-5" x="12.883789" y="155.131836"/>
  <use xlink:href="#glyph2-6" x="12.883789" y="149.013672"/>
  <use xlink:href="#glyph2-7" x="12.883789" y="145.834961"/>
  <use xlink:href="#glyph2-8" x="12.883789" y="141.933594"/>
  <use xlink:href="#glyph2-9" x="12.883789" y="132.431641"/>
</g>
<g clip-path="url(#clip1)" clip-rule="nonzero">
<path style="fill:none;stroke-width:0.8;stroke-linecap:round;stroke-linejoin:round;stroke:rgb(100%,0%,0%);stroke-opacity:1;stroke-miterlimit:10;" d="M 125.714844 262.882812 L 125.714844 261.882812 "/>
</g>
<path style="fill:none;stroke-width:0.8;stroke-linecap:round;stroke-linejoin:round;stroke:rgb(100%,0%,0%);stroke-opacity:1;stroke-miterlimit:10;" d="M 227.539062 227.550781 L 227.539062 151.09375 "/>
<path style="fill:none;stroke-width:0.8;stroke-linecap:round;stroke-linejoin:round;stroke:rgb(100%,0%,0%);stroke-opacity:1;stroke-miterlimit:10;" d="M 329.363281 187.101562 L 329.363281 58.390625 "/>
<g clip-path="url(#clip2)" clip-rule="nonzero">
<path style=" stroke:none;fill-rule:nonzero;fill:rgb(100%,0%,0%);fill-opacity:1;" d="M 122.714844 259.882812 L 122.714844 265.882812 L 128.714844 265.882812 L 128.714844 259.882812 Z M 122.714844 259.882812 "/>
</g>
<g clip-path="url(#clip3)" clip-rule="nonzero">
<path style="fill:none;stroke-width:0.2;stroke-linecap:square;stroke-linejoin:miter;stroke:rgb(100%,0%,0%);stroke-opacity:1;stroke-miterlimit:10;" d="M -0.999781 -0.999627 L -0.999781 1.000373 L 1.000219 1.000373 L 1.000219 -0.999627 Z M -0.999781 -0.999627 " transform="matrix(3,0,0,3,125.714186,262.881693)"/>
</g>
<path style="fill-rule:nonzero;fill:rgb(100%,0%,0%);fill-opacity:1;stroke-width:0.2;stroke-linecap:square;stroke-linejoin:miter;stroke:rgb(100%,0%,0%);stroke-opacity:1;stroke-miterlimit:10;" d="M -0.999596 -1.000557 L -0.999596 0.999443 L 1.000404 0.999443 L 1.000404 -1.000557 Z M -0.999596 -1.000557 " transform="matrix(3,0,0,3,227.53785,227.552453)"/>
<path style="fill-rule:nonzero;fill:rgb(100%,0%,0%);fill-opacity:1;stroke-width:0.2;stroke-linecap:square;stroke-linejoin:miter;stroke:rgb(100%,0%,0%);stroke-opacity:1;stroke-miterlimit:10;" d="M -0.999411 -1.00048 L -0.999411 0.99952 L 1.000589 0.99952 L 1.000589 -1.00048 Z M -0.999411 -1.00048 " transform="matrix(3,0,0,3,329.361515,187.103002)"/>
<g clip-path="url(#clip4)" clip-rule="nonzero">
<path style=" stroke:none;fill-rule:nonzero;fill:rgb(100%,0%,0%);fill-opacity:1;" d="M 122.714844 258.882812 L 122.714844 264.882812 L 128.714844 264.882812 L 128.714844 258.882812 Z M 122.714844 258.882812 "/>
</g>
<g clip-path="url(#clip5)" clip-rule="nonzero">
<path style="fill:none;stroke-width:0.2;stroke-linecap:square;stroke-linejoin:miter;stroke:rgb(100%,0%,0%);stroke-opacity:1;stroke-miterlimit:10;" d="M -0.999781 -1.000449 L -0.999781 0.999551 L 1.000219 0.999551 L 1.000219 -1.000449 Z M -0.999781 -1.000449 " transform="matrix(3,0,0,3,125.714186,261.884161)"/>
</g>
<path style="fill-rule:nonzero;fill:rgb(100%,0%,0%);fill-opacity:1;stroke-width:0.2;stroke-linecap:square;stroke-linejoin:miter;stroke:rgb(100%,0%,0%);stroke-opacity:1;stroke-miterlimit:10;" d="M -0.999596 -1.00041 L -0.999596 0.99959 L 1.000404 0.99959 L 1.000404 -1.00041 Z M -0.999596 -1.00041 " transform="matrix(3,0,0,3,227.53785,151.094979)"/>
<path style="fill-rule:nonzero;fill:rgb(100%,0%,0%);fill-opacity:1;stroke-width:0.2;stroke-linecap:square;stroke-linejoin:miter;stroke:rgb(100%,0%,0%);stroke-opacity:1;stroke-miterlimit:10;" d="M -0.999411 -1.000552 L -0.999411 0.999448 L 1.000589 0.999448 L 1.000589 -1.000552 Z M -0.999411 -1.000552 " transform="matrix(3,0,0,3,329.361515,58.392282)"/>
<g clip-path="url(#clip6)" clip-rule="nonzero">
<path style=" stroke:none;fill-rule:nonzero;fill:rgb(100%,0%,0%);fill-opacity:1;" d="M 122.714844 259.882812 L 122.714844 265.882812 L 128.714844 265.882812 L 128.714844 259.882812 Z M 122.714844 259.882812 "/>
</g>
<g clip-path="url(#clip7)" clip-rule="nonzero">
<path style="fill:none;stroke-width:0.2;stroke-linecap:square;stroke-linejoin:miter;stroke:rgb(100%,0%,0%);stroke-opacity:1;stroke-miterlimit:10;" d="M -0.999781 -0.999627 L -0.999781 1.000373 L 1.000219 1.000373 L 1.000219 -0.999627 Z M -0.999781 -0.999627 " transform="matrix(3,0,0,3,125.714186,262.881693)"/>
</g>
<path style="fill-rule:nonzero;fill:rgb(100%,0%,0%);fill-opacity:1;stroke-width:0.2;stroke-linecap:square;stroke-linejoin:miter;stroke:rgb(100%,0%,0%);stroke-opacity:1;stroke-miterlimit:10;" d="M -0.999596 -1.000557 L -0.999596 0.999443 L 1.000404 0.999443 L 1.000404 -1.000557 Z M -0.999596 -1.000557 " transform="matrix(3,0,0,3,227.53785,227.552453)"/>
<path style="fill-rule:nonzero;fill:rgb(100%,0%,0%);fill-opacity:1;stroke-width:0.2;stroke-linecap:square;stroke-linejoin:miter;stroke:rgb(100%,0%,0%);stroke-opacity:1;stroke-miterlimit:10;" d="M -0.999411 -1.00048 L -0.999411 0.99952 L 1.000589 0.99952 L 1.000589 -1.00048 Z M -0.999411 -1.00048 " transform="matrix(3,0,0,3,329.361515,187.103002)"/>
<g clip-path="url(#clip8)" clip-rule="nonzero">
<path style=" stroke:none;fill-rule:nonzero;fill:rgb(100%,0%,0%);fill-opacity:1;" d="M 122.714844 258.882812 L 122.714844 264.882812 L 128.714844 264.882812 L 128.714844 258.882812 Z M 122.714844 258.882812 "/>
</g>
<g clip-path="url(#clip9)" clip-rule="nonzero">
<path style="fill:none;stroke-width:0.2;stroke-linecap:square;stroke-linejoin:miter;stroke:rgb(100%,0%,0%);stroke-opacity:1;stroke-miterlimit:10;" d="M -0.999781 -1.000449 L -0.999781 0.999551 L 1.000219 0.999551 L 1.000219 -1.000449 Z M -0.999781 -1.000449 " transform="matrix(3,0,0,3,125.714186,261.884161)"/>
</g>
<path style="fill-rule:nonzero;fill:rgb(100%,0%,0%);fill-opacity:1;stroke-width:0.2;stroke-linecap:square;stroke-linejoin:miter;stroke:rgb(100%,0%,0%);stroke-opacity:1;stroke-miterlimit:10;" d="M -0.999596 -1.00041 L -0.999596 0.99959 L 1.000404 0.99959 L 1.000404 -1.00041 Z M -0.999596 -1.00041 " transform="matrix(3,0,0,3,227.53785,151.094979)"/>
<path style="fill-rule:nonzero;fill:rgb(100%,0%,0%);fill-opacity:1;stroke-width:0.2;stroke-linecap:square;stroke-linejoin:miter;stroke:rgb(100%,0%,0%);stroke-opacity:1;stroke-miterlimit:10;" d="M -0.999411 -1.000552 L -0.999411 0.999448 L 1.000589 0.999448 L 1.000589 -1.000552 Z M -0.999411 -1.000552 " transform="matrix(3,0,0,3,329.361515,58.392282)"/>
<g clip-path="url(#clip10)" clip-rule="nonzero">
<path style=" stroke:none;fill-rule:nonzero;fill:rgb(100%,0%,0%);fill-opacity:1;" d="M 122.714844 259.882812 L 122.714844 265.882812 L 128.714844 265.882812 L 128.714844 259.882812 Z M 122.714844 259.882812 "/>
</g>
<g clip-path="url(#clip11)" clip-rule="nonzero">
<path style="fill:none;stroke-width:0.2;stroke-linecap:square;stroke-linejoin:miter;stroke:rgb(100%,0%,0%);stroke-opacity:1;stroke-miterlimit:10;" d="M -0.999781 -0.999627 L -0.999781 1.000373 L 1.000219 1.000373 L 1.000219 -0.999627 Z M -0.999781 -0.999627 " transform="matrix(3,0,0,3,125.714186,262.881693)"/>
</g>
<path style="fill-rule:nonzero;fill:rgb(100%,0%,0%);fill-opacity:1;stroke-width:0.2;stroke-linecap:square;stroke-linejoin:miter;stroke:rgb(100%,0%,0%);stroke-opacity:1;stroke-miterlimit:10;" d="M -0.999596 -1.000557 L -0.999596 0.999443 L 1.000404 0.999443 L 1.000404 -1.000557 Z M -0.999596 -1.000557 " transform="matrix(3,0,0,3,227.53785,227.552453)"/>
<path style="fill-rule:nonzero;fill:rgb(100%,0%,0%);fill-opacity:1;stroke-width:0.2;stroke-linecap:square;stroke-linejoin:miter;stroke:rgb(100%,0%,0%);stroke-opacity:1;stroke-miterlimit:10;" d="M -0.999411 -1.00048 L -0.999411 0.99952 L 1.000589 0.99952 L 1.000589 -1.00048 Z M -0.999411 -1.00048 " transform="matrix(3,0,0,3,329.361515,187.103002)"/>
<g clip-path="url(#clip12)" clip-rule="nonzero">
<path style=" stroke:none;fill-rule:nonzero;fill:rgb(100%,0%,0%);fill-opacity:1;" d="M 122.714844 258.882812 L 122.714844 264.882812 L 128.714844 264.882812 L 128.714844 258.882812 Z M 122.714844 258.882812 "/>
</g>
<g clip-path="url(#clip13)" clip-rule="nonzero">
<path style="fill:none;stroke-width:0.2;stroke-linecap:square;stroke-linejoin:miter;stroke:rgb(100%,0%,0%);stroke-opacity:1;stroke-miterlimit:10;" d="M -0.999781 -1.000449 L -0.999781 0.999551 L 1.000219 0.999551 L 1.000219 -1.000449 Z M -0.999781 -1.000449 " transform="matrix(3,0,0,3,125.714186,261.884161)"/>
</g>
<path style="fill-rule:nonzero;fill:rgb(100%,0%,0%);fill-opacity:1;stroke-width:0.2;stroke-linecap:square;stroke-linejoin:miter;stroke:rgb(100%,0%,0%);stroke-opacity:1;stroke-miterlimit:10;" d="M -0.999596 -1.00041 L -0.999596 0.99959 L 1.000404 0.99959 L 1.000404 -1.00041 Z M -0.999596 -1.00041 " transform="matrix(3,0,0,3,227.53785,151.094979)"/>
<path style="fill-rule:nonzero;fill:rgb(100%,0%,0%);fill-opacity:1;stroke-width:0.2;stroke-linecap:square;stroke-linejoin:miter;stroke:rgb(100%,0%,0%);stroke-opacity:1;stroke-miterlimit:10;" d="M -0.999411 -1.000552 L -0.999411 0.999448 L 1.000589 0.999448 L 1.000589 -1.000552 Z M -0.999411 -1.000552 " transform="matrix(3,0,0,3,329.361515,58.392282)"/>
<path style="fill:none;stroke-width:0.8;stroke-linecap:round;stroke-linejoin:miter;stroke:rgb(0%,0%,50.196078%);stroke-opacity:1;stroke-miterlimit:10;" d="M 154.808594 260.910156 L 154.808594 239.9375 "/>
<path style="fill:none;stroke-width:0.8;stroke-linecap:round;stroke-linejoin:miter;stroke:rgb(0%,0%,50.196078%);stroke-opacity:1;stroke-miterlimit:10;" d="M 256.628906 215.921875 L 256.628906 151.09375 "/>
<path style="fill:none;stroke-width:0.8;stroke-linecap:round;stroke-linejoin:miter;stroke:rgb(0%,0%,50.196078%);stroke-opacity:1;stroke-miterlimit:10;" d="M 358.453125 173.933594 L 358.453125 55.15625 "/>
<g clip-path="url(#clip14)" clip-rule="nonzero">
<path style=" stroke:none;fill-rule:nonzero;fill:rgb(0%,0%,50.196078%);fill-opacity:1;" d="M 154.808594 257.410156 L 158.308594 264.410156 L 151.308594 264.410156 Z M 154.808594 257.410156 "/>
</g>
<g clip-path="url(#clip15)" clip-rule="nonzero">
<path style="fill:none;stroke-width:0.2;stroke-linecap:square;stroke-linejoin:miter;stroke:rgb(0%,0%,50.196078%);stroke-opacity:1;stroke-miterlimit:10;" d="M 0.000552163 -0.999629 L 1.000552 1.000371 L -0.999448 1.000371 Z M 0.000552163 -0.999629 " transform="matrix(3.5,0,0,3.5,154.806661,260.908859)"/>
</g>
<path style="fill-rule:nonzero;fill:rgb(0%,0%,50.196078%);fill-opacity:1;stroke-width:0.2;stroke-linecap:square;stroke-linejoin:miter;stroke:rgb(0%,0%,50.196078%);stroke-opacity:1;stroke-miterlimit:10;" d="M -0.000405611 -0.99951 L 0.999594 1.00049 L -1.000406 1.00049 Z M -0.000405611 -0.99951 " transform="matrix(3.5,0,0,3.5,256.630326,215.920161)"/>
<path style="fill-rule:nonzero;fill:rgb(0%,0%,50.196078%);fill-opacity:1;stroke-width:0.2;stroke-linecap:square;stroke-linejoin:miter;stroke:rgb(0%,0%,50.196078%);stroke-opacity:1;stroke-miterlimit:10;" d="M -0.000247314 -1.00043 L 0.999753 0.99957 L -1.000247 0.99957 Z M -0.000247314 -1.00043 " transform="matrix(3.5,0,0,3.5,358.453991,173.935097)"/>
<path style="fill-rule:nonzero;fill:rgb(0%,0%,50.196078%);fill-opacity:1;stroke-width:0.2;stroke-linecap:square;stroke-linejoin:miter;stroke:rgb(0%,0%,50.196078%);stroke-opacity:1;stroke-miterlimit:10;" d="M 0.000552163 -1.000077 L 1.000552 0.999923 L -0.999448 0.999923 Z M 0.000552163 -1.000077 " transform="matrix(3.5,0,0,3.5,154.806661,239.937771)"/>
<path style="fill-rule:nonzero;fill:rgb(0%,0%,50.196078%);fill-opacity:1;stroke-width:0.2;stroke-linecap:square;stroke-linejoin:miter;stroke:rgb(0%,0%,50.196078%);stroke-opacity:1;stroke-miterlimit:10;" d="M -0.000405611 -1.000351 L 0.999594 0.999649 L -1.000406 0.999649 Z M -0.000405611 -1.000351 " transform="matrix(3.5,0,0,3.5,256.630326,151.094979)"/>
<path style="fill-rule:nonzero;fill:rgb(0%,0%,50.196078%);fill-opacity:1;stroke-width:0.2;stroke-linecap:square;stroke-linejoin:miter;stroke:rgb(0%,0%,50.196078%);stroke-opacity:1;stroke-miterlimit:10;" d="M -0.000247314 -1.000086 L 0.999753 0.999914 L -1.000247 0.999914 Z M -0.000247314 -1.000086 " transform="matrix(3.5,0,0,3.5,358.453991,55.156552)"/>
<g clip-path="url(#clip16)" clip-rule="nonzero">
<path style=" stroke:none;fill-rule:nonzero;fill:rgb(0%,0%,50.196078%);fill-opacity:1;" d="M 154.808594 257.410156 L 158.308594 264.410156 L 151.308594 264.410156 Z M 154.808594 257.410156 "/>
</g>
<g clip-path="url(#clip17)" clip-rule="nonzero">
<path style="fill:none;stroke-width:0.2;stroke-linecap:square;stroke-linejoin:miter;stroke:rgb(0%,0%,50.196078%);stroke-opacity:1;stroke-miterlimit:10;" d="M 0.000552163 -0.999629 L 1.000552 1.000371 L -0.999448 1.000371 Z M 0.000552163 -0.999629 " transform="matrix(3.5,0,0,3.5,154.806661,260.908859)"/>
</g>
<path style="fill-rule:nonzero;fill:rgb(0%,0%,50.196078%);fill-opacity:1;stroke-width:0.2;stroke-linecap:square;stroke-linejoin:miter;stroke:rgb(0%,0%,50.196078%);stroke-opacity:1;stroke-miterlimit:10;" d="M -0.000405611 -0.99951 L 0.999594 1.00049 L -1.000406 1.00049 Z M -0.000405611 -0.99951 " transform="matrix(3.5,0,0,3.5,256.630326,215.920161)"/>
<path style="fill-rule:nonzero;fill:rgb(0%,0%,50.196078%);fill-opacity:1;stroke-width:0.2;stroke-linecap:square;stroke-linejoin:miter;stroke:rgb(0%,0%,50.196078%);stroke-opacity:1;stroke-miterlimit:10;" d="M -0.000247314 -1.00043 L 0.999753 0.99957 L -1.000247 0.99957 Z M -0.000247314 -1.00043 " transform="matrix(3.5,0,0,3.5,358.453991,173.935097)"/>
<path style="fill-rule:nonzero;fill:rgb(0%,0%,50.196078%);fill-opacity:1;stroke-width:0.2;stroke-linecap:square;stroke-linejoin:miter;stroke:rgb(0%,0%,50.196078%);stroke-opacity:1;stroke-miterlimit:10;" d="M 0.000552163 -1.000077 L 1.000552 0.999923 L -0.999448 0.999923 Z M 0.000552163 -1.000077 " transform="matrix(3.5,0,0,3.5,154.806661,239.937771)"/>
<path style="fill-rule:nonzero;fill:rgb(0%,0%,50.196078%);fill-opacity:1;stroke-width:0.2;stroke-linecap:square;stroke-linejoin:miter;stroke:rgb(0%,0%,50.196078%);stroke-opacity:1;stroke-miterlimit:10;" d="M -0.000405611 -1.000351 L 0.999594 0.999649 L -1.000406 0.999649 Z M -0.000405611 -1.000351 " transform="matrix(3.5,0,0,3.5,256.630326,151.094979)"/>
<path style="fill-rule:nonzero;fill:rgb(0%,0%,50.196078%);fill-opacity:1;stroke-width:0.2;stroke-linecap:square;stroke-linejoin:miter;stroke:rgb(0%,0%,50.196078%);stroke-opacity:1;stroke-miterlimit:10;" d="M -0.000247314 -1.000086 L 0.999753 0.999914 L -1.000247 0.999914 Z M -0.000247314 -1.000086 " transform="matrix(3.5,0,0,3.5,358.453991,55.156552)"/>
<g clip-path="url(#clip18)" clip-rule="nonzero">
<path style=" stroke:none;fill-rule:nonzero;fill:rgb(0%,0%,50.196078%);fill-opacity:1;" d="M 154.808594 257.410156 L 158.308594 264.410156 L 151.308594 264.410156 Z M 154.808594 257.410156 "/>
</g>
<g clip-path="url(#clip19)" clip-rule="nonzero">
<path style="fill:none;stroke-width:0.2;stroke-linecap:square;stroke-linejoin:miter;stroke:rgb(0%,0%,50.196078%);stroke-opacity:1;stroke-miterlimit:10;" d="M 0.000552163 -0.999629 L 1.000552 1.000371 L -0.999448 1.000371 Z M 0.000552163 -0.999629 " transform="matrix(3.5,0,0,3.5,154.806661,260.908859)"/>
</g>
<path style="fill-rule:nonzero;fill:rgb(0%,0%,50.196078%);fill-opacity:1;stroke-width:0.2;stroke-linecap:square;stroke-linejoin:miter;stroke:rgb(0%,0%,50.196078%);stroke-opacity:1;stroke-miterlimit:10;" d="M -0.000405611 -0.99951 L 0.999594 1.00049 L -1.000406 1.00049 Z M -0.000405611 -0.99951 " transform="matrix(3.5,0,0,3.5,256.630326,215.920161)"/>
<path style="fill-rule:nonzero;fill:rgb(0%,0%,50.196078%);fill-opacity:1;stroke-width:0.2;stroke-linecap:square;stroke-linejoin:miter;stroke:rgb(0%,0%,50.196078%);stroke-opacity:1;stroke-miterlimit:10;" d="M -0.000247314 -1.00043 L 0.999753 0.99957 L -1.000247 0.99957 Z M -0.000247314 -1.00043 " transform="matrix(3.5,0,0,3.5,358.453991,173.935097)"/>
<path style="fill-rule:nonzero;fill:rgb(0%,0%,50.196078%);fill-opacity:1;stroke-width:0.2;stroke-linecap:square;stroke-linejoin:miter;stroke:rgb(0%,0%,50.196078%);stroke-opacity:1;stroke-miterlimit:10;" d="M 0.000552163 -1.000077 L 1.000552 0.999923 L -0.999448 0.999923 Z M 0.000552163 -1.000077 " transform="matrix(3.5,0,0,3.5,154.806661,239.937771)"/>
<path style="fill-rule:nonzero;fill:rgb(0%,0%,50.196078%);fill-opacity:1;stroke-width:0.2;stroke-linecap:square;stroke-linejoin:miter;stroke:rgb(0%,0%,50.196078%);stroke-opacity:1;stroke-miterlimit:10;" d="M -0.000405611 -1.000351 L 0.999594 0.999649 L -1.000406 0.999649 Z M -0.000405611 -1.000351 " transform="matrix(3.5,0,0,3.5,256.630326,151.094979)"/>
<path style="fill-rule:nonzero;fill:rgb(0%,0%,50.196078%);fill-opacity:1;stroke-width:0.2;stroke-linecap:square;stroke-linejoin:miter;stroke:rgb(0%,0%,50.196078%);stroke-opacity:1;stroke-miterlimit:10;" d="M -0.000247314 -1.000086 L 0.999753 0.999914 L -1.000247 0.999914 Z M -0.000247314 -1.000086 " transform="matrix(3.5,0,0,3.5,358.453991,55.156552)"/>
<path style="fill-rule:nonzero;fill:rgb(50.196078%,0%,0%);fill-opacity:1;stroke-width:0.2;stroke-linecap:square;stroke-linejoin:miter;stroke:rgb(50.196078%,0%,0%);stroke-opacity:1;stroke-miterlimit:10;" d="M 0.999599 -0.000417404 C 0.999599 0.559478 0.559494 0.999583 -0.000401352 0.999583 C -0.560297 0.999583 -1.000401 0.559478 -1.000401 -0.000417404 C -1.000401 -0.560313 -0.560297 -1.000417 -0.000401352 -1.000417 C 0.559494 -1.000417 0.999599 -0.560313 0.999599 -0.000417404 Z M 0.999599 -0.000417404 " transform="matrix(3,0,0,3,126.00511,258.438752)"/>
<path style="fill-rule:nonzero;fill:rgb(50.196078%,0%,0%);fill-opacity:1;stroke-width:0.2;stroke-linecap:square;stroke-linejoin:miter;stroke:rgb(50.196078%,0%,0%);stroke-opacity:1;stroke-miterlimit:10;" d="M 0.999783 -0.000413114 C 0.999783 0.559483 0.559679 0.999587 -0.000216671 0.999587 C -0.560113 0.999587 -1.000217 0.559483 -1.000217 -0.000413114 C -1.000217 -0.560309 -0.560113 -1.000413 -0.000216671 -1.000413 C 0.559679 -1.000413 0.999783 -0.560309 0.999783 -0.000413114 Z M 0.999783 -0.000413114 " transform="matrix(3,0,0,3,227.828775,205.954364)"/>
<path style="fill-rule:nonzero;fill:rgb(50.196078%,0%,0%);fill-opacity:1;stroke-width:0.2;stroke-linecap:square;stroke-linejoin:miter;stroke:rgb(50.196078%,0%,0%);stroke-opacity:1;stroke-miterlimit:10;" d="M 0.999968 0.000000462641 C 0.999968 0.559896 0.559864 1 -0.0000319911 1 C -0.559928 1 -1.000032 0.559896 -1.000032 0.000000462641 C -1.000032 -0.559895 -0.559928 -1 -0.0000319911 -1 C 0.559864 -1 0.999968 -0.559895 0.999968 0.000000462641 Z M 0.999968 0.000000462641 " transform="matrix(3,0,0,3,329.65244,121.265624)"/>
<path style="fill-rule:nonzero;fill:rgb(0%,20%,40%);fill-opacity:1;stroke-width:0.2;stroke-linecap:square;stroke-linejoin:miter;stroke:rgb(0%,20%,40%);stroke-opacity:1;stroke-miterlimit:10;" d="M -0.999737 -0.199978 L 1.000263 -0.199978 L 1.000263 0.200196 L -0.999737 0.200196 Z M -0.999737 -0.199978 " transform="matrix(4.5,0,0,4.5,155.533973,249.392088)"/>
<path style="fill-rule:nonzero;fill:rgb(0%,20%,40%);fill-opacity:1;stroke-width:0.2;stroke-linecap:square;stroke-linejoin:miter;stroke:rgb(0%,20%,40%);stroke-opacity:1;stroke-miterlimit:10;" d="M -0.999614 -0.199635 L 1.000386 -0.199635 L 1.000386 0.199671 L -0.999614 0.199671 Z M -0.999614 -0.199635 " transform="matrix(4.5,0,0,4.5,257.357638,188.960856)"/>
<path style="fill-rule:nonzero;fill:rgb(0%,20%,40%);fill-opacity:1;stroke-width:0.2;stroke-linecap:square;stroke-linejoin:miter;stroke:rgb(0%,20%,40%);stroke-opacity:1;stroke-miterlimit:10;" d="M -1.000359 -0.199857 L 0.999641 -0.199857 L 0.999641 0.200317 L -1.000359 0.200317 Z M -1.000359 -0.199857 " transform="matrix(4.5,0,0,4.5,359.181302,109.907169)"/>
<path style="fill-rule:nonzero;fill:rgb(100%,100%,100%);fill-opacity:1;stroke-width:0.5;stroke-linecap:round;stroke-linejoin:miter;stroke:rgb(0%,0%,0%);stroke-opacity:1;stroke-miterlimit:10;" d="M 45.441406 41.492188 L 148.613281 41.492188 L 148.613281 88.328125 L 45.441406 88.328125 Z M 45.441406 41.492188 "/>
<g clip-path="url(#clip20)" clip-rule="nonzero">
<path style="fill:none;stroke-width:0.8;stroke-linecap:round;stroke-linejoin:miter;stroke:rgb(100%,0%,0%);stroke-opacity:1;stroke-miterlimit:10;" d="M 49.636719 50.191406 L 80.835938 50.191406 "/>
</g>
<path style="fill-rule:nonzero;fill:rgb(100%,0%,0%);fill-opacity:1;stroke-width:0.2;stroke-linecap:square;stroke-linejoin:miter;stroke:rgb(100%,0%,0%);stroke-opacity:1;stroke-miterlimit:10;" d="M -1.000324 -1.000066 L -1.000324 0.999934 L 0.999676 0.999934 L 0.999676 -1.000066 Z M -1.000324 -1.000066 " transform="matrix(2.5,0,0,2.5,65.235186,50.191571)"/>
<g style="fill:rgb(0%,0%,0%);fill-opacity:1;">
  <use xlink:href="#glyph0-12" x="85.234375" y="52.710938"/>
  <use xlink:href="#glyph0-13" x="90.058594" y="52.710938"/>
  <use xlink:href="#glyph0-14" x="94.515625" y="52.710938"/>
</g>
<g clip-path="url(#clip21)" clip-rule="nonzero">
<path style="fill:none;stroke-width:0.8;stroke-linecap:round;stroke-linejoin:miter;stroke:rgb(0%,0%,50.196078%);stroke-opacity:1;stroke-miterlimit:10;" d="M 49.636719 60.003906 L 80.835938 60.003906 "/>
</g>
<path style="fill-rule:nonzero;fill:rgb(0%,0%,50.196078%);fill-opacity:1;stroke-width:0.2;stroke-linecap:square;stroke-linejoin:miter;stroke:rgb(0%,0%,50.196078%);stroke-opacity:1;stroke-miterlimit:10;" d="M -0.000270399 -1.000055 L 0.99973 0.999945 L -1.00027 0.999945 Z M -0.000270399 -1.000055 " transform="matrix(3,0,0,3,65.235186,60.004071)"/>
<g style="fill:rgb(0%,0%,0%);fill-opacity:1;">
  <use xlink:href="#glyph0-15" x="85.234375" y="62.523438"/>
  <use xlink:href="#glyph0-14" x="93.144531" y="62.523438"/>
  <use xlink:href="#glyph0-13" x="98.222656" y="62.523438"/>
  <use xlink:href="#glyph0-14" x="102.679688" y="62.523438"/>
</g>
<path style="fill-rule:nonzero;fill:rgb(50.196078%,0%,0%);fill-opacity:1;stroke-width:0.2;stroke-linecap:square;stroke-linejoin:miter;stroke:rgb(50.196078%,0%,0%);stroke-opacity:1;stroke-miterlimit:10;" d="M 0.999676 -0.0000658401 C 0.999676 0.559309 0.560613 0.999934 -0.000324479 0.999934 C -0.559699 0.999934 -1.000324 0.559309 -1.000324 -0.0000658401 C -1.000324 -0.559441 -0.559699 -1.000066 -0.000324479 -1.000066 C 0.560613 -1.000066 0.999676 -0.559441 0.999676 -0.0000658401 Z M 0.999676 -0.0000658401 " transform="matrix(2.5,0,0,2.5,65.235186,69.816571)"/>
<g style="fill:rgb(0%,0%,0%);fill-opacity:1;">
  <use xlink:href="#glyph0-16" x="85.234375" y="72.335938"/>
  <use xlink:href="#glyph0-17" x="92.136719" y="72.335938"/>
  <use xlink:href="#glyph0-18" x="97.058594" y="72.335938"/>
  <use xlink:href="#glyph0-19" x="102.136719" y="72.335938"/>
  <use xlink:href="#glyph0-20" x="104.359375" y="72.335938"/>
  <use xlink:href="#glyph0-21" x="109.261719" y="72.335938"/>
  <use xlink:href="#glyph0-22" x="114.332031" y="72.335938"/>
  <use xlink:href="#glyph0-23" x="119.253906" y="72.335938"/>
  <use xlink:href="#glyph0-12" x="121.796875" y="72.335938"/>
  <use xlink:href="#glyph0-13" x="126.621094" y="72.335938"/>
  <use xlink:href="#glyph0-14" x="131.078125" y="72.335938"/>
</g>
<path style="fill-rule:nonzero;fill:rgb(0%,20%,40%);fill-opacity:1;stroke-width:0.2;stroke-linecap:square;stroke-linejoin:miter;stroke:rgb(0%,20%,40%);stroke-opacity:1;stroke-miterlimit:10;" d="M -1.000232 -0.199824 L 0.999768 -0.199824 L 0.999768 0.19973 L -1.000232 0.19973 Z M -1.000232 -0.199824 " transform="matrix(3.5,0,0,3.5,65.235186,79.629071)"/>
<g style="fill:rgb(0%,0%,0%);fill-opacity:1;">
  <use xlink:href="#glyph0-16" x="85.234375" y="82.148438"/>
  <use xlink:href="#glyph0-17" x="92.136719" y="82.148438"/>
  <use xlink:href="#glyph0-18" x="97.058594" y="82.148438"/>
  <use xlink:href="#glyph0-19" x="102.136719" y="82.148438"/>
  <use xlink:href="#glyph0-20" x="104.359375" y="82.148438"/>
  <use xlink:href="#glyph0-21" x="109.261719" y="82.148438"/>
  <use xlink:href="#glyph0-22" x="114.332031" y="82.148438"/>
  <use xlink:href="#glyph0-23" x="119.253906" y="82.148438"/>
  <use xlink:href="#glyph0-15" x="121.796875" y="82.148438"/>
  <use xlink:href="#glyph0-14" x="129.707031" y="82.148438"/>
  <use xlink:href="#glyph0-13" x="134.785156" y="82.148438"/>
  <use xlink:href="#glyph0-14" x="139.242188" y="82.148438"/>
</g>
<g style="fill:rgb(0%,0%,0%);fill-opacity:1;">
  <use xlink:href="#glyph1-11" x="81.179688" y="18.024414"/>
  <use xlink:href="#glyph1-6" x="89.807617" y="18.024414"/>
  <use xlink:href="#glyph1-7" x="92.585938" y="18.024414"/>
  <use xlink:href="#glyph1-12" x="98.923828" y="18.024414"/>
  <use xlink:href="#glyph1-11" x="102.532227" y="18.024414"/>
  <use xlink:href="#glyph1-9" x="111.160156" y="18.024414"/>
  <use xlink:href="#glyph1-13" x="117.288086" y="18.024414"/>
  <use xlink:href="#glyph1-5" x="123.206055" y="18.024414"/>
  <use xlink:href="#glyph1-14" x="126.384766" y="18.024414"/>
  <use xlink:href="#glyph1-6" x="134.563477" y="18.024414"/>
  <use xlink:href="#glyph1-1" x="137.341797" y="18.024414"/>
  <use xlink:href="#glyph1-15" x="141.262695" y="18.024414"/>
  <use xlink:href="#glyph1-5" x="147.600586" y="18.024414"/>
  <use xlink:href="#glyph1-16" x="150.779297" y="18.024414"/>
  <use xlink:href="#glyph1-17" x="157.620117" y="18.024414"/>
  <use xlink:href="#glyph1-5" x="160.798828" y="18.024414"/>
  <use xlink:href="#glyph1-18" x="163.977539" y="18.024414"/>
  <use xlink:href="#glyph1-5" x="170.959961" y="18.024414"/>
  <use xlink:href="#glyph1-9" x="174.138672" y="18.024414"/>
  <use xlink:href="#glyph1-7" x="180.266602" y="18.024414"/>
  <use xlink:href="#glyph1-19" x="186.604492" y="18.024414"/>
  <use xlink:href="#glyph1-5" x="192.952148" y="18.024414"/>
  <use xlink:href="#glyph1-20" x="196.130859" y="18.024414"/>
  <use xlink:href="#glyph1-5" x="203.831055" y="18.024414"/>
  <use xlink:href="#glyph1-6" x="207.009766" y="18.024414"/>
  <use xlink:href="#glyph1-7" x="209.788086" y="18.024414"/>
  <use xlink:href="#glyph1-8" x="216.125977" y="18.024414"/>
  <use xlink:href="#glyph1-1" x="221.335938" y="18.024414"/>
  <use xlink:href="#glyph1-9" x="225.256836" y="18.024414"/>
  <use xlink:href="#glyph1-7" x="231.384766" y="18.024414"/>
  <use xlink:href="#glyph1-10" x="237.722656" y="18.024414"/>
  <use xlink:href="#glyph1-4" x="243.220703" y="18.024414"/>
  <use xlink:href="#glyph1-8" x="249.373047" y="18.024414"/>
  <use xlink:href="#glyph1-5" x="254.583008" y="18.024414"/>
  <use xlink:href="#glyph1-21" x="257.761719" y="18.024414"/>
  <use xlink:href="#glyph1-22" x="261.663086" y="18.024414"/>
  <use xlink:href="#glyph1-23" x="268.025391" y="18.024414"/>
  <use xlink:href="#glyph1-23" x="274.387695" y="18.024414"/>
  <use xlink:href="#glyph1-5" x="280.75" y="18.024414"/>
  <use xlink:href="#glyph1-6" x="283.928711" y="18.024414"/>
  <use xlink:href="#glyph1-1" x="286.707031" y="18.024414"/>
  <use xlink:href="#glyph1-4" x="290.62793" y="18.024414"/>
  <use xlink:href="#glyph1-24" x="296.780273" y="18.024414"/>
  <use xlink:href="#glyph1-8" x="306.521484" y="18.024414"/>
  <use xlink:href="#glyph1-25" x="311.731445" y="18.024414"/>
</g>
</g>
</svg>
