n 500
c  w 
i 362 	 3235 	 2060 	 3001
i 924 	 1241 	 4227 	 2199
i 493 	 1384 	 4531 	 2147
i 599 	 2886 	 4431 	 4315
i 15 	 4152 	 2543 	 3782
i 1994 	 1416 	 275 	 3699
i 1131 	 2190 	 2270 	 3045
i 560 	 3519 	 3470 	 2305
i 700 	 530 	 306 	 4060
i 703 	 4524 	 1259 	 2989
i 362 	 790 	 137 	 2400
i 1466 	 4558 	 1716 	 3701
i 1483 	 4250 	 2484 	 3696
i 265 	 2750 	 2396 	 3488
i 1971 	 4656 	 1534 	 1335
i 1269 	 4994 	 3630 	 4921
i 208 	 3927 	 3981 	 2276
i 1380 	 240 	 266 	 4351
i 407 	 393 	 1752 	 4679
i 1977 	 3459 	 3380 	 3653
i 1083 	 864 	 2350 	 3367
i 1441 	 4736 	 1856 	 3534
i 1757 	 3381 	 4859 	 2569
i 1349 	 3490 	 2490 	 3891
i 966 	 1471 	 1167 	 871
i 679 	 1424 	 222 	 2714
i 722 	 1965 	 2393 	 1751
i 168 	 774 	 405 	 3125
i 650 	 2745 	 1493 	 233
i 991 	 3339 	 3758 	 1875
i 687 	 3618 	 4434 	 97
i 842 	 1925 	 3978 	 4518
i 1354 	 146 	 389 	 89
i 623 	 602 	 2793 	 3359
i 1022 	 186 	 110 	 2973
i 378 	 505 	 1098 	 2569
i 1295 	 2582 	 2793 	 723
i 367 	 1552 	 2589 	 2632
i 66 	 2023 	 2720 	 2270
i 1575 	 1699 	 1788 	 2325
i 733 	 2168 	 2404 	 3386
i 1103 	 198 	 1746 	 318
i 148 	 1847 	 3282 	 1316
i 936 	 4370 	 3875 	 584
i 779 	 1669 	 1298 	 2864
i 1284 	 3877 	 497 	 3372
i 358 	 3207 	 643 	 4830
i 1958 	 2422 	 2155 	 1732
i 1832 	 4550 	 119 	 2341
i 1895 	 1856 	 2650 	 114
i 1476 	 932 	 1420 	 1036
i 119 	 296 	 1611 	 2246
i 781 	 2899 	 111 	 167
i 709 	 599 	 3530 	 2668
i 1518 	 4164 	 2498 	 3693
i 633 	 4643 	 426 	 1167
i 1677 	 535 	 3499 	 3933
i 951 	 1150 	 4037 	 1075
i 828 	 457 	 2102 	 2367
i 295 	 3703 	 4604 	 2689
i 639 	 4705 	 2846 	 3370
i 119 	 1377 	 1038 	 4091
i 214 	 3526 	 2785 	 2118
i 1267 	 3201 	 3275 	 2365
i 1490 	 1775 	 1298 	 1109
i 1165 	 335 	 2174 	 4979
i 311 	 4266 	 2346 	 1516
i 1187 	 1950 	 4196 	 4563
i 661 	 2042 	 2933 	 1950
i 1363 	 3962 	 1041 	 3941
i 994 	 3817 	 1060 	 660
i 806 	 4325 	 3015 	 745
i 439 	 4304 	 1844 	 4007
i 1851 	 4009 	 3986 	 413
i 1309 	 1332 	 1920 	 1245
i 1308 	 1116 	 809 	 4919
i 1258 	 3733 	 1869 	 1559
i 1077 	 2901 	 501 	 184
i 686 	 1551 	 835 	 3727
i 349 	 3841 	 4463 	 1968
i 1257 	 1307 	 976 	 2775
i 125 	 4952 	 3179 	 3583
i 512 	 99 	 4819 	 4548
i 480 	 628 	 4468 	 4344
i 1740 	 1338 	 904 	 2047
i 1691 	 1395 	 2222 	 948
i 1173 	 3047 	 4666 	 3804
i 754 	 4129 	 772 	 33
i 173 	 1738 	 2799 	 744
i 675 	 978 	 4317 	 2967
i 425 	 4136 	 2516 	 2263
i 1902 	 1984 	 1608 	 4106
i 1324 	 2502 	 1153 	 2542
i 1554 	 3366 	 3481 	 1824
i 563 	 3147 	 628 	 3291
i 909 	 1391 	 3315 	 2703
i 1247 	 1115 	 3438 	 4802
i 832 	 2756 	 2769 	 3141
i 755 	 285 	 404 	 1648
i 903 	 2003 	 755 	 572
i 1798 	 1899 	 3105 	 3383
i 104 	 1586 	 208 	 1668
i 1889 	 827 	 4950 	 1999
i 882 	 3266 	 4693 	 329
i 1748 	 3132 	 132 	 1454
i 353 	 2891 	 4585 	 2771
i 1266 	 4980 	 4409 	 428
i 792 	 164 	 990 	 1479
i 820 	 4086 	 4852 	 2308
i 267 	 60 	 3967 	 395
i 349 	 3917 	 2385 	 3077
i 872 	 2079 	 3396 	 1554
i 82 	 3518 	 2999 	 1089
i 562 	 2585 	 3850 	 4568
i 1025 	 3260 	 4986 	 4539
i 1365 	 977 	 1018 	 468
i 23 	 871 	 2766 	 726
i 367 	 1734 	 1112 	 1790
i 259 	 3488 	 4857 	 2825
i 225 	 3254 	 4370 	 769
i 707 	 2370 	 1849 	 3173
i 1978 	 699 	 2741 	 2511
i 1579 	 2728 	 2051 	 2364
i 1477 	 3060 	 2822 	 3749
i 1568 	 589 	 4465 	 4833
i 924 	 577 	 1624 	 2955
i 1621 	 1481 	 781 	 4613
i 1890 	 151 	 382 	 1498
i 1003 	 2221 	 4662 	 2457
i 1163 	 2404 	 4959 	 1861
i 50 	 2010 	 4216 	 3818
i 26 	 2039 	 2567 	 3982
i 1046 	 2032 	 3816 	 4922
i 1039 	 440 	 2877 	 1655
i 763 	 3648 	 1268 	 1637
i 1515 	 1641 	 3126 	 1302
i 1540 	 2788 	 3750 	 1765
i 75 	 3710 	 3617 	 314
i 286 	 2833 	 4122 	 782
i 1945 	 1690 	 4754 	 2481
i 1484 	 3570 	 2403 	 1313
i 1600 	 281 	 2958 	 913
i 1567 	 4217 	 2540 	 2710
i 342 	 667 	 4003 	 4703
i 1377 	 2753 	 1468 	 3628
i 584 	 85 	 3932 	 2175
i 1163 	 3055 	 2947 	 2772
i 1894 	 2701 	 253 	 3448
i 507 	 2647 	 4751 	 273
i 1166 	 2710 	 1177 	 1838
i 770 	 3708 	 4538 	 2778
i 1745 	 3541 	 2481 	 2810
i 516 	 3939 	 1438 	 2749
i 1605 	 371 	 4914 	 1925
i 1366 	 2862 	 4687 	 3153
i 223 	 4931 	 1602 	 1826
i 1030 	 1354 	 2090 	 497
i 1621 	 3257 	 2325 	 983
i 784 	 1864 	 3751 	 1330
i 160 	 1233 	 4131 	 1691
i 67 	 570 	 4431 	 4178
i 371 	 4346 	 1103 	 4339
i 882 	 791 	 2492 	 2762
i 287 	 4084 	 4578 	 3291
i 173 	 1669 	 3778 	 4484
i 1966 	 1104 	 467 	 1882
i 1182 	 4209 	 3202 	 3354
i 175 	 2334 	 46 	 605
i 1156 	 4467 	 4773 	 3816
i 1525 	 877 	 3155 	 1022
i 661 	 648 	 3775 	 2370
i 1889 	 3354 	 662 	 162
i 7 	 4430 	 4636 	 4929
i 212 	 103 	 1812 	 3483
i 1721 	 14 	 1837 	 4736
i 934 	 1873 	 341 	 233
i 535 	 115 	 4039 	 155
i 391 	 2194 	 1168 	 2630
i 1132 	 4933 	 4991 	 2556
i 1314 	 653 	 2708 	 3301
i 31 	 2344 	 3231 	 609
i 974 	 43 	 4082 	 1741
i 17 	 920 	 1478 	 2376
i 1112 	 1809 	 2600 	 4115
i 764 	 1639 	 4260 	 2887
i 1529 	 429 	 518 	 1657
i 143 	 510 	 4203 	 3641
i 460 	 1911 	 1942 	 1228
i 1697 	 174 	 1828 	 1684
i 81 	 910 	 3415 	 245
i 727 	 4883 	 2612 	 4594
i 676 	 212 	 3709 	 3598
i 735 	 2970 	 1486 	 666
i 1355 	 1994 	 2313 	 3742
i 996 	 1517 	 2384 	 3638
i 1366 	 4317 	 4857 	 2664
i 1792 	 1685 	 4338 	 4679
i 1033 	 2754 	 4915 	 4396
i 1054 	 2528 	 3991 	 4321
i 1091 	 2700 	 2920 	 4563
i 266 	 4396 	 229 	 4050
i 555 	 2533 	 2793 	 3876
i 1615 	 178 	 2515 	 2459
i 1794 	 2372 	 123 	 3967
i 1618 	 4451 	 3646 	 1634
i 881 	 3562 	 1031 	 4834
i 434 	 22 	 4155 	 3811
i 1084 	 2076 	 3374 	 3374
i 587 	 3594 	 2425 	 2854
i 449 	 219 	 1731 	 169
i 153 	 4236 	 2618 	 4863
i 642 	 2732 	 3830 	 657
i 872 	 2477 	 2281 	 4380
i 414 	 3302 	 4214 	 2119
i 1325 	 3370 	 930 	 1029
i 176 	 4295 	 4394 	 1909
i 1155 	 1819 	 4754 	 4007
i 810 	 1485 	 4167 	 2406
i 286 	 1785 	 2270 	 2320
i 1802 	 1100 	 2967 	 1691
i 1426 	 249 	 1071 	 4597
i 1416 	 286 	 1716 	 1857
i 1457 	 2637 	 2877 	 4082
i 771 	 2271 	 992 	 4811
i 1632 	 747 	 3819 	 1110
i 888 	 2986 	 3506 	 2934
i 1904 	 776 	 255 	 4270
i 745 	 3212 	 962 	 435
i 1380 	 2024 	 32 	 1994
i 919 	 1739 	 3841 	 946
i 1746 	 1718 	 29 	 1298
i 1591 	 1012 	 1110 	 3061
i 698 	 4919 	 4161 	 3962
i 1161 	 2668 	 1897 	 2669
i 1373 	 2142 	 1940 	 302
i 140 	 2892 	 728 	 3797
i 1962 	 750 	 792 	 2207
i 990 	 4624 	 3144 	 1845
i 535 	 3164 	 3134 	 323
i 1666 	 4234 	 3374 	 917
i 1661 	 2535 	 4870 	 2061
i 79 	 1767 	 4720 	 3629
i 1559 	 1660 	 3921 	 4246
i 1817 	 4639 	 3044 	 4450
i 154 	 3826 	 1658 	 2860
i 1379 	 4792 	 4695 	 4783
i 1182 	 2829 	 106 	 2124
i 824 	 3471 	 3031 	 1218
i 401 	 2901 	 3269 	 1201
i 1863 	 2989 	 4820 	 3559
i 1856 	 3741 	 2805 	 4184
i 1352 	 849 	 3634 	 3762
i 1866 	 292 	 1622 	 3116
i 32 	 1318 	 2899 	 3032
i 1654 	 2996 	 156 	 1202
i 585 	 3178 	 2410 	 2464
i 430 	 679 	 3655 	 738
i 1463 	 3476 	 4287 	 3300
i 886 	 2093 	 2484 	 599
i 1172 	 1118 	 4352 	 2598
i 559 	 974 	 714 	 1477
i 912 	 3604 	 4499 	 1421
i 639 	 4646 	 2613 	 3059
i 1128 	 23 	 523 	 3893
i 275 	 4169 	 4622 	 4343
i 1057 	 3910 	 2643 	 4854
i 399 	 127 	 454 	 3926
i 493 	 4796 	 1525 	 2628
i 306 	 2230 	 4095 	 3044
i 332 	 3594 	 4455 	 2426
i 1295 	 2068 	 485 	 1065
i 831 	 999 	 4949 	 2765
i 65 	 4572 	 2108 	 2805
i 1392 	 4742 	 2659 	 4476
i 1943 	 3103 	 3402 	 1096
i 1158 	 4917 	 3714 	 3660
i 858 	 2810 	 1704 	 2972
i 560 	 1159 	 398 	 4636
i 1286 	 873 	 702 	 300
i 743 	 651 	 3056 	 2022
i 87 	 165 	 4817 	 3696
i 1959 	 2476 	 3172 	 4757
i 230 	 1575 	 854 	 3469
i 595 	 4558 	 2129 	 3630
i 946 	 3824 	 1603 	 3764
i 1989 	 1992 	 3400 	 3192
i 1141 	 4092 	 3483 	 4709
i 1893 	 1540 	 1731 	 4948
i 677 	 1548 	 3644 	 1593
i 1605 	 1817 	 1351 	 4584
i 1352 	 2195 	 3053 	 4865
i 700 	 183 	 3496 	 4113
i 1598 	 99 	 2877 	 3972
i 831 	 1278 	 2165 	 4929
i 146 	 648 	 4638 	 105
i 870 	 1370 	 53 	 3865
i 1162 	 3688 	 459 	 1924
i 200 	 1801 	 1508 	 3877
i 1594 	 4552 	 3743 	 741
i 1890 	 2239 	 4844 	 3724
i 930 	 2722 	 2696 	 4402
i 1595 	 4851 	 4331 	 4351
i 198 	 3969 	 4446 	 2669
i 134 	 4490 	 1535 	 3238
i 1270 	 1985 	 163 	 3674
i 1510 	 1662 	 2552 	 2763
i 484 	 1295 	 3495 	 941
i 1409 	 3340 	 4655 	 854
i 423 	 2351 	 256 	 53
i 880 	 4577 	 4395 	 2693
i 1418 	 3841 	 363 	 3877
i 1332 	 1889 	 2116 	 1510
i 1545 	 2269 	 185 	 2641
i 1568 	 2727 	 405 	 136
i 1604 	 3890 	 1067 	 2537
i 891 	 722 	 3382 	 3283
i 1225 	 3628 	 3326 	 267
i 1281 	 2721 	 2951 	 1753
i 623 	 3305 	 630 	 4885
i 76 	 2736 	 1396 	 4049
i 1998 	 1571 	 1691 	 3916
i 1715 	 2086 	 4042 	 3302
i 389 	 110 	 839 	 3197
i 327 	 4212 	 1480 	 3877
i 1135 	 4796 	 4135 	 1046
i 1006 	 2087 	 2789 	 4071
i 155 	 3409 	 3957 	 577
i 456 	 353 	 4617 	 1140
i 765 	 1308 	 57 	 1205
i 1353 	 4090 	 4497 	 4351
i 1675 	 337 	 2548 	 13
i 1815 	 4018 	 3881 	 2379
i 1525 	 3016 	 3416 	 1333
i 39 	 1206 	 405 	 486
i 1842 	 4352 	 1053 	 751
i 1878 	 671 	 1882 	 1612
i 786 	 1929 	 2807 	 354
i 406 	 2304 	 4696 	 210
i 1051 	 2244 	 214 	 2170
i 503 	 4086 	 4540 	 79
i 840 	 2957 	 1402 	 2197
i 1660 	 1797 	 2673 	 3758
i 458 	 3717 	 4499 	 846
i 1751 	 1382 	 2448 	 1348
i 1320 	 255 	 1692 	 4312
i 1019 	 1388 	 4513 	 181
i 1448 	 4718 	 2342 	 4877
i 1521 	 1882 	 4946 	 907
i 1931 	 1349 	 3094 	 3982
i 1254 	 768 	 2741 	 4277
i 1790 	 2241 	 123 	 3854
i 1444 	 2562 	 202 	 1915
i 1122 	 1884 	 1227 	 358
i 1304 	 741 	 530 	 1887
i 181 	 2862 	 1764 	 4253
i 1894 	 1711 	 160 	 4565
i 1219 	 3245 	 3548 	 1187
i 1601 	 1290 	 464 	 3479
i 1408 	 578 	 2333 	 2135
i 1251 	 2525 	 4040 	 939
i 1760 	 268 	 1287 	 2664
i 398 	 1808 	 4542 	 1449
i 1864 	 1306 	 702 	 4396
i 1202 	 853 	 3961 	 1058
i 1635 	 2510 	 2235 	 3092
i 1515 	 2689 	 1572 	 2312
i 1302 	 3895 	 4437 	 1388
i 567 	 3478 	 2317 	 822
i 1494 	 3595 	 3476 	 4727
i 159 	 3019 	 1176 	 64
i 1726 	 1869 	 4450 	 2323
i 1084 	 3412 	 3371 	 1801
i 367 	 607 	 4884 	 4703
i 1313 	 1456 	 2015 	 1544
i 139 	 1453 	 2922 	 1764
i 1968 	 239 	 2576 	 3658
i 1529 	 1053 	 3386 	 4218
i 1624 	 4552 	 4272 	 3378
i 567 	 3723 	 702 	 4124
i 853 	 4064 	 925 	 3049
i 1864 	 810 	 2752 	 2947
i 901 	 4758 	 4481 	 2600
i 483 	 2404 	 4354 	 1133
i 1052 	 1931 	 4782 	 1458
i 1189 	 3168 	 677 	 2038
i 1087 	 4940 	 416 	 4132
i 1465 	 1109 	 3256 	 800
i 67 	 4172 	 3839 	 4824
i 1989 	 1592 	 2772 	 2230
i 538 	 2254 	 4821 	 2552
i 1859 	 4176 	 3675 	 2281
i 441 	 3457 	 3730 	 4073
i 649 	 4398 	 1111 	 4336
i 1735 	 1518 	 3468 	 3002
i 1046 	 1725 	 3792 	 2780
i 357 	 2631 	 2605 	 870
i 1685 	 377 	 3090 	 564
i 1047 	 2912 	 3107 	 2270
i 834 	 1783 	 4542 	 3185
i 94 	 3272 	 2258 	 1857
i 1067 	 3360 	 1193 	 2009
i 1947 	 4652 	 12 	 2485
i 549 	 3794 	 266 	 2264
i 569 	 2862 	 3125 	 640
i 1291 	 1215 	 1195 	 851
i 1646 	 4292 	 3112 	 1206
i 428 	 2654 	 4382 	 1307
i 369 	 1641 	 3154 	 3588
i 1996 	 4337 	 598 	 4859
i 1595 	 600 	 2345 	 367
i 1753 	 2602 	 2622 	 811
i 184 	 747 	 1442 	 3684
i 780 	 2627 	 4526 	 1071
i 766 	 2638 	 2268 	 2986
i 115 	 1650 	 4283 	 1209
i 1311 	 2437 	 4787 	 3272
i 709 	 386 	 3132 	 766
i 388 	 478 	 1124 	 361
i 1227 	 3737 	 1163 	 3525
i 1789 	 2595 	 2210 	 1428
i 87 	 1736 	 2490 	 2134
i 1745 	 4748 	 120 	 4648
i 558 	 4394 	 857 	 4670
i 731 	 645 	 2943 	 3597
i 407 	 1075 	 4353 	 1988
i 616 	 478 	 2340 	 4604
i 1681 	 3493 	 3130 	 3680
i 434 	 340 	 108 	 1302
i 825 	 2589 	 3426 	 1432
i 934 	 3537 	 1080 	 3727
i 1171 	 1928 	 3397 	 4753
i 1024 	 1340 	 3351 	 3576
i 961 	 2705 	 564 	 3940
i 1268 	 2894 	 3545 	 2378
i 553 	 1675 	 1058 	 2467
i 801 	 1157 	 3760 	 4063
i 1494 	 2187 	 496 	 1075
i 288 	 1567 	 4792 	 3646
i 1393 	 3189 	 3399 	 1050
i 1807 	 1751 	 4616 	 1926
i 1778 	 181 	 866 	 2619
i 1225 	 4402 	 4988 	 4444
i 429 	 1046 	 1912 	 3073
i 876 	 672 	 2137 	 931
i 1139 	 2623 	 1996 	 3565
i 1672 	 1788 	 2211 	 2666
i 1987 	 611 	 3706 	 4488
i 940 	 3323 	 1415 	 1798
i 1397 	 2271 	 4408 	 1560
i 668 	 4396 	 1004 	 2741
i 175 	 2906 	 815 	 2627
i 1427 	 2942 	 3549 	 1419
i 224 	 545 	 4975 	 4737
i 928 	 2186 	 2404 	 2292
i 1114 	 1111 	 1780 	 141
i 1769 	 3186 	 1930 	 2919
i 181 	 1338 	 4469 	 2121
i 292 	 474 	 4853 	 1168
i 1347 	 668 	 3786 	 1940
i 1440 	 2335 	 3350 	 4158
i 1147 	 3325 	 3895 	 195
i 203 	 1299 	 2477 	 3290
i 959 	 4248 	 3422 	 1825
i 972 	 352 	 4734 	 2882
i 671 	 4203 	 4994 	 2406
i 1867 	 4848 	 3564 	 3038
i 205 	 2351 	 4969 	 4108
i 1870 	 3319 	 3266 	 2547
i 656 	 2162 	 2733 	 2146
i 1380 	 210 	 437 	 852
i 1779 	 3849 	 2667 	 1884
i 1676 	 2401 	 4757 	 873
i 640 	 4751 	 3269 	 1273
i 1839 	 1834 	 4302 	 117
i 1669 	 4271 	 4216 	 3852
i 1035 	 2483 	 1400 	 4225
i 1853 	 4123 	 1372 	 3087
i 1729 	 1799 	 3929 	 3774
i 258 	 1597 	 658 	 4831
i 1595 	 415 	 704 	 594
i 65 	 3964 	 1858 	 4757
i 317 	 1160 	 4865 	 4964
i 171 	 4081 	 3817 	 3013
i 624 	 217 	 2239 	 1199
i 1732 	 3602 	 4276 	 3655
i 158 	 3206 	 2429 	 1041
i 1917 	 3078 	 872 	 3783
i 1392 	 1567 	 4367 	 3640
i 211 	 1226 	 3398 	 1321
i 949 	 3263 	 1285 	 2800
i 937 	 103 	 813 	 3899
i 122 	 3043 	 99 	 4632
i 656 	 4366 	 3287 	 2037
i 1028 	 717 	 3069 	 2367
i 1513 	 3932 	 1150 	 2268
i 198 	 517 	 909 	 1021
i 692 	 4298 	 2333 	 4101
i 1024 	 3609 	 1901 	 4897
i 1480 	 2705 	 3797 	 4003
i 298 	 3887 	 3635 	 2385
c c
W 997
c end of file

