n 500
c  w 
i 1307 	 2664 	 1092 	 2826
i 658 	 1227 	 4410 	 1538
i 804 	 3527 	 1083 	 3482
i 1544 	 1520 	 3796 	 4802
i 1060 	 4288 	 3382 	 1958
i 771 	 1696 	 3483 	 755
i 212 	 3346 	 3179 	 2705
i 1427 	 177 	 446 	 1838
i 1131 	 1529 	 4655 	 4470
i 1097 	 4065 	 1008 	 4749
i 1036 	 2081 	 3232 	 1455
i 1436 	 2029 	 1258 	 1245
i 525 	 4630 	 3193 	 3239
i 529 	 1677 	 3985 	 1852
i 7 	 2165 	 4547 	 3583
i 931 	 4983 	 421 	 164
i 603 	 77 	 4624 	 4248
i 1652 	 633 	 3998 	 1726
i 1081 	 2231 	 3172 	 1298
i 1700 	 4420 	 2533 	 569
i 1620 	 727 	 3799 	 377
i 956 	 2784 	 2220 	 2408
i 1975 	 1767 	 992 	 2272
i 699 	 1403 	 2426 	 3254
i 587 	 2051 	 2503 	 604
i 1069 	 1502 	 2320 	 381
i 1488 	 493 	 1669 	 2974
i 1961 	 4192 	 3533 	 3955
i 1963 	 2332 	 4322 	 2304
i 45 	 1543 	 4703 	 57
i 1319 	 695 	 2319 	 52
i 834 	 4736 	 3297 	 3550
i 713 	 801 	 4144 	 4453
i 916 	 1465 	 4824 	 1017
i 778 	 1494 	 3981 	 1852
i 272 	 2515 	 807 	 596
i 1935 	 130 	 2890 	 4945
i 663 	 2594 	 4992 	 4954
i 1311 	 2312 	 4997 	 368
i 818 	 3295 	 3908 	 3826
i 1634 	 3053 	 3280 	 1379
i 1803 	 3105 	 2387 	 1456
i 1835 	 1368 	 3298 	 276
i 1549 	 4095 	 862 	 3712
i 1685 	 3743 	 3658 	 879
i 533 	 3651 	 833 	 4607
i 383 	 830 	 4965 	 3002
i 1646 	 3874 	 1829 	 3202
i 769 	 110 	 4572 	 1436
i 1281 	 1959 	 2882 	 2795
i 1326 	 1180 	 3061 	 2192
i 108 	 3914 	 905 	 4482
i 1062 	 4553 	 361 	 3986
i 1281 	 1184 	 3593 	 4158
i 801 	 3559 	 2161 	 1121
i 972 	 3981 	 4314 	 4352
i 1632 	 3886 	 788 	 2287
i 336 	 3661 	 82 	 4154
i 1932 	 3134 	 1347 	 108
i 818 	 2242 	 4580 	 4697
i 717 	 4932 	 3683 	 4990
i 445 	 2277 	 4149 	 3112
i 333 	 1311 	 4224 	 3261
i 115 	 3538 	 2614 	 4363
i 968 	 3392 	 1650 	 3260
i 820 	 1723 	 2415 	 1885
i 1939 	 3752 	 1984 	 1896
i 396 	 1565 	 1594 	 2780
i 597 	 278 	 2771 	 2604
i 1017 	 1921 	 716 	 3373
i 1288 	 4931 	 1635 	 3504
i 1387 	 4239 	 2868 	 894
i 1051 	 4509 	 4145 	 4676
i 491 	 1560 	 1561 	 1080
i 123 	 3536 	 2967 	 1298
i 38 	 4551 	 4069 	 1588
i 1927 	 1840 	 4183 	 2365
i 1500 	 4890 	 738 	 1974
i 1928 	 2363 	 479 	 3291
i 639 	 3337 	 4175 	 4225
i 1137 	 3321 	 3901 	 4069
i 1948 	 463 	 150 	 185
i 1595 	 3107 	 1473 	 4081
i 1062 	 542 	 670 	 2478
i 948 	 4843 	 4833 	 1125
i 1893 	 572 	 3090 	 4554
i 1169 	 3560 	 2846 	 4519
i 757 	 2021 	 3745 	 4734
i 135 	 2647 	 3804 	 214
i 1239 	 3944 	 390 	 2090
i 819 	 1854 	 1172 	 4700
i 953 	 1832 	 2178 	 4750
i 668 	 2012 	 876 	 1409
i 1029 	 3957 	 964 	 502
i 1005 	 3800 	 22 	 4405
i 327 	 3757 	 4140 	 1154
i 560 	 2944 	 1359 	 4495
i 754 	 1740 	 1586 	 3931
i 1433 	 2748 	 3631 	 971
i 1828 	 810 	 722 	 1246
i 1124 	 1589 	 2645 	 389
i 216 	 3599 	 881 	 3053
i 959 	 894 	 2459 	 3212
i 1856 	 1599 	 4356 	 1046
i 1813 	 716 	 542 	 1423
i 977 	 2118 	 354 	 1031
i 1942 	 3976 	 1992 	 4427
i 1910 	 2705 	 673 	 2591
i 1713 	 3309 	 2970 	 4820
i 762 	 3842 	 2874 	 4299
i 1890 	 333 	 2511 	 4368
i 767 	 1868 	 414 	 1456
i 1028 	 946 	 2870 	 21
i 1221 	 3215 	 1042 	 2912
i 875 	 3025 	 2339 	 1969
i 290 	 3003 	 4550 	 14
i 523 	 2521 	 4825 	 3211
i 543 	 2699 	 2510 	 1089
i 1208 	 22 	 457 	 4935
i 750 	 862 	 1391 	 4445
i 718 	 4252 	 4456 	 4845
i 986 	 499 	 2757 	 4649
i 1405 	 97 	 1619 	 4235
i 1235 	 1170 	 4240 	 4393
i 1472 	 4066 	 2604 	 45
i 705 	 115 	 1125 	 4778
i 49 	 1573 	 4713 	 1998
i 969 	 1105 	 1443 	 4215
i 141 	 899 	 4060 	 2816
i 554 	 1818 	 2466 	 4894
i 760 	 4075 	 4129 	 4986
i 96 	 3370 	 4379 	 3917
i 973 	 1983 	 3953 	 4192
i 834 	 78 	 3971 	 2207
i 655 	 3685 	 4195 	 4058
i 1912 	 638 	 3273 	 139
i 610 	 2334 	 2946 	 2908
i 1656 	 412 	 2802 	 1048
i 1790 	 1932 	 1034 	 4713
i 119 	 413 	 3631 	 2730
i 953 	 2585 	 1922 	 4467
i 1060 	 894 	 1674 	 4285
i 1827 	 870 	 3343 	 4351
i 598 	 1617 	 4481 	 3017
i 1576 	 2427 	 926 	 3085
i 1130 	 3718 	 4123 	 2307
i 258 	 158 	 2020 	 943
i 222 	 652 	 3663 	 2939
i 1290 	 586 	 2406 	 881
i 586 	 4071 	 167 	 1040
i 1972 	 3501 	 392 	 1430
i 45 	 4863 	 4438 	 4051
i 915 	 364 	 2136 	 120
i 1628 	 1259 	 2417 	 4713
i 561 	 4428 	 656 	 1959
i 30 	 4310 	 4889 	 3299
i 1954 	 2295 	 4170 	 1357
i 545 	 4328 	 2388 	 1298
i 1131 	 2770 	 2719 	 2938
i 1052 	 2157 	 1990 	 4915
i 1003 	 4116 	 36 	 1585
i 148 	 2443 	 1298 	 1774
i 747 	 1945 	 3724 	 1943
i 500 	 3613 	 243 	 1142
i 362 	 4404 	 2490 	 2266
i 1492 	 4868 	 3555 	 1562
i 1054 	 1274 	 4491 	 273
i 1368 	 1481 	 189 	 934
i 237 	 215 	 2509 	 963
i 1058 	 3797 	 2728 	 4511
i 295 	 1452 	 1455 	 1988
i 24 	 1688 	 3121 	 965
i 435 	 611 	 3221 	 4814
i 190 	 1776 	 1377 	 3108
i 1215 	 868 	 3372 	 1463
i 934 	 3551 	 2387 	 2927
i 1502 	 4886 	 3880 	 1405
i 1473 	 1609 	 917 	 4418
i 1219 	 2362 	 1406 	 3107
i 1615 	 4518 	 4062 	 133
i 49 	 2284 	 4937 	 599
i 1620 	 1315 	 3698 	 2091
i 868 	 2071 	 3545 	 4503
i 247 	 932 	 2430 	 4369
i 325 	 1311 	 775 	 4493
i 1163 	 1682 	 3911 	 961
i 1613 	 318 	 4058 	 3075
i 1930 	 3121 	 3198 	 4947
i 160 	 3136 	 546 	 4446
i 1776 	 4235 	 1538 	 1615
i 521 	 83 	 1118 	 1919
i 400 	 3538 	 1289 	 1815
i 1935 	 2055 	 1308 	 2749
i 1490 	 220 	 3701 	 2762
i 210 	 2760 	 838 	 357
i 351 	 4027 	 304 	 1277
i 864 	 841 	 724 	 1605
i 28 	 2252 	 3211 	 1373
i 929 	 4319 	 3283 	 3322
i 1142 	 4562 	 137 	 2697
i 645 	 1436 	 446 	 345
i 657 	 4138 	 3098 	 2166
i 758 	 3926 	 2513 	 2770
i 1180 	 2808 	 4038 	 117
i 1455 	 4752 	 1713 	 3705
i 800 	 4914 	 79 	 4320
i 1693 	 3352 	 2642 	 2091
i 1165 	 2770 	 4778 	 4522
i 1678 	 225 	 4857 	 843
i 1741 	 2955 	 3000 	 1253
i 751 	 513 	 4013 	 4826
i 1324 	 3051 	 4933 	 1951
i 1120 	 1647 	 657 	 4798
i 623 	 726 	 4119 	 795
i 1626 	 1762 	 2877 	 1983
i 1808 	 2656 	 1505 	 3718
i 1147 	 1363 	 4551 	 2226
i 1723 	 2551 	 3469 	 1191
i 1221 	 2483 	 1017 	 1367
i 212 	 951 	 3308 	 3328
i 1034 	 3955 	 3127 	 4140
i 1868 	 2246 	 4926 	 3740
i 1599 	 2803 	 723 	 3521
i 181 	 2219 	 2239 	 3321
i 1428 	 1790 	 547 	 2881
i 1732 	 4007 	 4062 	 2387
i 594 	 80 	 3745 	 2014
i 407 	 2054 	 343 	 3600
i 402 	 3460 	 2740 	 682
i 281 	 2666 	 4413 	 4696
i 186 	 136 	 3217 	 919
i 937 	 456 	 4231 	 918
i 894 	 4769 	 3789 	 1570
i 1509 	 2852 	 3948 	 266
i 1168 	 2693 	 2270 	 3934
i 1895 	 2604 	 2534 	 748
i 424 	 275 	 1421 	 1763
i 1172 	 834 	 1459 	 3392
i 382 	 4666 	 4302 	 3296
i 47 	 3534 	 4205 	 2351
i 1320 	 2994 	 3911 	 2079
i 337 	 2860 	 2335 	 3760
i 219 	 4596 	 2695 	 292
i 879 	 230 	 1030 	 3255
i 196 	 2441 	 18 	 3418
i 1305 	 1468 	 1811 	 4216
i 452 	 1114 	 2513 	 1249
i 1855 	 1718 	 3590 	 2941
i 1881 	 2502 	 20 	 551
i 143 	 2345 	 4301 	 906
i 775 	 1996 	 1188 	 4131
i 885 	 2209 	 2387 	 2702
i 1856 	 2396 	 1120 	 2906
i 1541 	 2922 	 2123 	 4980
i 1610 	 4627 	 1229 	 3664
i 536 	 4810 	 1605 	 1049
i 924 	 1615 	 1590 	 2665
i 1579 	 892 	 3562 	 892
i 1150 	 4741 	 24 	 96
i 778 	 2402 	 2788 	 1591
i 1915 	 3899 	 4488 	 3644
i 727 	 1611 	 3624 	 848
i 494 	 4844 	 4502 	 2574
i 1861 	 1107 	 3614 	 1968
i 1084 	 204 	 4623 	 1664
i 433 	 3186 	 2547 	 3956
i 1170 	 2561 	 4043 	 4867
i 1981 	 1831 	 1459 	 4742
i 290 	 947 	 3386 	 2543
i 1018 	 2011 	 3381 	 3778
i 741 	 2884 	 1352 	 1511
i 1592 	 4956 	 3469 	 1695
i 62 	 3093 	 3350 	 1239
i 510 	 897 	 196 	 4196
i 1378 	 4229 	 4064 	 3402
i 422 	 524 	 3145 	 1782
i 583 	 1532 	 4316 	 4000
i 1413 	 2698 	 2778 	 390
i 231 	 4121 	 1891 	 4555
i 1631 	 361 	 1251 	 4230
i 1377 	 4591 	 469 	 4713
i 193 	 655 	 3910 	 3928
i 1949 	 2975 	 2331 	 935
i 1395 	 476 	 2708 	 4941
i 798 	 2024 	 3942 	 533
i 1885 	 1721 	 913 	 296
i 335 	 2795 	 4841 	 4911
i 1257 	 1092 	 4141 	 1590
i 272 	 4600 	 1304 	 1164
i 100 	 215 	 92 	 130
i 1271 	 2413 	 1056 	 1670
i 1151 	 3754 	 1611 	 4869
i 310 	 553 	 402 	 492
i 904 	 1305 	 778 	 3097
i 1635 	 620 	 3008 	 2237
i 679 	 2149 	 3818 	 2377
i 698 	 122 	 3531 	 1996
i 129 	 3614 	 2117 	 3499
i 409 	 3163 	 169 	 3898
i 765 	 1771 	 3767 	 2686
i 925 	 4159 	 3169 	 4570
i 184 	 3938 	 2667 	 4546
i 1819 	 676 	 1783 	 1251
i 1125 	 601 	 3619 	 4556
i 284 	 2151 	 1553 	 1032
i 304 	 3660 	 4521 	 1784
i 728 	 4681 	 683 	 3731
i 579 	 4440 	 1418 	 3757
i 1439 	 4577 	 3327 	 4055
i 1405 	 995 	 3601 	 3064
i 663 	 385 	 4306 	 4468
i 389 	 2926 	 4025 	 1681
i 29 	 578 	 2704 	 834
i 1691 	 2225 	 2608 	 1052
i 761 	 3281 	 4773 	 3349
i 1088 	 1192 	 2106 	 1322
i 306 	 434 	 378 	 4276
i 566 	 3970 	 2341 	 3071
i 1738 	 1648 	 2539 	 323
i 1825 	 1564 	 1995 	 4632
i 852 	 4689 	 467 	 1362
i 764 	 3066 	 2404 	 3811
i 537 	 2178 	 2160 	 4060
i 1343 	 4257 	 383 	 4121
i 1872 	 752 	 3397 	 1101
i 1884 	 739 	 4163 	 4058
i 949 	 1703 	 4372 	 1941
i 1302 	 1367 	 1574 	 391
i 421 	 2031 	 1743 	 2961
i 37 	 4138 	 1772 	 1435
i 525 	 3922 	 496 	 4668
i 1271 	 869 	 3790 	 2861
i 643 	 2188 	 3952 	 1324
i 1166 	 3115 	 383 	 294
i 1923 	 4745 	 2226 	 3067
i 443 	 3791 	 3448 	 2159
i 327 	 192 	 120 	 911
i 1728 	 1883 	 2336 	 639
i 320 	 2823 	 307 	 3976
i 1472 	 4088 	 1837 	 294
i 508 	 790 	 1608 	 4183
i 1558 	 1982 	 4467 	 3705
i 689 	 1694 	 1772 	 2831
i 192 	 221 	 4981 	 1298
i 159 	 102 	 2199 	 4715
i 789 	 4526 	 354 	 2771
i 938 	 652 	 1748 	 1032
i 1891 	 3575 	 1316 	 1006
i 1742 	 2915 	 189 	 3252
i 1955 	 4647 	 1957 	 1616
i 535 	 3719 	 4437 	 1817
i 1572 	 4419 	 3105 	 4324
i 1804 	 305 	 4040 	 1486
i 1928 	 4384 	 4248 	 2171
i 12 	 996 	 3194 	 4756
i 1824 	 4501 	 762 	 3918
i 965 	 942 	 2170 	 2305
i 234 	 4117 	 3911 	 1921
i 1134 	 3349 	 3728 	 1768
i 1106 	 1834 	 1093 	 2279
i 850 	 133 	 3756 	 1951
i 1803 	 3005 	 4113 	 4534
i 1596 	 2307 	 4291 	 3554
i 722 	 53 	 2472 	 4215
i 392 	 4633 	 1520 	 1566
i 1499 	 431 	 3477 	 1588
i 1507 	 2206 	 3347 	 1539
i 1611 	 4431 	 3809 	 1159
i 1821 	 2565 	 3101 	 4063
i 226 	 2214 	 3598 	 4553
i 1804 	 2889 	 3108 	 1320
i 1172 	 581 	 535 	 3909
i 83 	 2046 	 475 	 3955
i 986 	 3943 	 544 	 1239
i 458 	 3881 	 2768 	 179
i 1324 	 1578 	 1329 	 2867
i 1653 	 4420 	 1931 	 4695
i 652 	 529 	 4249 	 1147
i 1362 	 2357 	 2457 	 1342
i 1170 	 2983 	 251 	 3133
i 9 	 717 	 2088 	 2487
i 1860 	 2622 	 3716 	 800
i 600 	 1485 	 969 	 4807
i 1220 	 2289 	 2675 	 2187
i 682 	 4596 	 1882 	 3334
i 48 	 1131 	 4472 	 3524
i 1391 	 1929 	 4856 	 1407
i 1960 	 108 	 4531 	 4921
i 324 	 1619 	 2408 	 466
i 1692 	 1125 	 1257 	 736
i 1039 	 2216 	 544 	 654
i 1798 	 3209 	 2831 	 1205
i 1121 	 4704 	 4530 	 2921
i 332 	 4002 	 1446 	 4305
i 371 	 1303 	 713 	 834
i 559 	 244 	 756 	 2208
i 740 	 3155 	 2665 	 1087
i 1707 	 3912 	 1813 	 1871
i 450 	 2348 	 2515 	 625
i 221 	 347 	 1820 	 3352
i 18 	 1351 	 1274 	 877
i 139 	 2711 	 183 	 1276
i 1601 	 887 	 2100 	 407
i 447 	 2847 	 2605 	 2966
i 399 	 270 	 4043 	 272
i 1668 	 857 	 2133 	 302
i 1277 	 4639 	 917 	 3742
i 1990 	 2728 	 2095 	 28
i 1627 	 3360 	 896 	 4413
i 427 	 1069 	 690 	 76
i 777 	 2781 	 474 	 3058
i 249 	 3069 	 1024 	 1620
i 1331 	 68 	 1882 	 2503
i 364 	 4006 	 2795 	 4100
i 1457 	 3703 	 2843 	 3622
i 571 	 4928 	 3640 	 500
i 1315 	 4526 	 4904 	 4351
i 236 	 595 	 4417 	 2532
i 1345 	 4881 	 591 	 3984
i 1179 	 1606 	 605 	 1282
i 664 	 2478 	 3775 	 2569
i 592 	 1571 	 1670 	 130
i 108 	 4504 	 3743 	 1696
i 1772 	 2383 	 2186 	 2722
i 762 	 2091 	 2073 	 2496
i 1069 	 1491 	 29 	 1043
i 547 	 610 	 27 	 4314
i 881 	 622 	 596 	 3860
i 1235 	 4362 	 1430 	 4565
i 371 	 3090 	 4686 	 1198
i 1037 	 3430 	 2884 	 2027
i 324 	 71 	 4740 	 2714
i 860 	 1813 	 211 	 4819
i 1317 	 230 	 863 	 4657
i 330 	 880 	 3971 	 3027
i 596 	 4558 	 1888 	 4574
i 1567 	 3308 	 4140 	 4844
i 558 	 3827 	 1043 	 3984
i 902 	 3918 	 1012 	 3062
i 1591 	 752 	 776 	 1133
i 1021 	 978 	 953 	 850
i 477 	 1806 	 508 	 2019
i 1069 	 4470 	 46 	 4160
i 1611 	 1925 	 3735 	 2949
i 91 	 2876 	 2794 	 1623
i 680 	 3827 	 607 	 3952
i 1097 	 1610 	 2014 	 1725
i 940 	 2781 	 2849 	 4899
i 1499 	 3792 	 749 	 4938
i 237 	 1248 	 1957 	 3265
i 285 	 1994 	 2426 	 4736
i 1563 	 1162 	 2686 	 4133
i 1611 	 480 	 756 	 733
i 1718 	 1354 	 4676 	 2043
i 1181 	 1690 	 3759 	 308
i 1784 	 1608 	 207 	 3212
i 158 	 947 	 3151 	 989
i 873 	 109 	 4245 	 2893
i 836 	 1671 	 2630 	 1003
i 1128 	 316 	 137 	 1853
i 312 	 884 	 2577 	 83
i 890 	 2253 	 2117 	 183
i 1573 	 876 	 482 	 3396
i 988 	 679 	 1609 	 2865
i 645 	 4750 	 3845 	 3791
i 1939 	 3090 	 1685 	 1943
i 1900 	 4305 	 2937 	 2577
i 1844 	 3064 	 4420 	 398
i 1575 	 1997 	 471 	 1168
i 1696 	 2579 	 1342 	 3174
i 1377 	 1814 	 1571 	 920
i 992 	 3171 	 3776 	 4090
i 1167 	 2621 	 2881 	 2771
i 283 	 4557 	 4705 	 465
i 1544 	 2642 	 3032 	 3474
i 281 	 2452 	 3862 	 4637
i 1775 	 4324 	 805 	 3681
i 760 	 2137 	 1856 	 349
i 1576 	 3417 	 1260 	 1425
i 634 	 37 	 515 	 4500
i 1058 	 3387 	 2272 	 3351
i 1177 	 1977 	 3806 	 1807
i 1844 	 1838 	 282 	 318
i 1712 	 4135 	 4945 	 3721
i 1383 	 751 	 2402 	 364
i 1150 	 4248 	 703 	 1821
i 1065 	 1954 	 3236 	 4245
i 791 	 3742 	 3746 	 4620
i 851 	 1019 	 2971 	 75
i 1193 	 1778 	 1873 	 2597
i 1442 	 2146 	 2906 	 2887
i 511 	 2852 	 1609 	 4732
i 1436 	 4001 	 96 	 1472
i 1299 	 789 	 3283 	 917
i 1092 	 1520 	 162 	 4705
i 103 	 3899 	 4326 	 2383
i 1963 	 2297 	 2449 	 2895
i 1626 	 4312 	 492 	 2673
i 582 	 3389 	 560 	 2731
i 495 	 2160 	 2463 	 4824
c c
W 996
c end of file

