n 500
c  w 
i 983 	 2009 	 2019 	 3702
i 270 	 761 	 914 	 3633
i 761 	 272 	 4409 	 1814
i 1623 	 3215 	 3615 	 1630
i 1925 	 1557 	 4106 	 2088
i 1989 	 4429 	 3290 	 28
i 291 	 3889 	 2354 	 4199
i 1562 	 1486 	 2365 	 1368
i 1393 	 4375 	 71 	 4155
i 53 	 975 	 2789 	 2034
i 493 	 2199 	 3838 	 296
i 164 	 2453 	 1916 	 228
i 1599 	 1023 	 2307 	 3974
i 179 	 597 	 3993 	 1174
i 1790 	 1348 	 374 	 3383
i 1129 	 2730 	 4741 	 1311
i 841 	 4802 	 466 	 2233
i 309 	 3246 	 4257 	 2006
i 176 	 3095 	 2292 	 850
i 217 	 4199 	 1069 	 4540
i 87 	 3366 	 3514 	 665
i 1580 	 2508 	 1830 	 3430
i 1538 	 2194 	 1813 	 1671
i 1966 	 1554 	 2972 	 2021
i 541 	 3429 	 4245 	 2125
i 669 	 3503 	 4121 	 2111
i 638 	 1414 	 2951 	 2138
i 243 	 4010 	 1678 	 826
i 949 	 193 	 1481 	 1330
i 1075 	 3301 	 4750 	 1538
i 196 	 1563 	 3200 	 411
i 1242 	 1173 	 2423 	 4455
i 1836 	 1668 	 1581 	 1268
i 66 	 702 	 3370 	 1760
i 841 	 1321 	 3888 	 2710
i 131 	 566 	 3526 	 2699
i 298 	 4998 	 4019 	 3431
i 1319 	 3770 	 4959 	 3786
i 131 	 3159 	 4188 	 3432
i 1728 	 1611 	 2888 	 3915
i 1307 	 4459 	 184 	 3432
i 62 	 3544 	 192 	 2258
i 1942 	 4071 	 4959 	 189
i 1851 	 3486 	 2878 	 378
i 1393 	 1898 	 3799 	 1785
i 265 	 3758 	 571 	 992
i 766 	 4750 	 4415 	 1241
i 543 	 2303 	 156 	 4622
i 703 	 331 	 3054 	 1914
i 1545 	 3237 	 4163 	 3722
i 922 	 4123 	 3901 	 1936
i 1042 	 1780 	 2304 	 1094
i 1466 	 1104 	 2869 	 4327
i 1941 	 3431 	 319 	 1771
i 1271 	 4724 	 3002 	 4533
i 809 	 3149 	 4156 	 3780
i 1387 	 2210 	 695 	 2336
i 177 	 4848 	 1059 	 2746
i 1588 	 4951 	 4673 	 1581
i 691 	 1977 	 2666 	 400
i 1227 	 535 	 4717 	 2924
i 1582 	 37 	 4686 	 2138
i 1900 	 2689 	 1672 	 1780
i 333 	 828 	 560 	 4298
i 1211 	 1245 	 1635 	 3467
i 436 	 2684 	 1214 	 66
i 1053 	 887 	 1638 	 4356
i 1141 	 4294 	 4747 	 926
i 1928 	 4464 	 3841 	 3777
i 1796 	 3528 	 915 	 4244
i 485 	 2578 	 1024 	 2045
i 1358 	 1574 	 1344 	 1427
i 1123 	 2969 	 4885 	 3895
i 259 	 1099 	 3952 	 3278
i 789 	 591 	 2634 	 4821
i 1950 	 2382 	 748 	 4696
i 737 	 4580 	 3473 	 1338
i 1242 	 4379 	 583 	 4315
i 781 	 1597 	 1361 	 354
i 1264 	 2695 	 1771 	 973
i 264 	 1656 	 4858 	 1307
i 1097 	 3811 	 4576 	 4713
i 1757 	 2211 	 4534 	 4269
i 1833 	 283 	 3965 	 1430
i 1941 	 2438 	 2758 	 2962
i 726 	 3332 	 2278 	 3765
i 1967 	 3629 	 4110 	 3081
i 528 	 882 	 4045 	 1979
i 1010 	 3904 	 3277 	 276
i 1085 	 2853 	 4979 	 2109
i 23 	 4514 	 1378 	 4637
i 1915 	 343 	 1067 	 4642
i 1108 	 3816 	 2604 	 4580
i 858 	 4873 	 3346 	 2068
i 1400 	 2457 	 150 	 4818
i 1331 	 4185 	 1797 	 859
i 1235 	 75 	 1126 	 805
i 1166 	 1105 	 2904 	 2973
i 245 	 4272 	 2611 	 407
i 1842 	 3668 	 49 	 2379
i 993 	 2644 	 1960 	 4624
i 1006 	 307 	 1693 	 1020
i 1100 	 1833 	 838 	 1084
i 405 	 2626 	 1934 	 4098
i 1075 	 3050 	 4894 	 610
i 1658 	 2798 	 3574 	 4755
i 827 	 1185 	 162 	 1678
i 1937 	 201 	 4047 	 2330
i 1133 	 1007 	 1954 	 353
i 520 	 3637 	 1364 	 4049
i 186 	 2193 	 134 	 1480
i 1923 	 2058 	 578 	 2502
i 41 	 472 	 3103 	 4245
i 1303 	 1677 	 4001 	 332
i 1140 	 4153 	 2000 	 2697
i 1738 	 1048 	 27 	 2181
i 817 	 1972 	 2525 	 3340
i 242 	 3879 	 2389 	 1071
i 427 	 2514 	 2541 	 883
i 1825 	 3109 	 3375 	 4662
i 1428 	 1478 	 3908 	 1834
i 1257 	 2909 	 2156 	 999
i 824 	 4147 	 3686 	 1409
i 76 	 3704 	 3581 	 2231
i 268 	 1106 	 572 	 1276
i 1990 	 2952 	 2337 	 1049
i 184 	 4869 	 1922 	 29
i 1190 	 298 	 4682 	 1551
i 705 	 3591 	 3375 	 4902
i 598 	 532 	 902 	 3554
i 1867 	 4579 	 4954 	 4855
i 1312 	 3535 	 2087 	 3950
i 1852 	 2649 	 227 	 4608
i 238 	 2555 	 658 	 1057
i 968 	 2571 	 1077 	 403
i 1142 	 759 	 1945 	 4616
i 1736 	 321 	 4519 	 841
i 336 	 421 	 4386 	 514
i 1996 	 4340 	 370 	 3274
i 1149 	 2447 	 2224 	 2508
i 37 	 2441 	 2117 	 689
i 1994 	 2765 	 1737 	 2411
i 132 	 2804 	 2805 	 3186
i 1421 	 4740 	 2802 	 2894
i 22 	 2321 	 3726 	 896
i 1092 	 3113 	 1401 	 2723
i 980 	 1761 	 997 	 329
i 1679 	 3212 	 2828 	 4287
i 260 	 4935 	 4966 	 641
i 1079 	 1703 	 3043 	 3027
i 1799 	 848 	 1213 	 3052
i 233 	 4005 	 947 	 641
i 529 	 4664 	 1528 	 4050
i 1109 	 2919 	 1773 	 230
i 1868 	 2761 	 550 	 3870
i 388 	 3368 	 3157 	 1618
i 1321 	 3123 	 2250 	 1005
i 1926 	 293 	 4022 	 4315
i 451 	 236 	 2368 	 1711
i 1692 	 3305 	 2342 	 559
i 1187 	 3861 	 4599 	 746
i 711 	 1373 	 967 	 1451
i 1649 	 1508 	 322 	 99
i 1946 	 3469 	 1707 	 3171
i 636 	 3947 	 4166 	 1411
i 1692 	 3189 	 727 	 363
i 1365 	 3085 	 2064 	 2647
i 555 	 4397 	 3197 	 4351
i 1302 	 2796 	 98 	 39
i 1663 	 1055 	 1481 	 3285
i 1020 	 1793 	 3374 	 2421
i 103 	 82 	 593 	 1847
i 1607 	 4749 	 3248 	 3251
i 1174 	 3966 	 3604 	 1354
i 819 	 668 	 3991 	 3433
i 24 	 2188 	 2784 	 3314
i 1990 	 2872 	 3343 	 4136
i 1567 	 4814 	 2421 	 1472
i 641 	 796 	 3884 	 1861
i 345 	 4467 	 3699 	 4879
i 1686 	 1948 	 3130 	 2156
i 364 	 1735 	 3501 	 2956
i 956 	 2492 	 1389 	 2449
i 1868 	 4163 	 764 	 4647
i 813 	 4097 	 3783 	 955
i 1564 	 1205 	 2418 	 520
i 795 	 1302 	 2372 	 2850
i 306 	 1071 	 2729 	 4978
i 1203 	 859 	 2134 	 3914
i 1033 	 635 	 1870 	 4969
i 1246 	 3249 	 2419 	 2790
i 964 	 3173 	 2438 	 4440
i 907 	 1221 	 395 	 1184
i 965 	 2803 	 1694 	 4397
i 1638 	 4057 	 2248 	 4856
i 49 	 4967 	 4834 	 3129
i 329 	 1969 	 2043 	 3402
i 1037 	 3903 	 3371 	 713
i 860 	 790 	 3494 	 4556
i 1581 	 932 	 3996 	 1225
i 856 	 4382 	 2399 	 4550
i 873 	 4084 	 3948 	 1281
i 1256 	 1196 	 1137 	 3261
i 464 	 972 	 1390 	 1981
i 1171 	 3424 	 383 	 527
i 929 	 3745 	 1231 	 4470
i 1810 	 4715 	 4027 	 3480
i 257 	 3024 	 4696 	 2782
i 961 	 2095 	 2333 	 4582
i 470 	 1281 	 863 	 4312
i 986 	 1991 	 2573 	 3622
i 1180 	 3954 	 604 	 885
i 950 	 977 	 1403 	 4696
i 1885 	 2624 	 4167 	 4239
i 935 	 3194 	 2719 	 2978
i 486 	 2416 	 761 	 3616
i 1800 	 3084 	 3198 	 681
i 1742 	 4051 	 4984 	 1824
i 415 	 2557 	 446 	 3986
i 603 	 1040 	 4862 	 3880
i 802 	 1265 	 3577 	 1722
i 1551 	 2744 	 961 	 1220
i 374 	 3671 	 4189 	 2148
i 433 	 4940 	 764 	 589
i 1209 	 3952 	 1261 	 2380
i 1200 	 1245 	 4194 	 4037
i 1516 	 4631 	 3023 	 305
i 267 	 2886 	 4176 	 2671
i 1656 	 2753 	 4383 	 3022
i 197 	 345 	 4232 	 1427
i 1602 	 3421 	 3565 	 94
i 1344 	 4320 	 674 	 1386
i 1308 	 1925 	 3757 	 1277
i 1263 	 2951 	 315 	 1953
i 1032 	 3328 	 2249 	 3246
i 484 	 1426 	 917 	 356
i 1667 	 301 	 3368 	 4658
i 253 	 2601 	 1085 	 4634
i 407 	 4641 	 4718 	 4375
i 1584 	 392 	 762 	 2235
i 922 	 4509 	 3503 	 468
i 983 	 3808 	 2412 	 45
i 853 	 4652 	 3281 	 3342
i 429 	 4189 	 3688 	 248
i 1792 	 2057 	 4896 	 118
i 1859 	 982 	 4742 	 672
i 247 	 4461 	 48 	 4575
i 1937 	 800 	 1810 	 2152
i 122 	 314 	 2611 	 2762
i 1644 	 23 	 2797 	 1250
i 1866 	 1079 	 4582 	 744
i 105 	 3270 	 983 	 4740
i 129 	 879 	 4848 	 4967
i 739 	 4590 	 640 	 2465
i 1620 	 678 	 2040 	 3896
i 586 	 3841 	 1048 	 1769
i 1658 	 3649 	 4521 	 3258
i 1464 	 2318 	 4499 	 3329
i 1354 	 4081 	 4064 	 3646
i 939 	 48 	 3387 	 2670
i 365 	 3235 	 2638 	 2759
i 1129 	 3268 	 225 	 1878
i 1574 	 2256 	 774 	 405
i 437 	 1813 	 2164 	 243
i 183 	 1685 	 3492 	 4116
i 1597 	 2991 	 2446 	 2382
i 827 	 1511 	 1028 	 4414
i 618 	 4406 	 2085 	 2457
i 1055 	 4713 	 217 	 468
i 1192 	 433 	 2336 	 1918
i 1070 	 3101 	 2314 	 3766
i 1962 	 4468 	 4000 	 368
i 460 	 2493 	 4475 	 148
i 192 	 1921 	 2520 	 2547
i 1368 	 3539 	 1962 	 4963
i 1177 	 4038 	 2420 	 587
i 1500 	 2628 	 1045 	 1734
i 1219 	 3372 	 3643 	 730
i 588 	 957 	 4487 	 1379
i 168 	 3487 	 1737 	 1570
i 390 	 1212 	 1708 	 1455
i 1248 	 4219 	 3993 	 1547
i 1102 	 955 	 1510 	 703
i 1993 	 3921 	 1280 	 3735
i 618 	 2316 	 470 	 4591
i 273 	 4103 	 322 	 2152
i 22 	 4799 	 3521 	 476
i 1314 	 259 	 2036 	 4258
i 583 	 3735 	 714 	 4576
i 1180 	 4697 	 1123 	 712
i 259 	 2624 	 1406 	 636
i 617 	 2677 	 4362 	 3086
i 1993 	 4822 	 2678 	 672
i 1569 	 2990 	 2814 	 3976
i 1115 	 1336 	 4443 	 1078
i 633 	 1480 	 336 	 3037
i 84 	 1040 	 2614 	 3160
i 293 	 3728 	 3863 	 1380
i 539 	 269 	 2007 	 2889
i 1173 	 1370 	 976 	 2920
i 475 	 3644 	 3582 	 119
i 652 	 1397 	 4085 	 4415
i 1088 	 3529 	 494 	 4299
i 1999 	 820 	 2337 	 215
i 739 	 4941 	 3365 	 2579
i 1467 	 2228 	 3949 	 22
i 994 	 957 	 2902 	 425
i 926 	 3868 	 3335 	 3501
i 1004 	 1918 	 3610 	 4138
i 1321 	 2696 	 3554 	 1029
i 488 	 4038 	 328 	 1224
i 1939 	 2656 	 1429 	 1700
i 1038 	 4784 	 4269 	 1268
i 804 	 3219 	 1281 	 4491
i 1666 	 4173 	 4906 	 1485
i 1216 	 3242 	 4976 	 555
i 62 	 3586 	 4683 	 3455
i 511 	 3237 	 4474 	 2497
i 909 	 4793 	 3712 	 2125
i 979 	 141 	 3815 	 48
i 1966 	 3084 	 1307 	 1930
i 519 	 2578 	 1421 	 470
i 699 	 1328 	 1945 	 4784
i 1824 	 1921 	 339 	 4711
i 201 	 22 	 3167 	 1781
i 1299 	 2642 	 4269 	 527
i 973 	 2981 	 2642 	 4876
i 1244 	 1457 	 4915 	 3029
i 1812 	 1222 	 4949 	 835
i 1516 	 1371 	 1296 	 543
i 1075 	 3231 	 328 	 2250
i 59 	 657 	 1962 	 652
i 266 	 129 	 2423 	 3911
i 1103 	 1692 	 4428 	 197
i 1865 	 2070 	 74 	 2777
i 1406 	 4979 	 807 	 3050
i 479 	 757 	 3876 	 4983
i 846 	 172 	 527 	 4798
i 1357 	 845 	 2049 	 3538
i 595 	 4001 	 4181 	 2153
i 1648 	 1604 	 1065 	 1883
i 1314 	 493 	 2071 	 2952
i 1020 	 2135 	 729 	 1072
i 844 	 1526 	 4112 	 3307
i 908 	 2989 	 3291 	 4382
i 1260 	 3809 	 4181 	 1546
i 1857 	 1230 	 85 	 1138
i 91 	 4256 	 3282 	 4343
i 342 	 4337 	 1227 	 4138
i 1928 	 3288 	 2090 	 2374
i 167 	 2810 	 3437 	 2528
i 1730 	 2550 	 836 	 1601
i 213 	 4118 	 984 	 3681
i 1170 	 165 	 227 	 2572
i 553 	 303 	 3700 	 1608
i 1819 	 1983 	 952 	 410
i 526 	 2169 	 4539 	 1141
i 181 	 1630 	 3506 	 871
i 1772 	 1944 	 3390 	 3758
i 1793 	 4217 	 359 	 23
i 1333 	 1334 	 3694 	 1262
i 594 	 3912 	 3825 	 2866
i 1681 	 2526 	 4465 	 3754
i 1799 	 418 	 4155 	 820
i 1030 	 3695 	 1952 	 3025
i 128 	 458 	 3887 	 4746
i 956 	 2278 	 3505 	 1877
i 596 	 3855 	 1890 	 4820
i 73 	 584 	 1083 	 1669
i 1794 	 4899 	 4525 	 3692
i 969 	 3991 	 2446 	 1925
i 1759 	 1602 	 2735 	 1977
i 117 	 4677 	 4993 	 613
i 52 	 3881 	 359 	 2519
i 462 	 3854 	 4386 	 2644
i 1083 	 1277 	 2465 	 2889
i 739 	 3539 	 4548 	 1338
i 1374 	 4074 	 30 	 863
i 1225 	 2467 	 2779 	 2465
i 1623 	 514 	 4433 	 4347
i 75 	 4427 	 4950 	 319
i 1322 	 310 	 2829 	 4458
i 1661 	 2216 	 2103 	 1865
i 1392 	 4558 	 4744 	 335
i 1238 	 4293 	 1664 	 1536
i 1346 	 1685 	 2390 	 1434
i 1656 	 169 	 3890 	 3202
i 267 	 3324 	 2550 	 856
i 1099 	 2501 	 1166 	 1060
i 1120 	 3985 	 519 	 1957
i 479 	 2612 	 3813 	 4675
i 867 	 3558 	 11 	 269
i 1139 	 1665 	 1795 	 1220
i 1335 	 4176 	 2644 	 2483
i 1733 	 1534 	 686 	 4999
i 1939 	 3226 	 856 	 2600
i 289 	 2012 	 3651 	 3520
i 397 	 4160 	 478 	 2189
i 707 	 4282 	 1865 	 3933
i 1135 	 1866 	 4193 	 692
i 1408 	 988 	 1902 	 1862
i 64 	 4537 	 4335 	 4490
i 427 	 21 	 4489 	 920
i 1294 	 346 	 3510 	 3957
i 938 	 2161 	 2477 	 3336
i 527 	 2946 	 526 	 3084
i 890 	 2382 	 2018 	 69
i 1695 	 1211 	 752 	 2760
i 875 	 2644 	 4612 	 2345
i 871 	 3947 	 1835 	 3243
i 1583 	 1325 	 4154 	 2198
i 663 	 2664 	 1155 	 4000
i 1926 	 3622 	 2337 	 1138
i 626 	 2854 	 4212 	 3788
i 92 	 1231 	 3847 	 4465
i 972 	 4590 	 2225 	 4613
i 892 	 1837 	 1958 	 4406
i 312 	 3784 	 2650 	 4735
i 42 	 1804 	 1933 	 1762
i 1783 	 3078 	 763 	 4275
i 679 	 3091 	 414 	 3261
i 376 	 4616 	 2049 	 1172
i 337 	 897 	 637 	 3270
i 193 	 2852 	 2884 	 2712
i 1872 	 4832 	 2119 	 466
i 1446 	 4760 	 201 	 3718
i 624 	 2125 	 481 	 1024
i 79 	 1235 	 299 	 1895
i 1726 	 703 	 157 	 262
i 126 	 2196 	 1424 	 1158
i 1232 	 2052 	 4419 	 3561
i 1957 	 2303 	 1273 	 4575
i 853 	 3383 	 42 	 754
i 1256 	 234 	 4462 	 4698
i 938 	 4934 	 722 	 2543
i 466 	 1011 	 4429 	 485
i 680 	 4576 	 738 	 2016
i 708 	 2152 	 3165 	 4847
i 1677 	 2584 	 3408 	 4089
i 1951 	 4672 	 3665 	 2014
i 1221 	 3697 	 2759 	 1199
i 1568 	 2221 	 897 	 1271
i 861 	 1610 	 3805 	 3315
i 1043 	 3235 	 3791 	 4307
i 1123 	 4519 	 1324 	 4575
i 667 	 4479 	 4422 	 867
i 824 	 2831 	 4947 	 1941
i 1000 	 3612 	 3946 	 559
i 923 	 1705 	 1749 	 1231
i 1566 	 2637 	 2493 	 1073
i 1694 	 1298 	 4379 	 1849
i 1809 	 3170 	 1157 	 2336
i 1075 	 2471 	 1911 	 4353
i 779 	 1334 	 220 	 4004
i 1661 	 168 	 946 	 1659
i 1507 	 4882 	 2209 	 1081
i 633 	 3948 	 2303 	 505
i 632 	 4786 	 1569 	 823
i 432 	 948 	 2662 	 609
i 1643 	 3809 	 2935 	 1799
i 510 	 4836 	 1152 	 3221
i 466 	 1363 	 2226 	 326
i 607 	 3162 	 1976 	 292
i 1217 	 4175 	 1364 	 4623
i 1249 	 3657 	 129 	 4700
i 1376 	 1688 	 523 	 4518
i 1050 	 3175 	 127 	 1736
i 792 	 3053 	 3526 	 3256
i 1155 	 4669 	 1477 	 4050
i 411 	 3693 	 4367 	 2544
i 741 	 1343 	 2827 	 4891
i 206 	 4181 	 4515 	 3633
i 1134 	 4634 	 3334 	 1282
i 527 	 3847 	 801 	 3940
i 808 	 918 	 677 	 3998
i 1584 	 4193 	 2255 	 1851
i 1544 	 3723 	 902 	 4885
i 965 	 270 	 2430 	 4263
i 640 	 257 	 4154 	 2113
i 1771 	 3669 	 747 	 2266
i 1320 	 4071 	 3538 	 4617
i 1166 	 4329 	 3558 	 4932
i 97 	 4225 	 3931 	 4200
i 1367 	 1186 	 1052 	 2282
i 1959 	 1944 	 2168 	 2316
i 880 	 4588 	 1579 	 3798
i 1934 	 734 	 912 	 4263
i 1757 	 1649 	 1530 	 2697
i 286 	 69 	 2315 	 3630
i 1755 	 873 	 3563 	 4628
i 37 	 2495 	 3829 	 3508
i 1468 	 4871 	 791 	 3572
i 725 	 2949 	 889 	 4011
i 1014 	 2459 	 2810 	 2373
i 1272 	 3713 	 1637 	 2577
i 143 	 3157 	 274 	 1074
i 1286 	 2579 	 4695 	 2607
i 1376 	 3258 	 2235 	 3532
i 299 	 1065 	 2040 	 4416
i 373 	 2821 	 2988 	 2744
c c
W 1010
c end of file

