n 500
c  w 
i 115 	 4242 	 302 	 4422
i 984 	 3741 	 1319 	 1319
i 652 	 3599 	 4188 	 3873
i 528 	 4574 	 1494 	 2061
i 679 	 1776 	 4401 	 2929
i 1449 	 4002 	 3060 	 3361
i 1198 	 3067 	 989 	 4337
i 223 	 4214 	 1529 	 846
i 1382 	 1822 	 268 	 921
i 223 	 1578 	 2231 	 2189
i 69 	 1419 	 1062 	 1492
i 396 	 2546 	 3543 	 2687
i 1725 	 2945 	 616 	 2939
i 777 	 3667 	 1301 	 4935
i 692 	 2280 	 4272 	 2287
i 596 	 802 	 3123 	 4941
i 1044 	 3381 	 863 	 3168
i 1980 	 3085 	 357 	 127
i 1797 	 1410 	 1609 	 489
i 1578 	 153 	 3166 	 3260
i 1234 	 3773 	 1199 	 36
i 975 	 2490 	 4961 	 4166
i 1904 	 4234 	 1454 	 1255
i 12 	 4567 	 1197 	 2640
i 1179 	 2051 	 808 	 2899
i 52 	 1156 	 3017 	 4622
i 1021 	 4617 	 112 	 1503
i 1904 	 3269 	 4753 	 2850
i 816 	 953 	 2876 	 4474
i 1373 	 2837 	 3641 	 3194
i 827 	 95 	 4440 	 2098
i 1861 	 638 	 4729 	 2602
i 1071 	 538 	 502 	 2807
i 672 	 3510 	 2429 	 4231
i 1250 	 2531 	 734 	 2889
i 318 	 487 	 739 	 2833
i 571 	 3606 	 2308 	 4855
i 576 	 949 	 3050 	 3506
i 412 	 2490 	 605 	 688
i 1247 	 334 	 3281 	 799
i 343 	 3774 	 3596 	 2537
i 912 	 1026 	 1768 	 412
i 1418 	 2493 	 3292 	 4339
i 1187 	 4022 	 2173 	 4392
i 1050 	 4471 	 4247 	 4062
i 166 	 2297 	 2568 	 1446
i 1911 	 3163 	 2124 	 2898
i 1394 	 405 	 3687 	 4341
i 1667 	 2284 	 1879 	 1454
i 1319 	 3638 	 1857 	 1849
i 451 	 149 	 1189 	 4092
i 1664 	 3352 	 3484 	 1789
i 1128 	 2732 	 852 	 3235
i 10 	 3410 	 4671 	 4799
i 628 	 1796 	 2697 	 62
i 875 	 1385 	 4394 	 1361
i 1463 	 1273 	 2805 	 1961
i 1960 	 4653 	 3801 	 1033
i 1917 	 4980 	 125 	 3954
i 1332 	 3600 	 744 	 1156
i 531 	 1586 	 4382 	 1353
i 1995 	 4054 	 1153 	 1561
i 338 	 3840 	 1614 	 3032
i 88 	 1008 	 4384 	 3876
i 907 	 2189 	 838 	 2174
i 735 	 4629 	 3198 	 1636
i 1843 	 3314 	 590 	 2942
i 764 	 1325 	 4089 	 3238
i 1160 	 3471 	 4582 	 2890
i 1009 	 735 	 4442 	 3366
i 1826 	 1056 	 1398 	 4782
i 821 	 782 	 3659 	 4318
i 1184 	 4487 	 1493 	 4795
i 1646 	 4681 	 1431 	 3727
i 1197 	 2012 	 1670 	 4900
i 1330 	 759 	 3138 	 1231
i 1688 	 2721 	 4111 	 1746
i 1378 	 3553 	 112 	 3013
i 1839 	 1501 	 2795 	 1656
i 908 	 1455 	 974 	 236
i 375 	 2457 	 32 	 61
i 854 	 1453 	 3778 	 134
i 1382 	 448 	 34 	 1785
i 477 	 3163 	 3006 	 419
i 352 	 2117 	 2155 	 4320
i 266 	 2257 	 2334 	 271
i 1499 	 129 	 1917 	 1022
i 628 	 2882 	 1248 	 2508
i 134 	 1270 	 2559 	 2469
i 1085 	 1338 	 2593 	 1171
i 709 	 2618 	 2946 	 2965
i 310 	 952 	 3374 	 1655
i 1223 	 530 	 976 	 3721
i 1110 	 3300 	 3982 	 1526
i 1367 	 900 	 2539 	 4986
i 1508 	 3778 	 2494 	 4102
i 17 	 54 	 1571 	 2754
i 551 	 4154 	 3915 	 3150
i 707 	 1862 	 1116 	 2544
i 1121 	 4480 	 4190 	 864
i 2 	 167 	 4575 	 2778
i 1382 	 3558 	 4295 	 1878
i 1779 	 1835 	 1865 	 3220
i 243 	 4350 	 2323 	 653
i 1757 	 3884 	 3398 	 778
i 1214 	 2314 	 3919 	 4802
i 1666 	 35 	 2346 	 1971
i 1802 	 1537 	 2825 	 4507
i 676 	 2401 	 2286 	 152
i 382 	 1581 	 2021 	 408
i 1362 	 3876 	 3619 	 4011
i 1290 	 942 	 4655 	 2621
i 1926 	 3053 	 3390 	 2856
i 145 	 2309 	 2659 	 4523
i 932 	 4995 	 1494 	 1840
i 611 	 4310 	 1348 	 3217
i 683 	 3624 	 3360 	 2662
i 80 	 382 	 3061 	 3603
i 1699 	 1681 	 2614 	 2475
i 1044 	 2269 	 97 	 2431
i 127 	 3477 	 287 	 680
i 313 	 2936 	 203 	 3111
i 1172 	 1688 	 4942 	 4456
i 397 	 1290 	 2673 	 2701
i 1961 	 1034 	 363 	 110
i 561 	 3415 	 3703 	 655
i 36 	 1317 	 3121 	 2700
i 1430 	 3209 	 131 	 3890
i 673 	 409 	 4560 	 2463
i 1333 	 4754 	 575 	 1269
i 575 	 517 	 725 	 2431
i 717 	 3389 	 132 	 1702
i 1765 	 486 	 1802 	 820
i 1556 	 505 	 1465 	 3977
i 724 	 4577 	 1677 	 390
i 1113 	 1799 	 4271 	 4463
i 878 	 3831 	 1927 	 534
i 1433 	 2492 	 1793 	 28
i 1199 	 2508 	 2449 	 4788
i 357 	 2572 	 1490 	 310
i 1218 	 3282 	 1121 	 1940
i 1510 	 2576 	 918 	 591
i 860 	 2586 	 972 	 4930
i 1750 	 243 	 4394 	 1573
i 1625 	 1322 	 2098 	 2650
i 1521 	 3881 	 2669 	 1805
i 554 	 118 	 1593 	 2277
i 1071 	 3073 	 2578 	 730
i 541 	 3689 	 2661 	 134
i 504 	 3570 	 716 	 3410
i 461 	 1679 	 3341 	 532
i 763 	 2735 	 2096 	 977
i 1618 	 4184 	 3618 	 2853
i 1225 	 1287 	 4648 	 4445
i 557 	 1242 	 1723 	 4068
i 1722 	 4291 	 4788 	 662
i 1191 	 2450 	 787 	 4236
i 406 	 1494 	 2647 	 2168
i 1264 	 988 	 2691 	 75
i 1485 	 4778 	 1043 	 2762
i 1584 	 4651 	 615 	 2029
i 374 	 264 	 1475 	 2325
i 597 	 3188 	 1393 	 802
i 991 	 1182 	 1455 	 460
i 1448 	 2232 	 4687 	 4634
i 1486 	 2334 	 1803 	 1880
i 1324 	 4484 	 1945 	 2027
i 1704 	 2979 	 4780 	 3226
i 1051 	 396 	 255 	 3560
i 258 	 1721 	 886 	 2137
i 1959 	 2269 	 2929 	 2379
i 1376 	 4374 	 2830 	 2065
i 641 	 2517 	 1700 	 324
i 1936 	 3493 	 2194 	 3155
i 1190 	 4130 	 182 	 2241
i 842 	 4953 	 467 	 4731
i 137 	 712 	 3291 	 989
i 968 	 4167 	 3116 	 2323
i 573 	 1046 	 4693 	 4869
i 166 	 2523 	 1935 	 2019
i 14 	 3625 	 2333 	 4873
i 846 	 4518 	 3029 	 97
i 1459 	 3202 	 2328 	 759
i 1261 	 2785 	 490 	 3494
i 1394 	 3772 	 4474 	 911
i 1175 	 2590 	 3225 	 4367
i 1450 	 2918 	 4237 	 4038
i 175 	 1173 	 1057 	 474
i 1915 	 3381 	 348 	 1907
i 1158 	 3367 	 1994 	 1548
i 626 	 4312 	 2297 	 4715
i 838 	 2778 	 3210 	 586
i 618 	 2684 	 1487 	 4480
i 108 	 4703 	 3848 	 3892
i 1047 	 3085 	 2931 	 3054
i 1699 	 3978 	 3518 	 4037
i 942 	 3856 	 945 	 259
i 888 	 2930 	 1798 	 3784
i 896 	 4085 	 3499 	 4330
i 744 	 1709 	 4907 	 3404
i 1753 	 1395 	 2885 	 4650
i 437 	 1733 	 3542 	 3710
i 1923 	 1474 	 1765 	 4058
i 179 	 284 	 3095 	 2802
i 1651 	 4031 	 3051 	 1355
i 783 	 4839 	 139 	 4194
i 1569 	 3628 	 3525 	 789
i 133 	 3432 	 4184 	 4713
i 1926 	 2069 	 4363 	 915
i 1516 	 2905 	 4616 	 3602
i 1747 	 1381 	 2661 	 4812
i 661 	 756 	 2615 	 786
i 1911 	 667 	 2131 	 1739
i 201 	 2261 	 933 	 4422
i 354 	 4448 	 212 	 1218
i 1151 	 4387 	 931 	 2698
i 581 	 294 	 3603 	 250
i 1275 	 3220 	 3843 	 2560
i 1836 	 1504 	 2373 	 1248
i 899 	 4978 	 2025 	 2029
i 256 	 4147 	 3758 	 1143
i 561 	 4682 	 566 	 2288
i 1652 	 768 	 3496 	 2011
i 60 	 4418 	 4699 	 1603
i 1881 	 3303 	 1843 	 2894
i 608 	 687 	 455 	 1116
i 871 	 2819 	 2355 	 4423
i 1118 	 4370 	 1452 	 3434
i 1406 	 211 	 4567 	 4915
i 1953 	 133 	 2204 	 4015
i 355 	 700 	 1026 	 1038
i 45 	 726 	 2631 	 4812
i 1607 	 4465 	 2707 	 544
i 59 	 3152 	 1651 	 2324
i 386 	 3996 	 1747 	 3759
i 1346 	 3190 	 2193 	 1885
i 1356 	 1761 	 1800 	 3276
i 752 	 3995 	 2292 	 2766
i 1874 	 3309 	 3794 	 4794
i 1609 	 1426 	 4607 	 3046
i 355 	 2314 	 3581 	 1034
i 185 	 232 	 3348 	 1428
i 1687 	 96 	 188 	 2587
i 1310 	 2371 	 4462 	 1669
i 1648 	 1263 	 4936 	 1007
i 101 	 2228 	 3763 	 4933
i 213 	 2558 	 4728 	 4553
i 1589 	 4336 	 2599 	 4856
i 659 	 1180 	 891 	 2108
i 559 	 4229 	 3526 	 622
i 1726 	 3704 	 3199 	 2592
i 429 	 2662 	 4252 	 199
i 1565 	 4188 	 1196 	 4163
i 565 	 4950 	 4097 	 1943
i 1002 	 3825 	 1496 	 1483
i 1264 	 4086 	 1340 	 4803
i 104 	 2222 	 1911 	 1660
i 579 	 438 	 2273 	 768
i 1652 	 473 	 3350 	 209
i 1249 	 2603 	 398 	 2040
i 715 	 1585 	 1203 	 3197
i 612 	 300 	 141 	 4034
i 1646 	 1628 	 518 	 2279
i 284 	 1849 	 2082 	 971
i 1624 	 3984 	 2621 	 513
i 1764 	 4884 	 1271 	 3546
i 141 	 4612 	 3746 	 3472
i 885 	 4135 	 513 	 3996
i 286 	 1706 	 2194 	 2245
i 797 	 2326 	 1279 	 1114
i 1577 	 1788 	 3383 	 4648
i 1450 	 466 	 619 	 2688
i 1776 	 3230 	 3191 	 3853
i 1245 	 4453 	 2399 	 3462
i 1625 	 1146 	 1935 	 1281
i 110 	 2438 	 277 	 991
i 1653 	 2462 	 3227 	 1132
i 1911 	 4497 	 2237 	 3722
i 512 	 620 	 3371 	 4902
i 429 	 3981 	 2591 	 517
i 883 	 782 	 4361 	 327
i 92 	 1761 	 3780 	 4291
i 1158 	 715 	 572 	 3168
i 1257 	 840 	 4150 	 2279
i 1316 	 2377 	 3402 	 3071
i 748 	 639 	 1794 	 3150
i 498 	 165 	 3053 	 2317
i 1654 	 644 	 2824 	 1349
i 565 	 2186 	 1666 	 1643
i 1574 	 447 	 935 	 1834
i 459 	 1498 	 4993 	 4287
i 930 	 4143 	 1567 	 621
i 607 	 4959 	 3683 	 3386
i 237 	 478 	 1537 	 1839
i 251 	 4580 	 4146 	 4761
i 88 	 1971 	 1110 	 1632
i 1658 	 2767 	 3266 	 3085
i 1281 	 4191 	 4910 	 4347
i 273 	 4903 	 3634 	 3007
i 1618 	 201 	 3619 	 569
i 62 	 2303 	 3945 	 750
i 1107 	 483 	 2580 	 3395
i 23 	 1727 	 3156 	 278
i 1475 	 4257 	 1901 	 2836
i 808 	 167 	 922 	 228
i 1739 	 832 	 4566 	 37
i 293 	 3200 	 3035 	 4774
i 1356 	 1655 	 344 	 3543
i 1579 	 4280 	 4284 	 1720
i 1901 	 1864 	 116 	 4807
i 1431 	 3263 	 86 	 2270
i 1007 	 1977 	 107 	 4535
i 852 	 1019 	 4753 	 1483
i 735 	 4320 	 1511 	 2569
i 1007 	 4537 	 2344 	 913
i 475 	 2678 	 4446 	 142
i 782 	 3731 	 1852 	 1711
i 236 	 1959 	 1518 	 4166
i 86 	 1594 	 1436 	 2732
i 1424 	 1533 	 2267 	 697
i 1016 	 2021 	 2170 	 4375
i 535 	 3672 	 1945 	 3852
i 1283 	 4279 	 4756 	 4392
i 781 	 4203 	 4524 	 3905
i 1172 	 1377 	 616 	 3519
i 1329 	 2125 	 2685 	 3538
i 1483 	 4112 	 1271 	 2272
i 256 	 3528 	 2959 	 3178
i 218 	 130 	 2554 	 1882
i 1516 	 4489 	 735 	 2002
i 1506 	 491 	 1394 	 725
i 1873 	 919 	 4621 	 2618
i 913 	 238 	 1137 	 613
i 940 	 3813 	 4142 	 1064
i 1169 	 413 	 3326 	 3561
i 1572 	 1286 	 1739 	 4472
i 561 	 4284 	 1355 	 200
i 1508 	 2080 	 2192 	 2542
i 1023 	 3577 	 3257 	 2245
i 1794 	 2879 	 4854 	 1774
i 1242 	 991 	 2377 	 461
i 1917 	 1520 	 1515 	 2720
i 768 	 4832 	 1281 	 856
i 446 	 3011 	 328 	 2516
i 917 	 1674 	 2706 	 1069
i 1497 	 4889 	 3601 	 1306
i 1386 	 1859 	 3542 	 2954
i 1891 	 3396 	 4718 	 2835
i 1750 	 2096 	 3286 	 4172
i 1442 	 4791 	 1893 	 530
i 1849 	 3164 	 1376 	 743
i 468 	 1694 	 3249 	 3461
i 1343 	 956 	 4520 	 2103
i 336 	 3121 	 3400 	 4303
i 1988 	 1942 	 2257 	 4698
i 133 	 1975 	 2534 	 4706
i 1624 	 820 	 3879 	 2668
i 243 	 772 	 3188 	 236
i 1570 	 4554 	 970 	 102
i 498 	 4210 	 3554 	 4598
i 64 	 3074 	 1702 	 1002
i 476 	 102 	 305 	 1166
i 812 	 2552 	 865 	 2363
i 1807 	 3390 	 2069 	 3580
i 1680 	 949 	 1248 	 4803
i 683 	 4427 	 40 	 638
i 1592 	 1000 	 731 	 231
i 82 	 4276 	 4819 	 367
i 939 	 1522 	 1360 	 3536
i 644 	 1656 	 4693 	 3640
i 1679 	 559 	 1003 	 3717
i 1575 	 3063 	 2298 	 3140
i 1600 	 3537 	 2944 	 714
i 1184 	 2974 	 1343 	 1946
i 1585 	 2065 	 2167 	 4166
i 535 	 1987 	 4524 	 3681
i 1399 	 885 	 2218 	 114
i 1011 	 1912 	 3744 	 1730
i 983 	 4738 	 448 	 1401
i 1120 	 2736 	 4531 	 1805
i 508 	 2476 	 2509 	 4228
i 178 	 3843 	 1174 	 4406
i 361 	 3332 	 3573 	 2239
i 125 	 3097 	 921 	 3808
i 1588 	 3130 	 3913 	 1504
i 15 	 2658 	 3225 	 2495
i 957 	 3663 	 3886 	 199
i 558 	 3418 	 1994 	 2664
i 356 	 4494 	 1892 	 1335
i 1334 	 3057 	 742 	 4236
i 554 	 4305 	 1476 	 1698
i 960 	 2388 	 507 	 1376
i 205 	 4410 	 2870 	 552
i 826 	 1095 	 3037 	 4456
i 1899 	 1924 	 4645 	 1149
i 135 	 1640 	 3804 	 1227
i 452 	 697 	 2552 	 4463
i 1497 	 3284 	 3700 	 134
i 1035 	 177 	 1823 	 4983
i 1021 	 2320 	 1360 	 3065
i 691 	 4220 	 3608 	 3790
i 124 	 1645 	 3247 	 66
i 1423 	 2893 	 1206 	 3892
i 1809 	 10 	 119 	 659
i 277 	 2662 	 123 	 4432
i 377 	 3814 	 4556 	 3527
i 1592 	 1379 	 3510 	 1538
i 1475 	 4860 	 4593 	 421
i 1632 	 3201 	 4202 	 4388
i 1934 	 2449 	 4444 	 3397
i 135 	 650 	 2289 	 4856
i 258 	 2399 	 516 	 1338
i 22 	 629 	 770 	 998
i 1773 	 327 	 4515 	 3415
i 677 	 3025 	 4943 	 387
i 1153 	 4536 	 799 	 1968
i 1094 	 4992 	 1356 	 2576
i 975 	 801 	 973 	 2774
i 575 	 3253 	 2631 	 2082
i 259 	 3137 	 3411 	 703
i 1502 	 4171 	 1691 	 3190
i 1795 	 1206 	 1605 	 1186
i 1688 	 1548 	 1563 	 2108
i 432 	 2353 	 4066 	 3814
i 936 	 423 	 1390 	 4776
i 484 	 2354 	 2551 	 2646
i 241 	 182 	 4718 	 1249
i 1323 	 3129 	 1942 	 2066
i 919 	 3623 	 256 	 1790
i 1927 	 1852 	 2966 	 4042
i 1355 	 4520 	 1150 	 4466
i 748 	 217 	 3281 	 4208
i 250 	 4661 	 3985 	 1834
i 805 	 1536 	 4470 	 2612
i 682 	 4189 	 3851 	 19
i 926 	 794 	 2075 	 4610
i 1762 	 2322 	 1401 	 4227
i 1665 	 4358 	 3270 	 2555
i 1550 	 4410 	 2022 	 751
i 1846 	 303 	 4949 	 248
i 1982 	 3934 	 2072 	 1970
i 186 	 1543 	 4573 	 2171
i 291 	 3425 	 2180 	 3042
i 1683 	 4246 	 2653 	 3617
i 626 	 4044 	 2845 	 734
i 1360 	 1115 	 3279 	 2280
i 208 	 302 	 3022 	 144
i 236 	 2971 	 382 	 551
i 761 	 2445 	 2512 	 2368
i 1590 	 2085 	 4529 	 4701
i 202 	 1709 	 2743 	 4711
i 380 	 396 	 3329 	 2515
i 1772 	 1175 	 3239 	 2833
i 911 	 1518 	 114 	 2797
i 723 	 3126 	 2932 	 2397
i 437 	 3304 	 2938 	 2994
i 298 	 450 	 362 	 4718
i 1009 	 4881 	 4419 	 3027
i 635 	 2162 	 2739 	 2537
i 1018 	 1068 	 52 	 1979
i 892 	 3281 	 4802 	 4505
i 1915 	 4906 	 2303 	 1601
i 1212 	 235 	 3988 	 4120
i 1411 	 1927 	 2114 	 4270
i 946 	 2467 	 3988 	 4884
i 938 	 3407 	 2912 	 3929
i 225 	 651 	 1466 	 3107
i 682 	 1508 	 87 	 3934
i 1911 	 4879 	 3439 	 4570
i 1914 	 743 	 1171 	 2818
i 385 	 160 	 1939 	 4489
i 829 	 4043 	 3759 	 4435
i 602 	 2747 	 4320 	 3849
i 460 	 2232 	 2779 	 1713
i 1148 	 4236 	 4811 	 4574
i 296 	 4888 	 3508 	 525
i 1907 	 1948 	 95 	 4554
i 1071 	 1256 	 2372 	 3640
i 561 	 4301 	 3130 	 3474
i 1337 	 1889 	 2910 	 4846
i 1850 	 2230 	 3696 	 781
i 1781 	 1475 	 2485 	 2327
i 283 	 2297 	 1901 	 1446
i 873 	 410 	 1961 	 1954
i 938 	 2047 	 1508 	 31
i 1316 	 3870 	 3662 	 4690
i 1268 	 1792 	 3165 	 1518
i 1468 	 1075 	 1364 	 3298
i 1317 	 60 	 4069 	 2750
i 609 	 1555 	 77 	 2228
i 1536 	 1969 	 3665 	 1028
i 947 	 627 	 2972 	 4709
i 1064 	 4470 	 4730 	 957
i 1335 	 3392 	 648 	 1513
i 72 	 3803 	 3022 	 3846
i 1947 	 4376 	 2145 	 3165
i 1770 	 1215 	 916 	 954
i 1103 	 983 	 3172 	 1602
i 1176 	 1837 	 2620 	 313
i 981 	 592 	 23 	 119
c c
W 1000
c end of file

