n 500
c  w 
i 1329 	 2166 	 1291 	 3805
i 740 	 583 	 1507 	 505
i 1365 	 1923 	 1296 	 2351
i 101 	 4102 	 495 	 4819
i 1635 	 1769 	 3020 	 4364
i 1607 	 1688 	 3425 	 1953
i 1776 	 1469 	 3527 	 4047
i 684 	 1005 	 2286 	 41
i 1264 	 3567 	 3836 	 15
i 1656 	 344 	 511 	 2555
i 902 	 1798 	 4896 	 2507
i 358 	 392 	 2326 	 4981
i 859 	 346 	 4345 	 1171
i 809 	 2771 	 3115 	 1466
i 1691 	 1642 	 514 	 946
i 1054 	 2790 	 977 	 799
i 541 	 4804 	 805 	 498
i 57 	 1307 	 3044 	 2397
i 1237 	 2941 	 4894 	 3985
i 1328 	 2221 	 3967 	 475
i 1022 	 3312 	 1637 	 4573
i 432 	 4742 	 1040 	 314
i 552 	 1544 	 1250 	 4013
i 1729 	 2218 	 4803 	 683
i 808 	 609 	 1172 	 2162
i 761 	 4206 	 4549 	 4991
i 858 	 4443 	 3976 	 471
i 664 	 2944 	 937 	 4212
i 501 	 2564 	 3786 	 2331
i 922 	 4817 	 2635 	 3683
i 543 	 3876 	 2697 	 687
i 436 	 2500 	 1360 	 3108
i 1239 	 2523 	 270 	 4995
i 690 	 4809 	 4986 	 3867
i 1701 	 3963 	 4329 	 918
i 761 	 267 	 131 	 3154
i 1127 	 3907 	 486 	 130
i 1489 	 3111 	 3803 	 87
i 794 	 1500 	 765 	 3073
i 1596 	 2115 	 1182 	 2091
i 1851 	 1442 	 2086 	 1358
i 499 	 2073 	 226 	 506
i 413 	 4546 	 1414 	 2934
i 1921 	 1535 	 1089 	 2625
i 175 	 1565 	 2745 	 4158
i 1866 	 1549 	 4236 	 1656
i 1215 	 4991 	 4719 	 2031
i 841 	 901 	 4112 	 1736
i 932 	 1199 	 3085 	 3577
i 1304 	 3301 	 4073 	 4289
i 1138 	 488 	 2224 	 2651
i 804 	 3303 	 277 	 2447
i 1943 	 3013 	 1606 	 4526
i 1821 	 843 	 1182 	 2593
i 332 	 902 	 4615 	 2931
i 716 	 3728 	 4658 	 4118
i 1967 	 2743 	 2696 	 3180
i 416 	 1770 	 2470 	 3883
i 898 	 4684 	 1535 	 4252
i 1194 	 1802 	 1700 	 2847
i 1922 	 3297 	 2374 	 4359
i 1651 	 3547 	 1952 	 4954
i 1775 	 1568 	 2886 	 1234
i 116 	 2544 	 353 	 214
i 113 	 3039 	 3385 	 1322
i 1919 	 856 	 205 	 2047
i 214 	 1730 	 1300 	 3519
i 1408 	 2990 	 1367 	 3329
i 513 	 3732 	 2688 	 418
i 910 	 4631 	 372 	 1719
i 478 	 3249 	 2943 	 1487
i 315 	 3286 	 1691 	 1070
i 529 	 77 	 2383 	 1125
i 367 	 2578 	 3163 	 1455
i 1719 	 4454 	 4965 	 2822
i 977 	 1332 	 1152 	 3723
i 24 	 3831 	 4131 	 2335
i 1384 	 4494 	 4044 	 4652
i 1096 	 1988 	 1139 	 3527
i 108 	 2821 	 4587 	 1591
i 1154 	 1971 	 2707 	 3803
i 1815 	 871 	 258 	 3839
i 128 	 223 	 1661 	 2760
i 617 	 2803 	 1483 	 1601
i 652 	 615 	 3927 	 97
i 41 	 2972 	 4740 	 2843
i 1980 	 880 	 1370 	 226
i 1476 	 958 	 1807 	 1581
i 1167 	 4505 	 384 	 2459
i 148 	 633 	 1298 	 691
i 336 	 2950 	 3441 	 2383
i 299 	 4915 	 3974 	 2379
i 210 	 2902 	 2466 	 630
i 348 	 2207 	 3464 	 825
i 1230 	 4824 	 1041 	 1770
i 311 	 2839 	 3342 	 3692
i 936 	 3717 	 1152 	 2711
i 1735 	 2440 	 3392 	 187
i 154 	 1834 	 2560 	 1135
i 698 	 1535 	 3504 	 2270
i 1770 	 970 	 2891 	 301
i 1266 	 1355 	 1116 	 1246
i 470 	 2148 	 3007 	 1953
i 1991 	 1349 	 645 	 2322
i 24 	 1788 	 33 	 4397
i 1687 	 3416 	 4574 	 4599
i 98 	 2134 	 735 	 1991
i 1463 	 4229 	 4251 	 3087
i 78 	 2142 	 3378 	 3358
i 1394 	 4485 	 4595 	 4657
i 652 	 2602 	 1610 	 1612
i 1576 	 2246 	 3924 	 3998
i 1609 	 3948 	 3395 	 3243
i 945 	 2969 	 2843 	 2606
i 39 	 3568 	 4587 	 3754
i 1118 	 3839 	 1841 	 2988
i 391 	 220 	 1346 	 4460
i 1878 	 941 	 4118 	 1330
i 1412 	 729 	 2933 	 2475
i 1185 	 1858 	 1473 	 1991
i 321 	 4859 	 234 	 3162
i 1130 	 3068 	 769 	 2923
i 653 	 356 	 1678 	 4424
i 1674 	 3510 	 2412 	 169
i 1487 	 3749 	 4619 	 3417
i 1872 	 3738 	 4738 	 3215
i 1782 	 2671 	 690 	 2423
i 1807 	 2154 	 4404 	 326
i 804 	 4629 	 3478 	 4832
i 1078 	 4237 	 2755 	 4325
i 1833 	 4424 	 3749 	 3771
i 1172 	 1162 	 3930 	 1655
i 1960 	 3550 	 72 	 4583
i 914 	 4800 	 2798 	 1746
i 987 	 3479 	 4160 	 1991
i 251 	 3565 	 2307 	 2637
i 1277 	 786 	 2469 	 893
i 7 	 225 	 218 	 4599
i 1855 	 3958 	 3370 	 2574
i 46 	 2301 	 4219 	 22
i 338 	 4281 	 4596 	 3129
i 1632 	 2394 	 4866 	 1554
i 348 	 4026 	 3536 	 1498
i 1035 	 844 	 4125 	 786
i 647 	 1595 	 1669 	 1635
i 722 	 1878 	 1234 	 1450
i 332 	 4594 	 4014 	 946
i 757 	 3233 	 959 	 2737
i 1005 	 555 	 867 	 1598
i 1175 	 733 	 3143 	 3805
i 1899 	 1679 	 303 	 2341
i 1004 	 4418 	 3118 	 4125
i 404 	 4778 	 760 	 2814
i 661 	 1984 	 4255 	 2482
i 630 	 3269 	 3419 	 3465
i 599 	 4368 	 1202 	 4008
i 1965 	 2060 	 606 	 2854
i 1112 	 3740 	 1660 	 2533
i 166 	 1953 	 4865 	 2923
i 547 	 2983 	 2048 	 2376
i 1103 	 2799 	 191 	 4407
i 1909 	 4436 	 1889 	 1353
i 1081 	 308 	 4809 	 4199
i 1866 	 1012 	 3208 	 4581
i 1224 	 3805 	 2436 	 846
i 1017 	 4086 	 3369 	 2955
i 414 	 3234 	 878 	 2403
i 485 	 2917 	 4769 	 3969
i 285 	 4951 	 3377 	 490
i 1754 	 267 	 1834 	 2094
i 224 	 1644 	 1293 	 233
i 1057 	 4492 	 4805 	 709
i 1318 	 2242 	 1545 	 843
i 530 	 4905 	 3788 	 2359
i 1255 	 4657 	 4752 	 4348
i 1029 	 4522 	 3317 	 3282
i 1789 	 1694 	 3763 	 3861
i 779 	 597 	 955 	 2508
i 891 	 2238 	 2731 	 4868
i 691 	 2537 	 578 	 29
i 1907 	 2113 	 862 	 1098
i 806 	 4641 	 3448 	 159
i 1719 	 3201 	 4497 	 1875
i 1088 	 2814 	 157 	 2196
i 1799 	 3910 	 1057 	 1451
i 1799 	 2002 	 3950 	 1730
i 1692 	 1682 	 1599 	 963
i 1683 	 2167 	 982 	 3979
i 1708 	 1835 	 77 	 1290
i 589 	 3516 	 1439 	 776
i 685 	 936 	 2641 	 4430
i 1496 	 2789 	 1627 	 3241
i 678 	 2675 	 4683 	 1197
i 1867 	 3633 	 2917 	 3900
i 124 	 4507 	 4853 	 4515
i 668 	 836 	 3494 	 946
i 1063 	 3562 	 2227 	 4128
i 830 	 3657 	 4895 	 3786
i 1833 	 2537 	 3217 	 3325
i 128 	 4834 	 1567 	 2016
i 1003 	 1250 	 3204 	 2178
i 1949 	 1122 	 1079 	 190
i 250 	 932 	 4695 	 2294
i 702 	 3190 	 3230 	 4410
i 699 	 458 	 3539 	 3822
i 1641 	 3434 	 2608 	 3689
i 387 	 825 	 2015 	 1289
i 262 	 3572 	 3296 	 3161
i 1925 	 1500 	 339 	 4688
i 1044 	 1409 	 4868 	 3232
i 931 	 4564 	 526 	 4080
i 1101 	 3747 	 3490 	 4497
i 1677 	 2029 	 3319 	 3300
i 184 	 928 	 1990 	 1427
i 696 	 3995 	 2707 	 2394
i 1026 	 1003 	 555 	 2382
i 996 	 885 	 2070 	 106
i 912 	 1939 	 3328 	 4606
i 600 	 3845 	 3687 	 4248
i 1036 	 2178 	 3746 	 1788
i 1678 	 2066 	 89 	 4653
i 1192 	 2069 	 1080 	 4718
i 424 	 3778 	 2113 	 3624
i 1908 	 2658 	 1006 	 2266
i 1413 	 3067 	 2363 	 819
i 1998 	 691 	 426 	 1500
i 1810 	 4103 	 749 	 2119
i 511 	 4485 	 3897 	 479
i 619 	 3976 	 133 	 4526
i 416 	 1204 	 4244 	 2101
i 1988 	 1357 	 726 	 4744
i 1602 	 1722 	 2010 	 2541
i 1912 	 4364 	 3350 	 4777
i 20 	 3766 	 1278 	 4572
i 1147 	 2017 	 1692 	 4141
i 600 	 590 	 4611 	 3045
i 1822 	 4734 	 2571 	 603
i 373 	 1816 	 2695 	 911
i 1264 	 3411 	 656 	 2170
i 51 	 2656 	 4701 	 4904
i 807 	 3052 	 4682 	 2066
i 726 	 960 	 1639 	 4678
i 1186 	 3322 	 3820 	 4461
i 1560 	 3431 	 2507 	 3459
i 1266 	 78 	 4052 	 4095
i 752 	 1747 	 4997 	 49
i 61 	 653 	 2210 	 282
i 1319 	 1912 	 187 	 321
i 1981 	 4859 	 2378 	 1773
i 326 	 4007 	 1451 	 3777
i 931 	 272 	 3239 	 1232
i 1477 	 746 	 4681 	 1861
i 324 	 3734 	 956 	 2690
i 190 	 954 	 2730 	 630
i 637 	 4930 	 903 	 4887
i 736 	 1080 	 209 	 1797
i 374 	 2577 	 3561 	 1748
i 632 	 13 	 526 	 3905
i 108 	 3756 	 138 	 3959
i 1796 	 4810 	 820 	 307
i 1417 	 1767 	 2988 	 4016
i 1083 	 719 	 4636 	 4299
i 258 	 539 	 4187 	 2483
i 642 	 4386 	 4270 	 2539
i 784 	 2832 	 4278 	 3539
i 1133 	 4794 	 2444 	 3100
i 1419 	 2572 	 2060 	 3043
i 952 	 2871 	 3341 	 927
i 1851 	 1330 	 4933 	 2341
i 814 	 4570 	 1641 	 2679
i 42 	 828 	 162 	 1710
i 84 	 4423 	 4239 	 2168
i 901 	 3518 	 707 	 90
i 1324 	 3142 	 3181 	 1864
i 284 	 242 	 4897 	 3087
i 1240 	 3239 	 4005 	 2733
i 1823 	 3938 	 74 	 1598
i 1403 	 1706 	 4268 	 3610
i 1008 	 4420 	 320 	 2729
i 1536 	 4550 	 4888 	 1098
i 1226 	 596 	 1179 	 1381
i 1491 	 4351 	 3235 	 4433
i 1833 	 3133 	 2521 	 2687
i 547 	 1526 	 420 	 931
i 184 	 485 	 2520 	 3965
i 871 	 1788 	 2575 	 4696
i 482 	 2885 	 2426 	 52
i 973 	 2314 	 1141 	 504
i 1159 	 2311 	 1876 	 1630
i 663 	 111 	 1063 	 1245
i 1293 	 3575 	 3922 	 4597
i 39 	 4333 	 529 	 558
i 1923 	 3040 	 4513 	 1990
i 1927 	 2089 	 1686 	 1028
i 1986 	 4102 	 1071 	 2401
i 565 	 2203 	 2896 	 4308
i 1801 	 4762 	 938 	 1167
i 1945 	 1992 	 2402 	 3098
i 225 	 1325 	 2696 	 661
i 261 	 3215 	 1209 	 467
i 500 	 723 	 2447 	 1074
i 1120 	 4124 	 2092 	 2768
i 1290 	 3154 	 169 	 4634
i 141 	 3056 	 3943 	 4851
i 1126 	 4872 	 1019 	 2682
i 744 	 3412 	 781 	 2423
i 1891 	 3467 	 3074 	 387
i 671 	 4274 	 844 	 2928
i 1995 	 3282 	 3993 	 2790
i 961 	 1086 	 558 	 634
i 1691 	 718 	 268 	 4577
i 1505 	 4202 	 4429 	 1582
i 1629 	 448 	 4255 	 939
i 1539 	 37 	 3353 	 3578
i 1397 	 1428 	 3955 	 178
i 279 	 4790 	 3097 	 689
i 1228 	 2090 	 3469 	 479
i 1265 	 4018 	 1103 	 2396
i 1890 	 1362 	 1974 	 3490
i 224 	 1403 	 73 	 4629
i 735 	 4318 	 568 	 692
i 1738 	 3912 	 4260 	 2841
i 134 	 3215 	 3009 	 1032
i 1201 	 1106 	 1712 	 1078
i 1274 	 182 	 1548 	 1353
i 1675 	 2642 	 3740 	 3916
i 1597 	 714 	 2407 	 4549
i 841 	 2470 	 4178 	 3939
i 714 	 4737 	 4621 	 1135
i 1459 	 3882 	 3966 	 3979
i 838 	 1975 	 12 	 104
i 1228 	 1714 	 1173 	 1259
i 753 	 2711 	 2603 	 1076
i 139 	 1343 	 4983 	 4338
i 817 	 2391 	 3888 	 4145
i 1940 	 3066 	 3084 	 1640
i 1120 	 2706 	 2766 	 1453
i 634 	 1732 	 433 	 3677
i 1478 	 435 	 3771 	 1770
i 854 	 4934 	 3019 	 4016
i 1057 	 622 	 93 	 2990
i 781 	 76 	 2329 	 3993
i 982 	 1218 	 3138 	 2309
i 1709 	 1223 	 3940 	 2079
i 1567 	 1706 	 3523 	 509
i 1371 	 3946 	 4176 	 2127
i 1748 	 2948 	 3887 	 1512
i 1152 	 1907 	 528 	 529
i 1007 	 612 	 3510 	 4466
i 269 	 840 	 3460 	 3126
i 818 	 1599 	 436 	 1323
i 1124 	 4367 	 3393 	 1733
i 428 	 1916 	 2232 	 4493
i 343 	 1409 	 1620 	 235
i 1738 	 508 	 1738 	 2231
i 961 	 2257 	 2750 	 4916
i 1142 	 1261 	 4383 	 3528
i 835 	 2843 	 1655 	 4130
i 1772 	 2081 	 453 	 2245
i 578 	 3837 	 3969 	 2513
i 299 	 1201 	 2006 	 1606
i 1039 	 3617 	 1832 	 1949
i 1646 	 3560 	 4170 	 1522
i 325 	 1921 	 1438 	 3667
i 1268 	 822 	 2195 	 264
i 1461 	 3840 	 4384 	 3088
i 367 	 4828 	 333 	 2361
i 1465 	 4293 	 4864 	 4409
i 196 	 1871 	 1016 	 3086
i 193 	 2838 	 35 	 4595
i 558 	 4196 	 1117 	 2207
i 445 	 2546 	 874 	 4280
i 1342 	 3059 	 4535 	 2014
i 758 	 3920 	 102 	 2812
i 1499 	 426 	 173 	 2414
i 1883 	 37 	 1824 	 204
i 758 	 2830 	 3280 	 2378
i 265 	 3306 	 1973 	 2058
i 1000 	 3080 	 4255 	 3611
i 249 	 130 	 2891 	 3975
i 1271 	 2427 	 989 	 80
i 537 	 1081 	 2882 	 96
i 597 	 3045 	 2501 	 1207
i 1228 	 4315 	 1401 	 4962
i 856 	 4672 	 2340 	 2803
i 1191 	 4303 	 4851 	 483
i 952 	 4107 	 4084 	 3001
i 1690 	 1976 	 1976 	 2407
i 1757 	 2956 	 2477 	 741
i 1611 	 360 	 827 	 526
i 1357 	 3318 	 1724 	 1469
i 1052 	 3115 	 1431 	 4768
i 1114 	 3762 	 2572 	 768
i 1225 	 2424 	 1241 	 450
i 611 	 326 	 3441 	 759
i 915 	 418 	 3157 	 1686
i 1345 	 635 	 2417 	 2393
i 392 	 3234 	 2910 	 4371
i 619 	 4624 	 840 	 4177
i 1095 	 2262 	 3945 	 528
i 408 	 1518 	 1286 	 4080
i 1572 	 2518 	 4520 	 465
i 1132 	 2961 	 1215 	 127
i 1347 	 4362 	 1803 	 1735
i 1995 	 4210 	 4118 	 973
i 977 	 2028 	 345 	 3988
i 659 	 1176 	 3165 	 4382
i 1370 	 2111 	 4901 	 4443
i 1447 	 1188 	 3523 	 2553
i 1478 	 3044 	 3008 	 1531
i 400 	 4213 	 1648 	 4366
i 1429 	 3441 	 1101 	 3564
i 1059 	 219 	 4528 	 97
i 894 	 4863 	 4075 	 3881
i 414 	 2240 	 3264 	 4459
i 1736 	 3165 	 3902 	 2962
i 1737 	 2426 	 515 	 3040
i 186 	 3513 	 4561 	 1466
i 1090 	 1209 	 832 	 1303
i 1856 	 1923 	 4858 	 2293
i 852 	 4386 	 2380 	 4362
i 1700 	 1455 	 3243 	 291
i 1474 	 1507 	 4740 	 3028
i 1865 	 3643 	 991 	 4006
i 426 	 1496 	 2046 	 1530
i 2 	 1608 	 2986 	 2727
i 1122 	 3809 	 4021 	 2449
i 291 	 3880 	 4732 	 2856
i 1306 	 2112 	 2218 	 2518
i 1422 	 462 	 2799 	 2245
i 782 	 2539 	 274 	 1622
i 471 	 1255 	 629 	 2242
i 1095 	 2665 	 3762 	 2741
i 1705 	 1749 	 469 	 2071
i 221 	 4481 	 4510 	 1281
i 1343 	 4242 	 4127 	 1628
i 540 	 1346 	 4136 	 4903
i 718 	 1936 	 2148 	 3747
i 1786 	 2413 	 370 	 649
i 1462 	 989 	 2881 	 1399
i 1457 	 1644 	 4131 	 2908
i 1352 	 4590 	 4970 	 3932
i 1628 	 4480 	 213 	 2433
i 1488 	 4331 	 4052 	 78
i 269 	 3189 	 4972 	 2466
i 48 	 2121 	 1214 	 4581
i 1809 	 1574 	 230 	 3182
i 1020 	 3102 	 4572 	 1199
i 1894 	 3703 	 4097 	 3120
i 1317 	 4068 	 2053 	 2366
i 1418 	 2257 	 4790 	 2272
i 634 	 3842 	 2341 	 2256
i 811 	 2314 	 4712 	 2147
i 1770 	 926 	 1729 	 3950
i 995 	 1950 	 2133 	 45
i 19 	 1706 	 1234 	 4779
i 162 	 332 	 2900 	 3695
i 1755 	 4944 	 1062 	 2939
i 879 	 852 	 211 	 3780
i 1874 	 2543 	 1036 	 1717
i 1938 	 749 	 3854 	 4273
i 665 	 584 	 3224 	 4147
i 1008 	 358 	 4182 	 2567
i 820 	 416 	 2346 	 2455
i 293 	 247 	 1150 	 129
i 74 	 2202 	 3058 	 2383
i 1217 	 3260 	 1163 	 2730
i 319 	 2190 	 4437 	 650
i 1171 	 3292 	 4914 	 4586
i 1546 	 3138 	 3733 	 1391
i 1394 	 2916 	 3948 	 541
i 1328 	 1295 	 2986 	 4052
i 611 	 4126 	 4171 	 1715
i 530 	 2230 	 4088 	 4364
i 194 	 251 	 2095 	 1284
i 971 	 1533 	 1925 	 362
i 1926 	 1839 	 4938 	 3682
i 1987 	 3671 	 74 	 3454
i 633 	 4012 	 3985 	 4900
i 121 	 1971 	 3952 	 1830
i 437 	 3124 	 3536 	 2417
i 140 	 2624 	 1782 	 836
i 1145 	 3867 	 2110 	 298
i 158 	 4025 	 650 	 216
i 344 	 588 	 3888 	 833
i 1699 	 3952 	 4277 	 838
i 1185 	 3263 	 738 	 3263
i 92 	 4681 	 94 	 1323
i 1121 	 3620 	 3731 	 3151
i 496 	 513 	 3977 	 4101
i 1748 	 1088 	 4390 	 4761
i 43 	 40 	 4967 	 969
i 246 	 3856 	 1792 	 4860
i 1122 	 1069 	 698 	 774
i 1728 	 1427 	 4027 	 4548
i 442 	 4112 	 871 	 3905
i 1092 	 4592 	 2057 	 3967
i 40 	 1035 	 3068 	 4467
i 844 	 2458 	 4228 	 2217
i 994 	 4195 	 3177 	 3099
c c
W 1010
c end of file

