c Instance Type k
c
n 400
c w	 v1	 v2
i 245	 812 	 190 
i 468	 354 	 547 
i 964	 802 	 210 
i 28	 623 	 310 
i 465	 358 	 548 
i 849	 234 	 780 
i 884	 611 	 354 
i 176	 239 	 789 
i 741	 431 	 630 
i 196	 722 	 361 
i 477	 967 	 97 
i 991	 436 	 480 
i 2	 401 	 676 
i 565	 428 	 573 
i 738	 893 	 180 
i 776	 743 	 176 
i 350	 628 	 414 
i 683	 804 	 286 
i 328	 545 	 431 
i 139	 740 	 180 
i 59	 218 	 696 
i 791	 209 	 792 
i 877	 211 	 871 
i 766	 776 	 191 
i 278	 514 	 432 
i 149	 291 	 804 
i 253	 640 	 380 
i 967	 323 	 658 
i 920	 651 	 439 
i 306	 789 	 249 
i 414	 847 	 235 
i 489	 638 	 285 
i 1	 516 	 449 
i 911	 282 	 638 
i 252	 560 	 463 
i 486	 708 	 374 
i 463	 960 	 77 
i 68	 927 	 151 
i 477	 848 	 156 
i 431	 155 	 807 
i 125	 568 	 363 
i 37	 57 	 968 
i 157	 57 	 892 
i 488	 968 	 78 
i 595	 221 	 709 
i 217	 706 	 367 
i 130	 170 	 895 
i 681	 238 	 812 
i 557	 714 	 306 
i 83	 145 	 906 
i 398	 270 	 694 
i 561	 306 	 669 
i 362	 462 	 525 
i 679	 950 	 60 
i 277	 546 	 479 
i 435	 762 	 204 
i 301	 891 	 109 
i 128	 573 	 474 
i 881	 130 	 860 
i 485	 213 	 806 
i 242	 611 	 462 
i 566	 172 	 762 
i 947	 534 	 493 
i 386	 213 	 804 
i 792	 490 	 435 
i 420	 924 	 157 
i 753	 226 	 831 
i 257	 354 	 617 
i 997	 235 	 762 
i 453	 720 	 320 
i 53	 961 	 43 
i 922	 528 	 468 
i 99	 476 	 427 
i 736	 861 	 84 
i 325	 654 	 390 
i 459	 75 	 938 
i 355	 827 	 247 
i 144	 85 	 856 
i 505	 82 	 901 
i 996	 534 	 401 
i 700	 587 	 340 
i 16	 510 	 523 
i 503	 608 	 320 
i 523	 345 	 555 
i 756	 670 	 362 
i 479	 129 	 918 
i 128	 484 	 528 
i 2	 627 	 402 
i 229	 132 	 913 
i 691	 128 	 824 
i 873	 828 	 242 
i 17	 843 	 128 
i 688	 347 	 746 
i 835	 869 	 93 
i 845	 626 	 470 
i 509	 106 	 815 
i 247	 233 	 785 
i 811	 234 	 709 
i 461	 463 	 507 
i 192	 154 	 842 
i 456	 27 	 911 
i 308	 44 	 877 
i 669	 732 	 267 
i 638	 568 	 405 
i 952	 413 	 686 
i 936	 921 	 18 
i 50	 168 	 798 
i 645	 979 	 68 
i 868	 440 	 465 
i 224	 631 	 305 
i 706	 88 	 851 
i 18	 396 	 554 
i 172	 65 	 998 
i 672	 702 	 308 
i 43	 655 	 438 
i 40	 591 	 486 
i 142	 641 	 269 
i 477	 287 	 619 
i 46	 156 	 838 
i 78	 379 	 541 
i 263	 86 	 849 
i 475	 103 	 914 
i 730	 274 	 756 
i 718	 946 	 55 
i 275	 989 	 1 
i 244	 30 	 948 
i 134	 171 	 777 
i 192	 647 	 359 
i 229	 693 	 344 
i 706	 770 	 142 
i 815	 33 	 886 
i 12	 508 	 442 
i 603	 238 	 767 
i 260	 956 	 68 
i 618	 232 	 760 
i 632	 475 	 523 
i 238	 609 	 423 
i 484	 800 	 161 
i 17	 30 	 869 
i 703	 735 	 319 
i 770	 550 	 511 
i 922	 562 	 400 
i 177	 165 	 845 
i 705	 425 	 576 
i 181	 43 	 962 
i 645	 675 	 267 
i 140	 912 	 155 
i 804	 396 	 628 
i 117	 412 	 618 
i 122	 116 	 861 
i 896	 886 	 202 
i 705	 808 	 192 
i 21	 985 	 76 
i 575	 690 	 227 
i 86	 871 	 55 
i 828	 517 	 544 
i 46	 656 	 388 
i 871	 461 	 461 
i 497	 577 	 428 
i 153	 698 	 331 
i 544	 595 	 411 
i 485	 301 	 666 
i 988	 321 	 643 
i 656	 896 	 6 
i 749	 981 	 105 
i 884	 809 	 171 
i 695	 854 	 57 
i 418	 725 	 278 
i 537	 223 	 695 
i 69	 376 	 683 
i 716	 920 	 70 
i 250	 406 	 632 
i 592	 394 	 507 
i 919	 51 	 986 
i 937	 799 	 279 
i 826	 684 	 356 
i 232	 379 	 631 
i 293	 796 	 159 
i 815	 334 	 666 
i 914	 402 	 674 
i 712	 119 	 941 
i 105	 369 	 571 
i 798	 961 	 83 
i 813	 880 	 150 
i 723	 818 	 171 
i 615	 645 	 281 
i 317	 876 	 126 
i 873	 170 	 791 
i 155	 984 	 74 
i 660	 899 	 9 
i 541	 611 	 321 
i 342	 715 	 291 
i 549	 514 	 484 
i 151	 327 	 647 
i 802	 50 	 878 
i 254	 665 	 402 
i 389	 982 	 84 
i 902	 855 	 221 
i 213	 11 	 985 
i 857	 670 	 383 
i 903	 212 	 763 
i 68	 554 	 363 
i 601	 103 	 918 
i 95	 253 	 833 
i 470	 56 	 997 
i 663	 309 	 720 
i 501	 697 	 329 
i 216	 600 	 397 
i 101	 813 	 186 
i 969	 670 	 262 
i 737	 573 	 402 
i 117	 640 	 446 
i 211	 241 	 665 
i 818	 336 	 621 
i 753	 805 	 163 
i 737	 469 	 561 
i 388	 970 	 45 
i 21	 187 	 903 
i 509	 287 	 765 
i 8	 256 	 730 
i 176	 993 	 0 
i 556	 110 	 919 
i 490	 320 	 757 
i 526	 139 	 805 
i 816	 891 	 14 
i 162	 629 	 370 
i 815	 18 	 936 
i 167	 38 	 952 
i 118	 546 	 542 
i 881	 553 	 386 
i 316	 729 	 208 
i 324	 285 	 674 
i 971	 775 	 249 
i 860	 301 	 751 
i 86	 118 	 912 
i 117	 279 	 676 
i 616	 94 	 863 
i 87	 260 	 706 
i 742	 378 	 698 
i 685	 260 	 726 
i 884	 576 	 356 
i 77	 899 	 90 
i 380	 870 	 74 
i 3	 731 	 273 
i 763	 816 	 212 
i 416	 932 	 155 
i 698	 549 	 353 
i 998	 635 	 319 
i 335	 378 	 652 
i 219	 63 	 985 
i 655	 947 	 75 
i 821	 25 	 923 
i 272	 404 	 547 
i 497	 406 	 692 
i 25	 170 	 891 
i 669	 586 	 461 
i 592	 285 	 672 
i 609	 283 	 801 
i 886	 618 	 341 
i 541	 836 	 136 
i 455	 492 	 469 
i 945	 313 	 653 
i 335	 584 	 463 
i 595	 82 	 843 
i 586	 107 	 855 
i 393	 775 	 305 
i 134	 367 	 569 
i 422	 975 	 58 
i 346	 861 	 55 
i 648	 403 	 681 
i 13	 858 	 124 
i 325	 803 	 242 
i 661	 139 	 822 
i 402	 733 	 245 
i 549	 319 	 680 
i 865	 712 	 242 
i 767	 845 	 182 
i 953	 268 	 755 
i 422	 614 	 381 
i 509	 262 	 814 
i 431	 275 	 772 
i 845	 599 	 409 
i 573	 261 	 774 
i 884	 663 	 319 
i 278	 212 	 834 
i 777	 78 	 900 
i 52	 844 	 113 
i 694	 798 	 213 
i 311	 221 	 712 
i 790	 729 	 257 
i 672	 161 	 880 
i 412	 7 	 925 
i 955	 579 	 434 
i 637	 463 	 482 
i 52	 741 	 247 
i 785	 518 	 486 
i 232	 570 	 402 
i 523	 264 	 668 
i 83	 575 	 401 
i 256	 366 	 556 
i 692	 39 	 898 
i 402	 451 	 504 
i 711	 406 	 666 
i 282	 44 	 902 
i 516	 95 	 816 
i 961	 880 	 136 
i 484	 113 	 816 
i 851	 636 	 346 
i 18	 718 	 380 
i 404	 974 	 45 
i 519	 666 	 312 
i 795	 69 	 973 
i 78	 780 	 169 
i 939	 63 	 884 
i 265	 578 	 399 
i 330	 540 	 413 
i 913	 24 	 922 
i 68	 875 	 27 
i 485	 892 	 155 
i 477	 296 	 746 
i 834	 815 	 160 
i 230	 610 	 378 
i 77	 688 	 256 
i 329	 627 	 330 
i 625	 892 	 181 
i 16	 223 	 758 
i 287	 136 	 849 
i 670	 204 	 756 
i 690	 688 	 251 
i 428	 165 	 833 
i 141	 999 	 31 
i 520	 229 	 855 
i 967	 306 	 715 
i 196	 635 	 311 
i 486	 260 	 664 
i 355	 275 	 694 
i 762	 562 	 434 
i 195	 233 	 804 
i 502	 922 	 67 
i 701	 351 	 657 
i 197	 492 	 515 
i 508	 12 	 974 
i 429	 979 	 9 
i 38	 175 	 867 
i 275	 661 	 433 
i 404	 16 	 911 
i 754	 778 	 283 
i 242	 972 	 5 
i 932	 474 	 618 
i 311	 176 	 786 
i 854	 373 	 688 
i 396	 880 	 183 
i 168	 310 	 749 
i 245	 347 	 747 
i 957	 622 	 404 
i 928	 26 	 955 
i 176	 780 	 205 
i 984	 22 	 926 
i 26	 954 	 127 
i 990	 265 	 644 
i 306	 120 	 864 
i 113	 516 	 444 
i 931	 683 	 339 
i 730	 928 	 165 
i 703	 885 	 131 
i 338	 814 	 207 
i 987	 989 	 43 
i 416	 974 	 51 
i 817	 999 	 36 
i 693	 990 	 69 
i 744	 296 	 753 
i 169	 409 	 543 
i 474	 340 	 749 
i 88	 71 	 978 
i 50	 773 	 279 
i 633	 112 	 903 
i 242	 99 	 913 
i 631	 515 	 492 
i 43	 333 	 674 
i 408	 27 	 939 
i 39	 771 	 294 
i 788	 939 	 37 
i 54	 414 	 600 
i 2	 501 	 527 
i 879	 551 	 432 
i 642	 184 	 821 
i 220	 425 	 600 
i 786	 57 	 864 
i 327	 99 	 895 
i 868	 506 	 494 
i 399	 544 	 410 
i 226	 332 	 609 
i 461	 385 	 640 
i 37	 387 	 537 
i 682	 267 	 768 
i 102	 908 	 165 
i 631	 128 	 828 
i 260	 914 	 64 
i 405	 242 	 745 
i 881	 110 	 979 
c
c
W 96238
c end of file